1457022374508,996.8821
1457022374538,996.8821
1457022374568,996.8821
1457022374597,996.8821
1457022374627,996.8821
1457022374687,996.8821
1457022374717,996.8821
1457022374747,996.8821
1457022374777,996.8821
1457022374807,996.8821
1457022374837,996.8821
1457022374868,996.8821
1457022374897,996.8821
1457022374926,996.8821
1457022374988,996.8821
1457022375016,996.8821
1457022375046,996.8821
1457022375076,996.8821
1457022375106,996.8821
1457022375136,996.8821
1457022375166,996.8821
1457022375196,996.8821
1457022375256,996.8821
1457022375286,996.8821
1457022375316,996.8821
1457022375346,996.8821
1457022375375,996.8821
1457022375406,996.8821
1457022375436,996.8821
1457022375465,996.8821
1457022375526,996.88275
1457022375556,996.8921
1457022375586,996.8921
1457022375616,996.8921
1457022375646,996.8866
1457022375676,996.8821
1457022375706,996.8821
1457022375736,996.8821
1457022375798,996.8821
1457022375826,996.8821
1457022375856,996.8821
1457022375886,996.8821
1457022375916,996.8821
1457022375946,996.8821
1457022375975,996.8821
1457022376004,996.8821
1457022376072,996.8821
1457022376094,996.8821
1457022376124,996.8821
1457022376154,996.8821
1457022376184,996.8821
1457022376217,996.8821
1457022376244,996.8821
1457022376274,996.8821
1457022376303,996.8919
1457022376365,996.8921
1457022376393,996.8921
1457022376423,996.8921
1457022376454,996.8921
1457022376485,996.8921
1457022376514,996.8992
1457022376543,996.9021
1457022376573,996.8926
1457022376634,996.8921
1457022376663,996.8921
1457022376693,996.8921
1457022376723,996.8921
1457022376753,996.8921
1457022376783,996.8921
1457022376812,996.8921
1457022376842,996.8921
1457022376902,996.8921
1457022376932,996.8921
1457022376963,996.8921
1457022376992,996.8921
1457022377022,996.8921
1457022377052,996.8921
1457022377082,996.89984
1457022377112,996.9021
1457022377172,996.9021
1457022377205,996.9021
1457022377232,996.8995
1457022377261,996.8921
1457022377291,996.8921
1457022377321,996.8921
1457022377350,996.8996
1457022377393,996.9021
1457022377410,996.9021
1457022377470,996.9021
1457022377500,996.9021
1457022377531,996.9021
1457022377563,996.9021
1457022377591,996.9021
1457022377622,996.9021
1457022377654,996.9021
1457022377681,996.9021
1457022377743,996.9021
1457022377783,996.9021
1457022377801,996.9021
1457022377831,996.9021
1457022377862,996.9021
1457022377892,996.9021
1457022377922,996.9021
1457022377974,996.89264
1457022378009,996.8927
1457022378039,996.9021
1457022378080,996.9021
1457022378098,996.9021
1457022378128,996.9021
1457022378158,996.9021
1457022378190,996.9021
1457022378219,996.9021
1457022378280,996.9021
1457022378309,996.9021
1457022378342,996.9021
1457022378369,996.9021
1457022378399,996.9021
1457022378428,996.9021
1457022378466,996.9021
1457022378499,996.9021
1457022378549,996.9021
1457022378578,996.9021
1457022378608,996.9021
1457022378637,996.9021
1457022378667,996.9021
1457022378697,996.9021
1457022378727,996.9021
1457022378757,996.9021
1457022378833,996.9021
1457022378848,996.9021
1457022378879,996.9021
1457022378909,996.9021
1457022378937,996.9021
1457022378967,996.9021
1457022378996,996.9021
1457022379026,996.9021
1457022379078,996.9116
1457022379119,996.9121
1457022379149,996.9121
1457022379179,996.9089
1457022379209,996.9021
1457022379239,996.9021
1457022379272,996.9021
1457022379300,996.9021
1457022379332,996.9021
1457022379392,996.9021
1457022379422,996.9021
1457022379448,996.9021
1457022379513,996.9021
1457022379514,996.9021
1457022379535,996.9021
1457022379565,996.9021
1457022379596,996.9021
1457022379656,996.9121
1457022379685,996.9121
1457022379719,996.9121
1457022379748,996.9121
1457022379778,996.907
1457022379811,996.9021
1457022379837,996.9021
1457022379868,996.9021
1457022379906,996.9021
1457022379966,996.9033
1457022379993,996.9121
1457022380014,996.90845
1457022380044,996.9021
1457022380074,996.9021
1457022380104,996.9021
1457022380135,996.9021
1457022380164,996.9118
1457022380224,996.9121
1457022380254,996.9121
1457022380286,996.9121
1457022380319,996.9121
1457022380344,996.9121
1457022380376,996.9121
1457022380407,996.9121
1457022380433,996.9121
1457022380492,996.9121
1457022380523,996.9121
1457022380553,996.90894
1457022380584,996.9021
1457022380614,996.9021
1457022380645,996.9021
1457022380675,996.9021
1457022380704,996.9021
1457022380765,996.9021
1457022380795,996.9021
1457022380825,996.9049
1457022380855,996.9121
1457022380884,996.9121
1457022380915,996.9121
1457022380944,996.90436
1457022380980,996.9021
1457022381032,996.9021
1457022381062,996.9021
1457022381092,996.9021
1457022381123,996.9021
1457022381152,996.9021
1457022381182,996.9021
1457022381212,996.9021
1457022381242,996.9021
1457022381272,996.9021
1457022381331,996.9021
1457022381362,996.9021
1457022381391,996.9021
1457022381421,996.9021
1457022381452,996.9021
1457022381481,996.9021
1457022381511,996.9021
1457022381542,996.9021
1457022381603,996.9021
1457022381631,996.9021
1457022381662,996.8988
1457022381692,996.8921
1457022381722,996.8921
1457022381752,996.8921
1457022381782,996.8921
1457022381812,996.8921
1457022381873,996.9021
1457022381902,996.9021
1457022381932,996.9021
1457022381962,996.9021
1457022382016,996.9021
1457022382022,996.9021
1457022382049,996.9021
1457022382079,996.9021
1457022382140,996.9021
1457022382170,996.9021
1457022382199,996.9021
1457022382229,996.9021
1457022382260,996.9021
1457022382290,996.9021
1457022382323,996.90967
1457022382350,996.9121
1457022382412,996.9121
1457022382446,996.9109
1457022382479,996.9021
1457022382501,996.90576
1457022382528,996.9121
1457022382558,996.906
1457022382588,996.9021
1457022382617,996.9021
1457022382647,996.9118
1457022382707,996.9121
1457022382737,996.9121
1457022382768,996.9087
1457022382798,996.9021
1457022382827,996.9079
1457022382857,996.9121
1457022382887,996.9038
1457022382917,996.9021
1457022382980,996.9121
1457022383007,996.9121
1457022383037,996.9121
1457022383068,996.9121
1457022383097,996.9121
1457022383127,996.9121
1457022383157,996.9121
1457022383187,996.9121
1457022383247,996.9121
1457022383277,996.9121
1457022383307,996.9121
1457022383336,996.9121
1457022383366,996.9121
1457022383396,996.9121
1457022383427,996.9121
1457022383456,996.9121
1457022383516,996.9121
1457022383546,996.91345
1457022383576,996.92206
1457022383606,996.9183
1457022383635,996.9121
1457022383666,996.9121
1457022383695,996.9121
1457022383725,996.9121
1457022383755,996.9121
1457022383816,996.9121
1457022383846,996.9121
1457022383876,996.9121
1457022383906,996.9121
1457022383936,996.9121
1457022383967,996.9121
1457022383997,996.9205
1457022384026,996.92206
1457022384100,996.92206
1457022384114,996.92206
1457022384144,996.92206
1457022384175,996.92206
1457022384206,996.92206
1457022384235,996.92206
1457022384265,996.92206
1457022384295,996.92206
1457022384355,996.9121
1457022384385,996.9121
1457022384414,996.9121
1457022384444,996.9121
1457022384473,996.9121
1457022384505,996.9121
1457022384535,996.9121
1457022384566,996.9121
1457022384625,996.9021
1457022384655,996.9036
1457022384684,996.9121
1457022384714,996.9121
1457022384744,996.9121
1457022384774,996.9121
1457022384803,996.9121
1457022384833,996.9121
1457022384893,996.9121
1457022384923,996.9108
1457022384952,996.9021
1457022384983,996.9021
1457022385012,996.9021
1457022385042,996.9021
1457022385073,996.9021
1457022385102,996.9021
1457022385132,996.9021
1457022385192,996.9021
1457022385222,996.9021
1457022385252,996.9021
1457022385282,996.9021
1457022385312,996.9021
1457022385342,996.9021
1457022385372,996.9021
1457022385401,996.9021
1457022385461,996.9021
1457022385491,996.9021
1457022385521,996.9021
1457022385551,996.9021
1457022385581,996.9021
1457022385611,996.9021
1457022385660,996.9101
1457022385674,996.9121
1457022385731,996.9121
1457022385762,996.9121
1457022385793,996.9121
1457022385820,996.9121
1457022385851,996.9121
1457022385881,996.9121
1457022385912,996.9121
1457022385940,996.9121
1457022386013,996.9121
1457022386031,996.9121
1457022386061,996.9121
1457022386093,996.9121
1457022386121,996.9121
1457022386153,996.9121
1457022386183,996.9121
1457022386211,996.9208
1457022386242,996.92206
1457022386307,996.9209
1457022386331,996.9121
1457022386361,996.9121
1457022386392,996.9121
1457022386421,996.9181
1457022386459,996.92206
1457022386479,996.9136
1457022386510,996.9121
1457022386568,996.9121
1457022386599,996.9121
1457022386631,996.9121
1457022386660,996.9121
1457022386689,996.9121
1457022386721,996.9121
1457022386751,996.9121
1457022386780,996.9121
1457022386844,996.9121
1457022386873,996.9121
1457022386905,996.9121
1457022386933,996.9121
1457022386959,996.9121
1457022386990,996.9121
1457022387044,996.9121
1457022387050,996.9121
1457022387107,996.9121
1457022387139,996.9121
1457022387170,996.9121
1457022387200,996.9121
1457022387227,996.9121
1457022387259,996.9121
1457022387289,996.9121
1457022387319,996.921
1457022387383,996.92206
1457022387413,996.92206
1457022387438,996.92206
1457022387468,996.9182
1457022387518,996.9121
1457022387542,996.91833
1457022387558,996.92206
1457022387623,996.9133
1457022387626,996.9121
1457022387677,996.9121
1457022387709,996.9121
1457022387737,996.9121
1457022387768,996.9121
1457022387798,996.9121
1457022387827,996.9121
1457022387858,996.9121
1457022387889,996.9121
1457022387948,996.9121
1457022387979,996.9121
1457022388032,996.9121
1457022388034,996.9075
1457022388064,996.9021
1457022388094,996.9021
1457022388126,996.9021
1457022388154,996.9021
1457022388216,996.9021
1457022388247,996.9021
1457022388280,996.9021
1457022388308,996.9021
1457022388340,996.9021
1457022388366,996.9021
1457022388397,996.9021
1457022388427,996.9021
1457022388485,996.9021
1457022388535,996.9021
1457022388543,996.9021
1457022388573,996.9021
1457022388602,996.9021
1457022388636,996.9021
1457022388666,996.9021
1457022388695,996.89307
1457022388753,996.8921
1457022388785,996.8921
1457022388815,996.8921
1457022388852,996.896
1457022388874,996.9021
1457022388904,996.9021
1457022388934,996.9021
1457022388969,996.9021
1457022388994,996.9021
1457022389069,996.9021
1457022389081,996.90454
1457022389115,996.9121
1457022389145,996.9121
1457022389174,996.9121
1457022389203,996.9121
1457022389233,996.90356
1457022389262,996.9021
1457022389322,996.9121
1457022389351,996.9099
1457022389383,996.9021
1457022389411,996.9021
1457022389442,996.9021
1457022389502,996.9021
1457022389503,996.9021
1457022389531,996.9021
1457022389590,996.9021
1457022389624,996.9021
1457022389653,996.9021
1457022389682,996.9021
1457022389714,996.9021
1457022389742,996.9021
1457022389772,996.9021
1457022389803,996.9021
1457022389862,996.9021
1457022389891,996.9021
1457022389921,996.9021
1457022389952,996.9021
1457022389982,996.9021
1457022390041,996.9021
1457022390041,996.9021
1457022390068,996.9021
1457022390137,996.9021
1457022390161,996.9021
1457022390189,996.9021
1457022390219,996.9021
1457022390249,996.9021
1457022390279,996.9021
1457022390308,996.9021
1457022390342,996.9021
1457022390373,996.9021
1457022390433,996.9021
1457022390463,996.9021
1457022390488,996.9021
1457022390521,996.9069
1457022390548,996.9121
1457022390577,996.9048
1457022390609,996.9021
1457022390640,996.9021
1457022390701,996.9121
1457022390730,996.9121
1457022390761,996.9121
1457022390791,996.9121
1457022390821,996.9121
1457022390854,996.905
1457022390884,996.9021
1457022390914,996.91156
1457022390970,996.9121
1457022390999,996.9121
1457022391053,996.9121
1457022391056,996.9077
1457022391086,996.9021
1457022391116,996.9021
1457022391146,996.9021
1457022391176,996.9021
1457022391237,996.9021
1457022391273,996.9021
1457022391299,996.9021
1457022391329,996.9021
1457022391359,996.9021
1457022391389,996.9021
1457022391419,996.9021
1457022391449,996.9021
1457022391507,996.9021
1457022391548,996.9021
1457022391565,996.9021
1457022391595,996.9021
1457022391625,996.9021
1457022391655,996.9021
1457022391685,996.9021
1457022391715,996.8933
1457022391748,996.8921
1457022391807,996.8921
1457022391836,996.8921
1457022391871,996.8921
1457022391901,996.8921
1457022391926,996.8921
1457022391965,996.8921
1457022391987,996.8921
1457022392016,996.8921
1457022392074,996.8921
1457022392103,996.8921
1457022392133,996.8921
1457022392168,996.8921
1457022392199,996.8921
1457022392227,996.8921
1457022392257,996.8921
1457022392289,996.8921
1457022392348,996.8921
1457022392377,996.8921
1457022392408,996.8921
1457022392438,996.8921
1457022392468,996.8921
1457022392492,996.8921
1457022392530,996.8921
1457022392556,996.8921
1457022392613,996.8921
1457022392646,996.8921
1457022392674,996.8921
1457022392705,996.8921
1457022392733,996.8867
1457022392764,996.8821
1457022392798,996.8821
1457022392825,996.8911
1457022392885,996.89185
1457022392915,996.8821
1457022392945,996.88477
1457022392974,996.8921
1457022393004,996.8921
1457022393033,996.8921
1457022393089,996.8921
1457022393091,996.8921
1457022393120,996.8821
1457022393181,996.8821
1457022393211,996.8821
1457022393241,996.8821
1457022393271,996.8821
1457022393301,996.8821
1457022393331,996.8821
1457022393361,996.8821
1457022393390,996.8821
1457022393450,996.88306
1457022393482,996.8921
1457022393512,996.8921
1457022393542,996.88745
1457022393581,996.8821
1457022393599,996.8821
1457022393629,996.8821
1457022393665,996.8916
1457022393724,996.8921
1457022393750,996.8921
1457022393779,996.8921
1457022393809,996.8921
1457022393840,996.8921
1457022393870,996.8921
1457022393902,996.8921
1457022393932,996.8828
1457022393990,996.8821
1457022394021,996.8821
1457022394070,996.8821
1457022394078,996.8821
1457022394108,996.8821
1457022394140,996.8821
1457022394170,996.87427
1457022394200,996.8721
1457022394260,996.8721
1457022394288,996.8721
1457022394321,996.8721
1457022394351,996.8721
1457022394381,996.8721
1457022394411,996.8721
1457022394441,996.87964
1457022394471,996.8821
1457022394505,996.892
1457022394580,996.8921
1457022394589,996.8921
1457022394618,996.8921
1457022394649,996.8921
1457022394681,996.8921
1457022394710,996.8921
1457022394740,996.8921
1457022394773,996.8921
1457022394837,996.8911
1457022394860,996.8821
1457022394889,996.8821
1457022394919,996.8821
1457022394948,996.8821
1457022394977,996.8821
1457022395017,996.8821
1457022395039,996.8821
1457022395095,996.8821
1457022395125,996.8821
1457022395157,996.8821
1457022395186,996.8821
1457022395217,996.8821
1457022395245,996.8821
1457022395275,996.8821
1457022395308,996.8821
1457022395372,996.8821
1457022395397,996.8821
1457022395428,996.8792
1457022395458,996.8721
1457022395491,996.8721
1457022395571,996.8721
1457022395571,996.8721
1457022395575,996.8721
1457022395634,996.8721
1457022395664,996.8721
1457022395697,996.8721
1457022395724,996.8721
1457022395756,996.8721
1457022395786,996.8721
1457022395817,996.8721
1457022395847,996.8721
1457022395877,996.882
1457022395942,996.8821
1457022395967,996.8821
1457022395997,996.8821
1457022396025,996.8821
1457022396057,996.8821
1457022396110,996.8821
1457022396126,996.8821
1457022396143,996.8821
1457022396206,996.8821
1457022396238,996.8821
1457022396267,996.8787
1457022396298,996.8721
1457022396327,996.8779
1457022396358,996.8821
1457022396387,996.8903
1457022396418,996.8921
1457022396476,996.8921
1457022396506,996.8921
1457022396533,996.8921
1457022396564,996.8921
1457022396609,996.8921
1457022396629,996.8921
1457022396651,996.8921
1457022396681,996.8921
1457022396745,996.8921
1457022396775,996.8921
1457022396804,996.8949
1457022396838,996.9021
1457022396862,996.9021
1457022396894,996.9021
1457022396924,996.9021
1457022396952,996.9021
1457022397012,996.9121
1457022397043,996.9121
1457022397072,996.9121
1457022397102,996.9082
1457022397143,996.9021
1457022397161,996.9021
1457022397191,996.9021
1457022397223,996.9021
1457022397253,996.912
1457022397317,996.9121
1457022397342,996.9121
1457022397371,996.9121
1457022397403,996.9121
1457022397431,996.9121
1457022397463,996.9121
1457022397492,996.9121
1457022397521,996.9121
1457022397582,996.9121
1457022397627,996.9121
1457022397651,996.9154
1457022397669,996.92206
1457022397698,996.92206
1457022397732,996.92206
1457022397759,996.92206
1457022397789,996.92206
1457022397849,996.92206
1457022397879,996.92206
1457022397908,996.92206
1457022397939,996.92206
1457022397969,996.92206
1457022397999,996.92206
1457022398028,996.92206
1457022398058,996.92206
1457022398123,996.9121
1457022398147,996.9121
1457022398177,996.9121
1457022398211,996.9121
1457022398241,996.9121
1457022398269,996.9121
1457022398300,996.9121
1457022398331,996.9121
1457022398390,996.9121
1457022398420,996.9121
1457022398450,996.9121
1457022398480,996.9121
1457022398510,996.9121
1457022398550,996.9121
1457022398569,996.9121
1457022398625,996.9121
1457022398628,996.9121
1457022398686,996.91095
1457022398716,996.9021
1457022398747,996.9021
1457022398778,996.9021
1457022398806,996.9021
1457022398837,996.9021
1457022398868,996.9021
1457022398899,996.9021
1457022398962,996.9021
1457022398988,996.9021
1457022399017,996.90533
1457022399064,996.9121
1457022399078,996.9121
1457022399113,996.9121
1457022399138,996.9121
1457022399220,996.9121
1457022399225,996.9121
1457022399255,996.9139
1457022399286,996.92206
1457022399315,996.92206
1457022399345,996.92206
1457022399375,996.92206
1457022399408,996.92206
1457022399438,996.92206
1457022399500,996.93207
1457022399526,996.93207
1457022399556,996.93207
1457022399587,996.93207
1457022399617,996.93207
1457022399660,996.93207
1457022399688,996.93207
1457022399705,996.93207
1457022399767,996.92206
1457022399799,996.92206
1457022399827,996.92206
1457022399859,996.91833
1457022399887,996.9121
1457022399917,996.9121
1457022399947,996.9121
1457022399978,996.9121
1457022400008,996.9121
1457022400068,996.9121
1457022400097,996.9121
1457022400124,996.9121
1457022400152,996.9121
1457022400182,996.9061
1457022400214,996.9021
1457022400243,996.91046
1457022400320,996.9121
1457022400349,996.9021
1457022400362,996.9021
1457022400393,996.9021
1457022400425,996.9021
1457022400456,996.9078
1457022400485,996.9121
1457022400514,996.9121
1457022400543,996.9121
1457022400605,996.9121
1457022400632,996.9121
1457022400673,996.9121
1457022400693,996.90784
1457022400722,996.9021
1457022400753,996.9021
1457022400794,996.9021
1457022400813,996.9021
1457022400872,996.9021
1457022400903,996.9021
1457022400949,996.9021
1457022400962,996.9021
1457022400993,996.9021
1457022401022,996.9021
1457022401053,996.9021
1457022401081,996.9021
1457022401141,996.9021
1457022401177,996.9021
1457022401199,996.9021
1457022401229,996.9021
1457022401262,996.9021
1457022401289,996.9021
1457022401319,996.9021
1457022401352,996.9021
1457022401379,996.9021
1457022401440,996.9021
1457022401469,996.9021
1457022401500,996.9021
1457022401529,996.9021
1457022401562,996.8961
1457022401591,996.8921
1457022401689,996.9005
1457022401689,996.9021
1457022401708,996.9021
1457022401738,996.9021
1457022401768,996.9021
1457022401801,996.9021
1457022401832,996.9021
1457022401861,996.9021
1457022401890,996.9021
1457022401920,996.9021
1457022401979,996.9021
1457022402009,996.9039
1457022402038,996.9121
1457022402069,996.9121
1457022402105,996.9121
1457022402133,996.9054
1457022402159,996.9021
1457022402190,996.9021
1457022402249,996.9021
1457022402276,996.9021
1457022402307,996.9021
1457022402338,996.9021
1457022402367,996.9021
1457022402397,996.9021
1457022402427,996.9021
1457022402457,996.9021
1457022402519,996.9021
1457022402548,996.9021
1457022402579,996.9021
1457022402608,996.9021
1457022402643,996.9021
1457022402673,996.9021
1457022402698,996.9021
1457022402763,996.9021
1457022402764,996.9021
1457022402816,996.9021
1457022402848,996.9021
1457022402877,996.9021
1457022402907,996.9021
1457022402937,996.9021
1457022402973,996.9021
1457022402997,996.8937
1457022403029,996.8921
1457022403087,996.8921
1457022403116,996.8921
1457022403147,996.8921
1457022403182,996.8921
1457022403206,996.8921
1457022403249,996.8921
1457022403267,996.8921
1457022403294,996.8921
1457022403354,996.8921
1457022403386,996.8921
1457022403416,996.8921
1457022403446,996.8921
1457022403476,996.8921
1457022403507,996.8921
1457022403536,996.8921
1457022403565,996.8921
1457022403630,996.8921
1457022403661,996.8921
1457022403687,996.8921
1457022403715,996.8921
1457022403754,996.8921
1457022403773,996.8857
1457022403803,996.8821
1457022403834,996.8821
1457022403893,996.8821
1457022403926,996.8821
1457022403956,996.8821
1457022403984,996.8821
1457022404015,996.8821
1457022404044,996.8821
1457022404075,996.8821
1457022404114,996.87354
1457022404134,996.8721
1457022404194,996.8721
1457022404235,996.8721
1457022404254,996.8721
1457022404283,996.8721
1457022404323,996.8721
1457022404344,996.8792
1457022404374,996.8821
1457022404404,996.8821
1457022404463,996.8821
1457022404494,996.8801
1457022404524,996.8721
1457022404553,996.8721
1457022404585,996.8721
1457022404613,996.8721
1457022404643,996.8721
1457022404717,996.8721
1457022404731,996.8721
1457022404760,996.8721
1457022404790,996.8721
1457022404824,996.8721
1457022404853,996.8721
1457022404882,996.8721
1457022404911,996.8721
1457022404943,996.8721
1457022405002,996.8721
1457022405032,996.8721
1457022405066,996.8748
1457022405092,996.8821
1457022405121,996.87695
1457022405151,996.8721
1457022405186,996.8721
1457022405211,996.8721
1457022405269,996.8721
1457022405299,996.8721
1457022405329,996.8721
1457022405359,996.8721
1457022405390,996.8721
1457022405419,996.8721
1457022405449,996.8721
1457022405479,996.8721
1457022405509,996.8721
1457022405576,996.8721
1457022405601,996.8721
1457022405631,996.8721
1457022405669,996.8721
1457022405691,996.8721
1457022405720,996.8721
1457022405750,996.8721
1457022405777,996.8721
1457022405838,996.87134
1457022405868,996.8621
1457022405898,996.8621
1457022405927,996.8621
1457022405961,996.8621
1457022405993,996.86896
1457022406021,996.8721
1457022406052,996.8721
1457022406111,996.8721
1457022406144,996.8721
1457022406169,996.8721
1457022406201,996.8721
1457022406229,996.8721
1457022406258,996.8655
1457022406288,996.8621
1457022406319,996.8621
1457022406380,996.8623
1457022406413,996.8721
1457022406440,996.86945
1457022406469,996.8621
1457022406503,996.8621
1457022406529,996.8621
1457022406558,996.8621
1457022406589,996.8621
1457022406619,996.8621
1457022406677,996.8621
1457022406709,996.8597
1457022406777,996.8521
1457022406777,996.8521
1457022406795,996.8521
1457022406825,996.8521
1457022406858,996.8521
1457022406887,996.8521
1457022406948,996.8521
1457022406977,996.8521
1457022407007,996.8521
1457022407038,996.8567
1457022407068,996.8621
1457022407098,996.8621
1457022407128,996.8621
1457022407162,996.8621
1457022407226,996.8621
1457022407246,996.8621
1457022407274,996.8652
1457022407304,996.8721
1457022407334,996.8721
1457022407367,996.8721
1457022407396,996.8721
1457022407426,996.8721
1457022407487,996.8721
1457022407516,996.8721
1457022407547,996.8721
1457022407577,996.8721
1457022407605,996.8721
1457022407639,996.8721
1457022407667,996.8721
1457022407696,996.8721
1457022407779,996.8721
1457022407786,996.8721
1457022407812,996.8695
1457022407842,996.8621
1457022407876,996.8621
1457022407906,996.8621
1457022407934,996.8621
1457022407963,996.8621
1457022407996,996.872
1457022408056,996.8721
1457022408083,996.8721
1457022408114,996.8721
1457022408148,996.8673
1457022408175,996.8621
1457022408206,996.8621
1457022408233,996.8621
1457022408289,996.87177
1457022408321,996.8721
1457022408351,996.8721
1457022408382,996.8721
1457022408414,996.8721
1457022408443,996.8721
1457022408473,996.8721
1457022408508,996.8721
1457022408534,996.8815
1457022408593,996.8815
1457022408623,996.8721
1457022408653,996.8721
1457022408683,996.8721
1457022408713,996.8721
1457022408742,996.8721
1457022408798,996.8721
1457022408800,996.8721
1457022408860,996.8721
1457022408891,996.8721
1457022408924,996.8721
1457022408954,996.8721
1457022408979,996.8721
1457022409012,996.8721
1457022409043,996.87976
1457022409073,996.8821
1457022409132,996.8821
1457022409163,996.8821
1457022409192,996.8821
1457022409221,996.8821
1457022409250,996.8821
1457022409290,996.8821
1457022409309,996.8821
1457022409339,996.8821
1457022409370,996.8821
1457022409429,996.8821
1457022409458,996.8821
1457022409489,996.8821
1457022409519,996.8821
1457022409548,996.8821
1457022409580,996.8821
1457022409610,996.8821
1457022409640,996.8821
1457022409701,996.8821
1457022409730,996.8821
1457022409761,996.8821
1457022409809,996.8821
1457022409817,996.8821
1457022409847,996.8821
1457022409880,996.8821
1457022409911,996.8915
1457022409971,996.8915
1457022410000,996.8821
1457022410027,996.8821
1457022410060,996.8821
1457022410089,996.8876
1457022410125,996.8921
1457022410150,996.8921
1457022410183,996.8921
1457022410242,996.8921
1457022410270,996.8921
1457022410307,996.8921
1457022410329,996.8921
1457022410359,996.8921
1457022410393,996.8921
1457022410418,996.8921
1457022410449,996.8921
1457022410510,996.8921
1457022410539,996.8921
1457022410569,996.8921
1457022410599,996.8921
1457022410629,996.8921
1457022410659,996.8921
1457022410687,996.8921
1457022410717,996.8921
1457022410761,996.8921
1457022410805,996.8921
1457022410835,996.8921
1457022410865,996.8921
1457022410895,996.8921
1457022410928,996.8921
1457022410958,996.8921
1457022410986,996.8921
1457022411018,996.8921
1457022411078,996.8921
1457022411108,996.8921
1457022411138,996.8921
1457022411168,996.8921
1457022411201,996.8921
1457022411226,996.8921
1457022411258,996.8921
1457022411312,996.8921
1457022411344,996.89154
1457022411373,996.8821
1457022411406,996.8821
1457022411435,996.8821
1457022411465,996.8821
1457022411497,996.8821
1457022411526,996.8821
1457022411556,996.8821
1457022411615,996.8921
1457022411647,996.8921
1457022411695,996.8921
1457022411706,996.8921
1457022411735,996.8921
1457022411765,996.8921
1457022411810,996.8921
1457022411829,996.8921
1457022411882,996.8921
1457022411917,996.8921
1457022411946,996.8921
1457022411977,996.8921
1457022412006,996.8921
1457022412037,996.8921
1457022412063,996.8921
1457022412094,996.8921
1457022412123,996.8921
1457022412185,996.89307
1457022412218,996.9021
1457022412243,996.8987
1457022412273,996.8921
1457022412319,996.89795
1457022412333,996.9021
1457022412361,996.8938
1457022412391,996.8921
1457022412452,996.8921
1457022412483,996.8921
1457022412512,996.8921
1457022412541,996.8921
1457022412574,996.8921
1457022412604,996.8921
1457022412633,996.8921
1457022412663,996.8921
1457022412722,996.8921
1457022412754,996.8921
1457022412781,996.8921
1457022412831,996.8921
1457022412842,996.8921
1457022412871,996.8921
1457022412903,996.8921
1457022412937,996.8921
1457022412997,996.8921
1457022413026,996.8921
1457022413053,996.8921
1457022413082,996.8921
1457022413112,996.8921
1457022413142,996.8921
1457022413177,996.8921
1457022413202,996.8921
1457022413232,996.8921
1457022413292,996.8921
1457022413327,996.8921
1457022413348,996.8921
1457022413378,996.8921
1457022413411,996.8921
1457022413438,996.8921
1457022413469,996.8921
1457022413499,996.8921
1457022413562,996.8921
1457022413595,996.8921
1457022413620,996.8921
1457022413658,996.8921
1457022413680,996.8863
1457022413710,996.8821
1457022413741,996.8821
1457022413800,996.8821
1457022413827,996.8821
1457022413857,996.8821
1457022413887,996.8821
1457022413921,996.8821
1457022413950,996.8821
1457022413980,996.8821
1457022414013,996.8741
1457022414039,996.8721
1457022414100,996.8721
1457022414139,996.8721
1457022414160,996.8721
1457022414188,996.8721
1457022414219,996.8721
1457022414250,996.8721
1457022414278,996.8721
1457022414309,996.8721
1457022414367,996.8821
1457022414403,996.8807
1457022414427,996.8721
1457022414458,996.8759
1457022414488,996.8821
1457022414518,996.8821
1457022414547,996.8821
1457022414579,996.8821
1457022414608,996.8821
1457022414669,996.8821
1457022414698,996.8821
1457022414729,996.8821
1457022414758,996.8821
1457022414787,996.8821
1457022414831,996.8821
1457022414846,996.8821
1457022414874,996.8821
1457022414935,996.8821
1457022414965,996.8821
1457022414994,996.88544
1457022415025,996.8921
1457022415058,996.8863
1457022415087,996.8821
1457022415117,996.8821
1457022415150,996.8821
1457022415211,996.8921
1457022415244,996.8921
1457022415267,996.8921
1457022415296,996.8921
1457022415352,996.8921
1457022415354,996.8921
1457022415385,996.88416
1457022415435,996.8821
1457022415477,996.8821
1457022415506,996.8821
1457022415536,996.8821
1457022415566,996.8821
1457022415596,996.8821
1457022415626,996.8821
1457022415660,996.8821
1457022415690,996.8821
1457022415746,996.8821
1457022415780,996.8821
1457022415806,996.8821
1457022415858,996.8821
1457022415864,996.8821
1457022415895,996.8821
1457022415925,996.8821
1457022415955,996.8821
1457022415989,996.8821
1457022416049,996.8721
1457022416075,996.8721
1457022416108,996.8756
1457022416138,996.8821
1457022416175,996.8821
1457022416198,996.8821
1457022416225,996.87366
1457022416258,996.8721
1457022416314,996.8721
1457022416373,996.87415
1457022416374,996.8821
1457022416402,996.8821
1457022416432,996.87634
1457022416468,996.8721
1457022416493,996.88025
1457022416523,996.8821
1457022416584,996.8821
1457022416613,996.8821
1457022416648,996.8821
1457022416674,996.8821
1457022416703,996.8821
1457022416737,996.8754
1457022416762,996.8721
1457022416831,996.8721
1457022416849,996.8721
1457022416880,996.8721
1457022416909,996.8721
1457022416943,996.8761
1457022416972,996.8821
1457022417003,996.8757
1457022417030,996.8721
1457022417061,996.8721
1457022417121,996.8721
1457022417150,996.8721
1457022417180,996.8721
1457022417210,996.8721
1457022417240,996.8721
1457022417270,996.8721
1457022417302,996.8721
1457022417330,996.8721
1457022417372,996.8721
1457022417421,996.8721
1457022417451,996.8721
1457022417481,996.8721
1457022417509,996.8721
1457022417542,996.8721
1457022417571,996.8721
1457022417604,996.8721
1457022417631,996.8721
1457022417691,996.8821
1457022417722,996.8821
1457022417751,996.8821
1457022417780,996.8821
1457022417810,996.8821
1457022417858,996.87524
1457022417875,996.8721
1457022417899,996.8721
1457022417959,996.8721
1457022417999,996.8721
1457022418020,996.8721
1457022418059,996.8721
1457022418080,996.8721
1457022418110,996.8721
1457022418143,996.8721
1457022418174,996.8721
1457022418234,996.8721
1457022418260,996.8721
1457022418293,996.8721
1457022418319,996.8721
1457022418374,996.8721
1457022418378,996.8721
1457022418407,996.8721
1457022418446,996.8721
1457022418472,996.8721
1457022418539,996.8721
1457022418557,996.8745
1457022418588,996.8821
1457022418619,996.8821
1457022418649,996.87604
1457022418679,996.8721
1457022418712,996.8721
1457022418739,996.8721
1457022418798,996.8721
1457022418827,996.87427
1457022418892,996.8821
1457022418893,996.8821
1457022418914,996.8821
1457022418944,996.8821
1457022418978,996.8821
1457022419010,996.8821
1457022419068,996.8821
1457022419098,996.8821
1457022419125,996.8821
1457022419156,996.88635
1457022419187,996.8921
1457022419217,996.8854
1457022419246,996.8821
1457022419277,996.8821
1457022419341,996.8821
1457022419367,996.88367
1457022419393,996.8921
1457022419423,996.8921
1457022419453,996.8921
1457022419488,996.8856
1457022419517,996.8821
1457022419544,996.8821
1457022419603,996.8821
1457022419633,996.8821
1457022419666,996.8821
1457022419701,996.8821
1457022419726,996.8821
1457022419759,996.8821
1457022419790,996.8821
1457022419814,996.89075
1457022419878,996.8921
1457022419903,996.8821
1457022419932,996.8821
1457022419962,996.8821
1457022419992,996.88684
1457022420038,996.8921
1457022420052,996.8921
1457022420081,996.8921
1457022420117,996.8921
1457022420173,996.8921
1457022420203,996.8921
1457022420232,996.8921
1457022420263,996.88763
1457022420293,996.8821
1457022420324,996.8821
1457022420354,996.8821
1457022420383,996.8821
1457022420443,996.8821
1457022420472,996.8804
1457022420509,996.8721
1457022420534,996.8721
1457022420569,996.8721
1457022420599,996.8721
1457022420624,996.8721
1457022420661,996.8721
1457022420714,996.8721
1457022420742,996.8721
1457022420774,996.8721
1457022420803,996.86816
1457022420837,996.8621
1457022420862,996.8621
1457022420906,996.8621
1457022420930,996.8621
1457022420979,996.86206
1457022421010,996.8521
1457022421040,996.8521
1457022421070,996.8521
1457022421100,996.8521
1457022421130,996.8521
1457022421160,996.8521
1457022421190,996.8521
1457022421219,996.8521
1457022421279,996.8521
1457022421310,996.8521
1457022421351,996.8521
1457022421372,996.8521
1457022421439,996.8521
1457022421439,996.8521
1457022421458,996.8521
1457022421488,996.8521
1457022421548,996.8521
1457022421583,996.854
1457022421613,996.8621
1457022421642,996.8621
1457022421673,996.8621
1457022421698,996.8621
1457022421728,996.8621
1457022421765,996.87134
1457022421825,996.8721
1457022421850,996.8721
1457022421879,996.8721
1457022421919,996.8721
1457022421940,996.8721
1457022421967,996.8721
1457022421997,996.8721
1457022422029,996.8721
1457022422088,996.8721
1457022422118,996.8721
1457022422149,996.8721
1457022422180,996.8721
1457022422208,996.8721
1457022422248,996.8721
1457022422270,996.8721
1457022422298,996.8721
1457022422327,996.8721
1457022422389,996.8721
1457022422424,996.86975
1457022422446,996.8621
1457022422476,996.8621
1457022422507,996.8621
1457022422536,996.8621
1457022422566,996.8621
1457022422596,996.8621
1457022422663,996.8621
1457022422688,996.8621
1457022422718,996.8621
1457022422751,996.8621
1457022422779,996.8621
1457022422809,996.8621
1457022422841,996.8621
1457022422868,996.8621
1457022422926,996.8627
1457022422955,996.8721
1457022422984,996.8721
1457022423016,996.86786
1457022423048,996.8621
1457022423078,996.8621
1457022423108,996.8621
1457022423136,996.8621
1457022423197,996.8621
1457022423232,996.8621
1457022423258,996.8621
1457022423286,996.8621
1457022423316,996.8621
1457022423350,996.8685
1457022423381,996.8721
1457022423407,996.8721
1457022423489,996.8721
1457022423493,996.8721
1457022423523,996.87463
1457022423556,996.8821
1457022423586,996.87714
1457022423614,996.8721
1457022423646,996.8721
1457022423676,996.8721
1457022423704,996.8721
1457022423767,996.8821
1457022423798,996.8798
1457022423829,996.8721
1457022423861,996.8721
1457022423885,996.8721
1457022423919,996.8721
1457022423959,996.8721
1457022423984,996.8721
1457022424034,996.8721
1457022424075,996.8721
1457022424095,996.8721
1457022424126,996.8721
1457022424163,996.8721
1457022424186,996.8721
1457022424214,996.8721
1457022424244,996.8721
1457022424302,996.8721
1457022424332,996.8721
1457022424365,996.8721
1457022424393,996.8721
1457022424423,996.8721
1457022424455,996.8721
1457022424489,996.8721
1457022424511,996.8721
1457022424573,996.8721
1457022424603,996.8721
1457022424631,996.8721
1457022424661,996.8721
1457022424691,996.8721
1457022424724,996.8721
1457022424753,996.8721
1457022424783,996.88086
1457022424813,996.8821
1457022424873,996.8721
1457022424908,996.8721
1457022424938,996.8721
1457022424979,996.8721
1457022424990,996.8721
1457022425020,996.8721
1457022425049,996.8721
1457022425082,996.8721
1457022425145,996.8721
1457022425173,996.8721
1457022425203,996.8721
1457022425233,996.8721
1457022425262,996.8721
1457022425290,996.8791
1457022425322,996.8821
1457022425352,996.8821
1457022425412,996.8821
1457022425441,996.8821
1457022425502,996.8821
1457022425502,996.8821
1457022425528,996.8821
1457022425559,996.8821
1457022425590,996.8821
1457022425619,996.8821
1457022425681,996.8821
1457022425710,996.8821
1457022425740,996.8821
1457022425771,996.8821
1457022425801,996.8821
1457022425831,996.8821
1457022425859,996.8821
1457022425891,996.8821
1457022425961,996.8821
1457022425977,996.8821
1457022426007,996.8796
1457022426037,996.8721
1457022426067,996.877
1457022426098,996.8821
1457022426129,996.8821
1457022426159,996.8821
1457022426189,996.8821
1457022426248,996.8821
1457022426288,996.8821
1457022426310,996.8821
1457022426339,996.8821
1457022426369,996.8821
1457022426404,996.8821
1457022426429,996.8821
1457022426459,996.8821
1457022426520,996.8821
1457022426549,996.8821
1457022426578,996.8821
1457022426608,996.8821
1457022426653,996.8821
1457022426668,996.8889
1457022426707,996.8921
1457022426728,996.8921
1457022426789,996.8921
1457022426818,996.8921
1457022426849,996.8921
1457022426879,996.8921
1457022426912,996.8921
1457022426937,996.8921
1457022426969,996.8921
1457022427003,996.8921
1457022427055,996.8921
1457022427086,996.8921
1457022427115,996.8921
1457022427147,996.8921
1457022427178,996.8921
1457022427206,996.8921
1457022427237,996.8845
1457022427267,996.8821
1457022427298,996.8821
1457022427360,996.8821
1457022427387,996.8821
1457022427421,996.8821
1457022427448,996.8821
1457022427477,996.8821
1457022427529,996.8821
1457022427534,996.8821
1457022427563,996.8821
1457022427624,996.8821
1457022427654,996.8821
1457022427685,996.8821
1457022427715,996.8821
1457022427744,996.8821
1457022427774,996.8821
1457022427804,996.8821
1457022427854,996.8821
1457022427893,996.8821
1457022427923,996.8821
1457022427954,996.8821
1457022427983,996.8821
1457022428012,996.8821
1457022428043,996.8821
1457022428075,996.8821
1457022428104,996.8913
1457022428165,996.8921
1457022428199,996.8921
1457022428225,996.8921
1457022428255,996.8921
1457022428290,996.8921
1457022428313,996.8921
1457022428345,996.8921
1457022428375,996.8921
1457022428434,996.8923
1457022428489,996.9021
1457022428491,996.9021
1457022428521,996.9021
1457022428551,996.9021
1457022428581,996.9021
1457022428611,996.9021
1457022428641,996.9021
1457022428671,996.9021
1457022428731,996.9021
1457022428761,996.9021
1457022428791,996.9021
1457022428821,996.8973
1457022428851,996.8921
1457022428881,996.8993
1457022428910,996.9021
1457022428940,996.89246
1457022429012,996.8921
1457022429037,996.8921
1457022429070,996.8921
1457022429091,996.8921
1457022429123,996.8921
1457022429151,996.8921
1457022429183,996.8921
1457022429211,996.8921
1457022429273,996.8921
1457022429302,996.8921
1457022429332,996.8921
1457022429361,996.8921
1457022429391,996.8921
1457022429421,996.8921
1457022429451,996.8921
1457022429481,996.8921
1457022429542,996.8917
1457022429570,996.8821
1457022429601,996.8821
1457022429632,996.8821
1457022429661,996.8821
1457022429699,996.8821
1457022429721,996.8821
1457022429751,996.8821
1457022429811,996.8821
1457022429840,996.8821
1457022429870,996.8795
1457022429901,996.8721
1457022429931,996.8721
1457022429965,996.8721
1457022429990,996.8721
1457022430041,996.8721
1457022430050,996.8721
1457022430107,996.8721
1457022430140,996.8721
1457022430168,996.8756
1457022430200,996.8821
1457022430227,996.8821
1457022430260,996.8749
1457022430289,996.8721
1457022430318,996.8721
1457022430380,996.8721
1457022430410,996.8721
1457022430444,996.8721
1457022430469,996.8721
1457022430498,996.8778
1457022430539,996.8821
1457022430558,996.8821
1457022430588,996.8727
1457022430647,996.8721
1457022430683,996.8721
1457022430713,996.8721
1457022430738,996.8721
1457022430773,996.8721
1457022430798,996.8721
1457022430829,996.8721
1457022430863,996.8721
1457022430928,996.8721
1457022430962,996.8721
1457022430978,996.8721
1457022431008,996.8721
1457022431060,996.8721
1457022431066,996.8721
1457022431095,996.8721
1457022431128,996.8721
1457022431187,996.8721
1457022431216,996.8721
1457022431247,996.8721
1457022431275,996.8721
1457022431307,996.8721
1457022431338,996.8721
1457022431367,996.8721
1457022431398,996.8721
1457022431427,996.8721
1457022431488,996.8721
1457022431532,996.8721
1457022431545,996.8721
1457022431573,996.8721
1457022431603,996.8721
1457022431634,996.8721
1457022431666,996.8721
1457022431696,996.8721
1457022431756,996.8721
1457022431783,996.8721
1457022431816,996.8721
1457022431848,996.8721
1457022431876,996.8721
1457022431906,996.8721
1457022431936,996.8721
1457022431964,996.8721
1457022432039,996.8721
1457022432052,996.8721
1457022432082,996.8721
1457022432112,996.8721
1457022432146,996.8721
1457022432176,996.8721
1457022432205,996.8721
1457022432233,996.8721
1457022432295,996.8721
1457022432324,996.8721
1457022432355,996.8721
1457022432386,996.8721
1457022432423,996.8721
1457022432444,996.8721
1457022432478,996.8721
1457022432508,996.8721
1457022432533,996.8721
1457022432591,996.8721
1457022432621,996.8721
1457022432651,996.8721
1457022432684,996.8721
1457022432711,996.8721
1457022432741,996.8721
1457022432771,996.8721
1457022432801,996.8721
1457022432861,996.87115
1457022432894,996.8621
1457022432924,996.8621
1457022432954,996.8621
1457022432983,996.86786
1457022433013,996.8721
1457022433048,996.8721
1457022433073,996.8721
1457022433130,996.8721
1457022433164,996.8721
1457022433195,996.8721
1457022433220,996.8721
1457022433255,996.8721
1457022433284,996.8721
1457022433312,996.8721
1457022433346,996.8721
1457022433401,996.8721
1457022433433,996.8721
1457022433481,996.8721
1457022433510,996.8721
1457022433521,996.8669
1457022433549,996.8621
1457022433579,996.8621
1457022433608,996.8621
1457022433672,996.8621
1457022433704,996.8621
1457022433733,996.8621
1457022433759,996.8621
1457022433788,996.8621
1457022433822,996.8621
1457022433850,996.8621
1457022433880,996.8621
1457022433910,996.8621
1457022433972,996.8621
1457022434001,996.8621
1457022434030,996.8621
1457022434065,996.8621
1457022434121,996.8621
1457022434121,996.8621
1457022434147,996.8621
1457022434177,996.8621
1457022434237,996.8621
1457022434268,996.8621
1457022434298,996.8621
1457022434329,996.8621
1457022434358,996.8621
1457022434393,996.8621
1457022434420,996.8621
1457022434450,996.8621
1457022434510,996.8621
1457022434538,996.86383
1457022434598,996.8721
1457022434598,996.8721
1457022434626,996.8721
1457022434656,996.8721
1457022434686,996.86426
1457022434716,996.8621
