1424731179341,997.38995
1424731179365,997.38
1424731179396,997.26996
1424731179437,997.3
1424731179538,997.32996
1424731179587,997.36
1424731179638,997.35
1424731179685,997.38
1424731179735,997.37
1424731179787,997.26996
1424731179937,997.31
1424731179991,997.32996
1424731180037,997.32
1424731180088,997.32996
1424731180138,997.37
1424731180188,997.32996
1424731180233,997.36
1424731180288,997.38995
1424731180338,997.38
1424731180438,997.33997
1424731180482,997.36
1424731180538,997.31
1424731180639,997.32996
1424731180688,997.3
1424731180839,997.33997
1424731180889,997.3
1424731180939,997.29
1424731180983,997.38995
1424731181039,997.33997
1424731181084,997.36
1424731181138,997.35
1424731181190,997.38
1424731181240,997.35
1424731181288,997.36
1424731181335,997.35
1424731181388,997.36
1424731181443,997.38995
1424731181482,997.38
1424731181542,997.39996
1424731181690,997.43
1424731181741,997.38995
1424731181834,997.39996
1424731181941,997.51996
1424731181982,997.47
1424731182041,997.32996
1424731182084,997.43
1424731182191,997.38995
1424731182233,997.38
1424731182334,997.35
1424731182392,997.36
1424731182435,997.45996
1424731182541,997.36
1424731182641,997.32996
1424731182686,997.36
1424731182790,997.35
1424731182935,997.45996
1424731182991,997.36
1424731183045,997.37
1424731183142,997.36
1424731183220,997.35
1424731183242,997.37
1424731183287,997.49
1424731183336,997.36
1424731183437,997.32996
1424731183482,997.43
1424731183541,997.38995
1424731183584,997.33997
1424731183643,997.3
1424731183787,997.29
1424731183834,997.27997
1424731183893,997.39996
1424731183983,997.38995
1424731184185,997.38
1424731184233,997.35
1424731184287,997.38995
1424731184334,997.36
1424731184389,997.35
1424731184435,997.38995
1424731184483,997.42
1424731184585,997.44995
1424731184639,997.41
1424731184686,997.43
1424731184734,997.42
1424731184787,997.41
1424731184834,997.3
1424731184985,997.32996
1424731185037,997.43
1424731185084,997.42
1424731185144,997.41
1424731185235,997.26996
1424731185288,997.3
1424731185389,997.43
1424731185437,997.47
1424731185538,997.32996
1424731185584,997.51996
1424731185639,997.39996
1424731185734,997.38995
1424731185787,997.39996
1424731185835,997.36
1424731185889,997.38995
1424731185935,997.49
1424731185986,997.44
1424731186037,997.32996
1424731186139,997.45996
1424731186237,997.43
1424731186337,997.42
1424731186389,997.38995
1424731186487,997.42
1424731186537,997.43
1424731186587,997.45996
1424731186639,997.41
1424731186685,997.24
1424731186738,997.27997
1424731186787,997.43
1424731186837,997.57996
1424731186889,997.45996
1424731186986,997.43
1424731187037,997.42
1424731187087,997.43
1424731187138,997.39996
1424731187189,997.26996
1424731187234,997.43
1424731187287,997.45996
1424731187337,997.43
1424731187390,997.39996
1424731187439,997.26996
1424731187482,997.43
1424731187537,997.42
1424731187592,997.41
1424731187687,997.39996
1424731187732,997.43
1424731187838,997.26996
1424731187888,997.3
1424731187938,997.45996
1424731187982,997.43
1424731188039,997.38
1424731188189,997.37
1424731188232,997.49
1424731188289,997.37
1424731188334,997.32996
1424731188389,997.36
1424731188438,997.37
1424731188482,997.26996
1424731188538,997.45996
1424731188584,997.24
1424731188638,997.45996
1424731188688,997.33997
1424731188834,997.37
1424731188940,997.26996
1424731188982,997.37
1424731189040,997.39996
1424731189084,997.38995
1424731189140,997.42
1424731189232,997.38995
1424731189291,997.39996
1424731189334,997.51996
1424731189390,997.47
1424731189435,997.26996
1424731189482,997.3
1424731189541,997.39996
1424731189642,997.51996
1424731189685,997.37
1424731189732,997.36
1424731189791,997.37
1424731189834,997.36
1424731189892,997.37
1424731189991,997.39996
1424731190334,997.37
1424731190392,997.39996
1424731190435,997.43
1424731190537,997.39996
1424731190685,997.43
1424731190834,997.42
1424731190893,997.38
1424731190935,997.42
1424731190982,997.43
1424731191185,997.38
1424731191233,997.39996
1424731191287,997.44
1424731191435,997.39996
1424731191638,997.43
1424731191685,997.42
1424731191734,997.38995
1424731191787,997.38
1424731191889,997.39996
1424731191935,997.38995
1424731191984,997.36
1424731192037,997.49
1424731192084,997.44
1424731192139,997.43
1424731192287,997.26996
1424731192334,997.39996
1424731192389,997.38995
1424731192537,997.42
1424731192685,997.41
1424731192787,997.51996
1424731192837,997.49
1424731192889,997.44
1424731192936,997.48
1424731192987,997.33997
1424731193086,997.37
1424731193138,997.39996
1424731193185,997.26996
1424731193287,997.43
1424731193389,997.45996
1424731193437,997.31
1424731193487,997.33997
1424731193538,997.49
1424731193587,997.48
1424731193638,997.44
1424731193685,997.39996
1424731193787,997.38995
1424731193837,997.38
1424731193889,997.49
1424731193982,997.31
1424731194037,997.33997
1424731194088,997.32996
1424731194138,997.45996
1424731194186,997.41
1424731194232,997.39996
1424731194288,997.38995
1424731194338,997.39996
1424731194389,997.43
1424731194482,997.45996
1424731194538,997.57996
1424731194589,997.31
1424731194638,997.33997
1424731194689,997.49
1424731194733,997.45996
1424731194787,997.44995
1424731194889,997.42
1424731194939,997.41
1424731195039,997.44995
1424731195089,997.44
1424731195138,997.39996
1424731195199,997.43
1424731195334,997.42
1424731195389,997.31
1424731195482,997.33997
1424731195539,997.38
1424731195640,997.39996
1424731195690,997.37
1424731195732,997.36
1424731195792,997.35
1424731195888,997.37
1424731195940,997.41
1424731195982,997.43
1424731196040,997.39996
1424731196084,997.38995
1424731196139,997.39996
1424731196185,997.44
1424731196291,997.33997
1424731196334,997.37
1424731196391,997.41
1424731196436,997.43
1424731196991,997.45996
1424731197041,997.44995
1424731197084,997.45996
1424731197142,997.44995
1424731197185,997.45996
1424731197290,997.43
1424731197334,997.55
1424731197392,997.54
1424731197435,997.33997
1424731197482,997.38
1424731197537,997.39996
1424731197584,997.43
1424731197787,997.38
1424731197834,997.37
1424731197936,997.55
1424731197982,997.39996
1424731198084,997.38995
1424731198141,997.49
1424731198186,997.45996
1424731198233,997.41
1424731198334,997.43
1424731198388,997.38
1424731198435,997.42
1424731198483,997.41
1424731198537,997.43
1424731198638,997.27997
1424731198685,997.32
1424731198787,997.36
1424731198888,997.25
1424731198935,997.43
1424731199037,997.42
1424731199085,997.43
1424731199185,997.42
1424731199235,997.38
1424731199389,997.42
1424731199435,997.41
1424731199485,997.39996
1424731199537,997.55
1424731199585,997.43
1424731199639,997.42
1424731199686,997.44995
1424731199787,997.42
1424731199836,997.31
1424731199889,997.33997
1424731199937,997.38
1424731199986,997.42
1424731200140,997.38995
1424731200185,997.36
1424731200237,997.49
1424731200287,997.45996
1424731200337,997.43
1424731200389,997.31
1424731200438,997.33997
1424731200488,997.45996
1424731200537,997.44995
1424731200587,997.44
1424731200639,997.45996
1424731200685,997.41
1424731200787,997.44995
1424731200837,997.44
1424731200889,997.45996
1424731200938,997.33997
1424731200982,997.45996
1424731201038,997.43
1424731201100,997.42
1424731201142,997.3
1424731201188,997.43
1424731201232,997.42
1424731201288,997.38995
1424731201389,997.49
1424731201484,997.48
1424731201537,997.37
1424731201639,997.39996
1424731201788,997.51996
1424731201838,997.47
1424731201889,997.45996
1424731201939,997.44995
1424731201982,997.45996
1424731202039,997.43
1424731202087,997.3
1424731202193,997.29
1424731202232,997.39996
1424731202288,997.43
1424731202334,997.47
1424731202389,997.43
1424731202440,997.42
1424731202482,997.38995
1424731202539,997.42
1424731202639,997.41
1424731202732,997.39996
1424731202790,997.43
1424731202890,997.42
1424731202940,997.57996
1424731202982,997.39996
1424731203040,997.38995
1424731203084,997.36
1424731203142,997.45996
1424731203185,997.44995
1424731203232,997.44
1424731203334,997.33997
1424731203390,997.38
1424731203584,997.39996
1424731203642,997.38995
1424731203792,997.26996
1424731203834,997.39996
1424731203892,997.38995
1424731204041,997.42
1424731204084,997.38
1424731204232,997.37
1424731204287,997.36
1424731204334,997.37
1424731204436,997.36
1424731204482,997.38995
1424731204537,997.39996
1424731204643,997.38995
1424731204685,997.39996
1424731204732,997.37
1424731204787,997.36
1424731204834,997.45996
1424731204893,997.41
1424731204983,997.39996
1424731205037,997.38995
1424731205185,997.38
1424731205255,997.39996
1424731205391,997.37
1424731205436,997.33997
1424731205482,997.37
1424731205584,997.36
1424731205639,997.45996
1424731205685,997.31
1424731205787,997.45996
1424731205834,997.41
1424731205889,997.37
1424731206145,997.41
1424731206185,997.31
1424731206287,997.43
1424731206334,997.39996
1424731206486,997.38995
1424731206537,997.38
1424731206639,997.42
1424731206686,997.38995
1424731206736,997.38
1424731206787,997.42
1424731206936,997.31
1424731207086,997.35
1424731207186,997.45996
1424731207336,997.43
1424731207389,997.39996
1424731207639,997.38995
1424731207687,997.27997
1424731207737,997.43
1424731207837,997.42
1424731207889,997.38
1424731207937,997.42
1424731207987,997.43
1424731208037,997.38
1424731208088,997.39996
1424731208140,997.37
1424731208232,997.39996
1424731208287,997.38995
1424731208389,997.38
1424731208439,997.39996
1424731208482,997.14996
1424731208538,997.31
1424731208588,997.20996
1424731208640,997.43
1424731208687,997.45996
1424731208788,997.41
1424731208839,997.39996
1424731208889,997.38995
1424731208939,997.39996
1424731209188,997.35
1424731209232,997.38995
1424731209289,997.39996
1424731209440,997.37
1424731209584,997.39996
1424731209641,997.35
1424731209732,997.37
1424731209790,997.39996
1424731209834,997.44
1424731209982,997.33997
1424731210040,997.45996
1424731210084,997.49
1424731210142,997.37
1424731210185,997.39996
1424731210235,997.44
1424731210289,997.39996
1424731210391,997.43
1424731210540,997.32996
1424731210584,997.45996
1424731210792,997.44995
1424731210834,997.41
1424731210936,997.55
1424731210992,997.43
1424731211042,997.45996
1424731211186,997.44995
1424731211232,997.44
1424731211287,997.39996
1424731211334,997.3
1424731211394,997.49
1424731211435,997.48
1424731211482,997.44995
1424731211537,997.42
1424731211685,997.41
1424731211787,997.51996
1424731211834,997.49
1424731211935,997.48
1424731211983,997.44995
1424731212037,997.42
1424731212084,997.51996
1424731212185,997.47
1424731212232,997.45996
1424731212287,997.44995
1424731212334,997.57996
1424731212389,997.43
1424731212484,997.45996
1424731212537,997.41
1424731212584,997.43
1424731212639,997.32996
1424731212686,997.43
1424731212734,997.42
1424731212787,997.43
1424731212834,997.45996
1424731212938,997.32996
1424731212983,997.45996
1424731213037,997.49
1424731213085,997.45996
1424731213335,997.44995
1424731213435,997.48
1424731213485,997.44
1424731213639,997.45996
1424731213736,997.49
1424731213787,997.44
1424731213835,997.39996
1424731213889,997.43
1424731213935,997.42
1424731213986,997.38995
1424731214139,997.36
1424731214188,997.35
1424731214287,997.45996
1424731214389,997.43
1424731214437,997.42
1424731214537,997.43
1424731214639,997.39996
1424731214686,997.38995
1424731214735,997.36
1424731214787,997.37
1424731214837,997.39996
1424731214889,997.44
1424731214938,997.33997
1424731214985,997.38
1424731215038,997.39996
1424731215089,997.43
1424731215233,997.42
1424731215288,997.38995
1424731215339,997.38
1424731215389,997.39996
1424731215589,997.38995
1424731215639,997.39996
1424731215732,997.37
1424731215790,997.39996
1424731215982,997.38995
1424731216039,997.38
1424731216088,997.39996
1424731216139,997.43
1424731216188,997.45996
1424731216232,997.43
1424731216290,997.42
1424731216334,997.38
1424731216584,997.51996
1424731216640,997.33997
1424731216691,997.38
1424731216732,997.42
1424731216834,997.38995
1424731216889,997.38
1424731217040,997.49
1424731217084,997.45996
1424731217140,997.44995
1424731217185,997.45996
1424731217232,997.43
1424731217334,997.42
1424731217391,997.41
1424731217435,997.39996
1424731217541,997.38995
1424731217584,997.42
1424731217641,997.41
1424731217685,997.39996
1424731217792,997.43
1424731217834,997.42
1424731217892,997.24
1424731217935,997.37
1424731218042,997.36
1424731218142,997.45996
1424731218185,997.44995
1424731218232,997.41
1424731218334,997.44995
1424731218392,997.44
1424731218435,997.45996
1424731218537,997.41
1424731218584,997.37
1424731218643,997.39996
1424731218732,997.44
1424731218787,997.43
1424731218836,997.42
1424731218983,997.43
1424731219084,997.39996
1424731219233,997.38995
1424731219334,997.42
1424731219389,997.38995
1424731219435,997.42
1424731219539,997.43
1424731219639,997.39996
1424731219735,997.43
1424731219835,997.42
1424731219889,997.43
1424731219935,997.42
1424731220037,997.43
1424731220139,997.20996
1424731220186,997.45996
1424731220235,997.44995
1424731220287,997.41
1424731220334,997.44995
1424731220435,997.45996
1424731220543,997.43
1424731220639,997.42
1424731220687,997.43
1424731220736,997.32996
1424731220787,997.33997
1424731220836,997.38
1424731220889,997.49
1424731220936,997.45996
1424731220986,997.41
1424731221037,997.44995
1424731221092,997.44
1424731221336,997.39996
1424731221537,997.38995
1424731221640,997.55
1424731221689,997.5
1424731221737,997.45996
1424731221837,997.43
1424731221937,997.42
1424731222037,997.44995
1424731222087,997.44
1424731222232,997.45996
1424731222438,997.3
1424731222482,997.39996
1424731222540,997.43
1424731222588,997.39996
1424731222639,997.57996
1424731222691,997.37
1424731222788,997.49
1424731222838,997.37
1424731222889,997.49
1424731222990,997.48
1424731223039,997.32996
1424731223084,997.33997
1424731223139,997.63995
1424731223189,997.45996
1424731223289,997.44995
1424731223334,997.42
1424731223389,997.51996
1424731223440,997.39996
1424731223482,997.43
1424731223539,997.47
1424731223584,997.43
1424731223639,997.47
1424731223701,997.49
1424731223732,997.44
1424731223788,997.43
1424731223834,997.47
1424731223890,997.45996
1424731223940,997.43
1424731223982,997.45996
1424731224040,997.43
1424731224187,997.38
1424731224232,997.42
1424731224334,997.43
1424731224391,997.47
1424731224436,997.45996
1424731224482,997.43
1424731224732,997.42
1424731224792,997.38
1424731224892,997.42
1424731224990,997.41
1424731225084,997.43
1424731225142,997.42
1424731225186,997.38995
1424731225232,997.42
1424731225287,997.38
1424731225393,997.42
1424731225435,997.38
1424731225483,997.42
1424731225537,997.41
1424731225584,997.43
1424731225685,997.45996
1424731225732,997.44995
1424731225787,997.41
1424731225892,997.37
1424731226185,997.41
1424731226234,997.39996
1424731226389,997.38995
1424731226435,997.39996
1424731226537,997.38995
1424731226584,997.42
1424731226639,997.38995
1424731226685,997.38
1424731226787,997.39996
1424731226935,997.37
1424731227037,997.39996
1424731227084,997.38995
1424731227185,997.38
1424731227287,997.37
1424731227537,997.33997
1424731227639,997.32996
1424731227734,997.33997
1424731227787,997.51996
1424731227834,997.37
1424731227888,997.39996
1424731227935,997.37
