1424731418916,997.32996
1424731418919,997.32
1424731418969,997.31
1424731419013,997.42
1424731419070,997.3
1424731419162,997.42
1424731419220,997.38995
1424731419263,997.42
1424731419320,997.3
1424731419365,997.26996
1424731419412,997.3
1424731419469,997.33997
1424731419671,997.36
1424731419764,997.31
1424731419821,997.35
1424731419865,997.38
1424731419919,997.35
1424731419971,997.38
1424731420072,997.37
1424731420172,997.36
1424731420217,997.35
1424731420264,997.33997
1424731420322,997.36
1424731420365,997.32996
1424731420467,997.44995
1424731420514,997.42
1424731420574,997.38995
1424731420615,997.38
1424731420673,997.41
1424731420717,997.42
1424731420774,997.41
1424731420865,997.42
1424731420967,997.38995
1424731421013,997.54
1424731421068,997.36
1424731421323,997.39996
1424731421365,997.38995
1424731421414,997.42
1424731421664,997.41
1424731421717,997.44
1424731421764,997.26996
1424731421830,997.3
1424731421923,997.50995
1424731421967,997.48
1424731422013,997.43
1424731422068,997.38995
1424731422115,997.36
1424731422165,997.24
1424731422217,997.44995
1424731422263,997.42
1424731422318,998.19995
1424731422367,997.82
1424731422414,997.63
1424731422466,997.26996
1424731422515,997.25995
1424731422616,997.36
1424731422670,997.35
1424731422717,997.36
1424731422775,997.50995
1424731422820,997.48
1424731422915,997.13995
1424731422970,997.26996
1424731423016,997.38995
1424731423072,997.82
1424731423115,997.50995
1424731423169,997.36
1424731423217,997.35
1424731423267,997.11
1424731423365,997.3
1424731423415,997.48
1424731423467,997.44995
1424731423517,997.42
1424731423568,997.13995
1424731423615,997.17
1424731423668,997.44995
1424731423718,997.73
1424731423798,997.6
1424731423818,997.26996
1424731423866,997.23
1424731423969,996.93
1424731424018,997.48
1424731424068,997.47
1424731424118,997.45996
1424731424170,997.32996
1424731424218,997.19995
1424731424318,997.54
1424731424368,997.66
1424731424412,997.26996
1424731424472,997.42
1424731424517,997.41
1424731424569,997.17
1424731424662,997.6
1424731424719,997.48
1424731424771,997.47
1424731424821,997.43
1424731424867,997.26996
1424731424914,997.3
1424731424968,998.05
1424731425021,997.63
1424731425069,997.36
1424731425123,997.32996
1424731425162,997.19995
1424731425223,997.23
1424731425263,997.18
1424731425320,997.44995
1424731425417,997.44
1424731425470,997.24
1424731425514,997.19995
1424731425569,997.3
1424731425620,998.01996
1424731425662,997.63
1424731425720,997.32996
1424731425763,997.3
1424731425820,997.19995
1424731425865,997.07996
1424731425920,997.26996
1424731425970,997.44995
1424731426071,997.42
1424731426115,997.3
1424731426221,997.50995
1424731426264,997.85
1424731426321,997.36
1424731426365,997.24
1424731426421,997.27997
1424731426469,997.24
1424731426513,997.27997
1424731426571,997.38995
1424731426615,997.54
1424731426671,997.38995
1424731426721,997.38
1424731426767,997.13995
1424731426820,997.13
1424731426865,997.44995
1424731426921,997.88
1424731426970,997.38995
1424731427014,997.33997
1424731427071,997.19995
1424731427116,997.17
1424731427171,996.99
1424731427221,997.44995
1424731427264,997.49
1424731427322,997.44995
1424731427365,997.32996
1424731427412,997.07996
1424731427467,997.36
1424731427514,997.57
1424731427574,997.6
1424731427615,997.3
1424731427663,997.32996
1424731427717,997.17
1424731427764,997.13995
1424731427823,997.13
1424731427865,997.57
1424731427967,997.3
1424731428074,997.11
1424731428115,997.44995
1424731428162,997.82
1424731428216,997.6
1424731428268,997.32996
1424731428318,997.27997
1424731428365,997.3
1424731428413,997.13995
1424731428467,997.08997
1424731428535,997.48
1424731428568,997.43
1424731428676,997.26996
1424731428717,997.07996
1424731428764,997.3
1424731428818,997.88
1424731428865,997.72
1424731428929,997.32996
1424731428966,997.32
1424731429014,997.29
1424731429069,997.27997
1424731429125,997.17
1424731429164,997.44995
1424731429216,997.49
1424731429273,997.50995
1424731429318,997.3
1424731429367,997.19995
1424731429414,997.32996
1424731429466,997.57
1424731429514,997.88
1424731429568,997.38995
1424731429615,997.33997
1424731429670,997.3
1424731429717,997.17
1424731429766,996.93
1424731429818,997.44995
1424731429867,997.57
1424731429920,997.54
1424731429967,997.32996
1424731430016,997.17
1424731430068,997.48
1424731430116,997.85
1424731430168,997.63
1424731430218,997.42
1424731430267,997.17
1424731430318,997.20996
1424731430369,997.19995
1424731430425,997.17
1424731430468,997.44995
1424731430517,997.42
1424731430568,997.57
1424731430617,997.3
1424731430662,997.13995
1424731430717,997.50995
1424731430776,997.75
1424731430818,997.54
1424731430868,997.3
1424731430920,997.25995
1424731430968,997.25
1424731431018,996.95996
1424731431069,997.3
1424731431120,997.33997
1424731431170,997.3
1424731431219,997.44995
1424731431267,997.25995
1424731431318,997.23
1424731431367,997.38995
1424731431412,997.66
1424731431468,997.64996
1424731431513,997.3
1424731431569,997.25995
1424731431617,997.23
1424731431829,997.19995
1424731431839,997.36
1424731431868,997.32996
1424731431914,997.44995
1424731431968,997.19995
1424731432013,997.48
1424731432068,997.93
1424731432131,997.6
1424731432162,997.17
1424731432218,997.16
1424731432264,997.13
1424731432319,997.23
1424731432368,997.22
1424731432414,997.42
1424731432470,997.38995
1424731432513,997.36
1424731432569,997.38995
1424731432615,997.25995
1424731432662,997.26996
1424731432720,997.6
1424731432821,997.19995
1424731432865,997.19
1424731432920,997.22
1424731433013,997.19
1424731433071,997.54
1424731433115,997.42
1424731433171,997.19995
1424731433221,997.23
1424731433321,997.48
1424731433365,997.63
1424731433420,997.66
1424731433470,997.25995
1424731433514,997.29
1424731433571,997.27997
1424731433615,997.24
1424731433672,997.38995
1424731433717,997.54
1424731433764,997.36
1424731433822,997.35
1424731433922,997.19995
1424731433967,997.44995
1424731434014,997.72
1424731434072,997.69
1424731434115,997.32996
1424731434173,997.17
1424731434323,997.29
1424731434365,997.32
1424731434421,997.35
1424731434466,997.3
1424731434571,997.29
1424731434615,997.3
1424731434673,997.42
1424731434717,997.44995
1424731434818,997.19995
1424731434923,997.07996
1424731434967,997.12
1424731435014,997.25995
1424731435068,997.44995
1424731435116,997.48
1424731435163,997.32996
1424731435217,997.19995
1424731435318,997.42
1424731435365,997.6
1424731435466,997.17
1424731435515,997.29
1424731435568,997.11
1424731435663,997.36
1424731435717,997.38995
1424731435865,997.23
1424731435915,997.25995
1424731435967,997.50995
1424731436014,997.55
1424731436068,997.54
1424731436115,997.25995
1424731436170,997.25
1424731436217,997.11
1424731436265,997.13995
1424731436318,997.25995
1424731436365,997.54
1424731436416,997.52997
1424731436467,997.42
1424731436516,997.25995
1424731436616,997.54
1424731436666,997.57
1424731436717,997.6
1424731436766,997.55
1424731436818,997.32996
1424731436866,997.54
1424731436920,997.11
1424731437017,997.25995
1424731437068,997.36
1424731437116,997.50995
1424731437178,997.38995
1424731437216,997.19995
1424731437267,997.42
1424731437318,997.57
1424731437367,997.6
1424731437416,997.38995
1424731437466,997.19995
1424731437517,997.38995
1424731437569,997.19995
1424731437616,997.17
1424731437662,997.38995
1424731437768,997.43
1424731437818,997.42
1424731437868,997.17
1424731437966,997.48
1424731438016,997.66
1424731438068,997.32996
1424731438117,997.23
1424731438162,997.32996
1424731438218,997.23
1424731438268,997.25995
1424731438318,997.38995
1424731438368,997.50995
1424731438425,997.54
1424731438468,997.42
1424731438514,997.29
1424731438569,997.24
1424731438618,997.36
1424731438662,997.54
1424731438764,997.42
1424731438819,997.23
1424731438869,997.32996
1424731438912,997.17
1424731438969,997.16
1424731439014,997.42
1424731439220,997.25995
1424731439264,997.38995
1424731439318,997.25995
1424731439371,997.82
1424731439420,997.54
1424731439469,997.32996
1424731439670,997.23
1424731439721,997.38995
1424731439764,997.42
1424731439820,997.57
1424731439865,997.36
1424731439921,997.35
1424731439971,997.33997
1424731440025,997.36
1424731440070,997.50995
1424731440115,997.48
1424731440171,997.32996
1424731440221,997.32
1424731440321,997.26996
1424731440365,997.3
1424731440421,997.50995
1424731440470,997.32996
1424731440515,997.48
1424731440575,997.3
1424731440615,997.29
1424731440670,997.44995
1424731440717,997.57
1424731440764,997.54
1424731440822,997.52997
1424731440865,997.25995
1424731440967,997.25
1424731441014,997.24
1424731441073,997.36
1424731441162,997.39996
1424731441217,997.44
1424731441264,997.41
1424731441323,997.38
1424731441365,997.48
1424731441426,997.50995
1424731441466,997.38995
1424731441514,997.33997
1424731441573,997.38
1424731441615,997.23
1424731441662,997.42
1424731441717,997.41
1424731441764,997.42
1424731441865,997.41
1424731441967,997.42
1424731442014,997.41
1424731442068,997.42
1424731442115,997.66
1424731442174,997.32996
1424731442217,997.44995
1424731442264,997.32996
1424731442318,997.44995
1424731442365,997.39996
1424731442414,997.44
1424731442514,997.32996
1424731442568,997.29
1424731442615,997.32
1424731442716,997.29
1424731442764,997.38995
1424731442818,997.25995
1424731442865,997.36
1424731442920,997.35
1424731442967,997.38
1424731443068,997.35
1424731443116,997.33997
1424731443169,997.11
1424731443217,997.3
1424731443318,997.42
1424731443365,997.38995
1424731443420,997.17
1424731443467,997.50995
1424731443517,997.38995
1424731443568,997.17
1424731443618,997.3
1424731443667,997.44995
1424731443717,997.69
1424731443767,997.42
1424731443858,997.29
1424731443868,997.32
1424731443917,997.26996
1424731444068,997.44995
1424731444117,997.42
1424731444218,997.19995
1424731444318,997.42
1424731444368,997.63
1424731444412,997.62
1424731444467,997.42
1424731444516,997.23
1424731444568,997.36
1424731444619,997.19995
1424731444662,997.05
1424731444718,997.48
1424731444768,997.44995
1424731444818,997.44
1424731444868,997.43
1424731444920,997.19995
1424731444968,997.48
1424731445023,997.47
1424731445068,997.6
1424731445119,997.48
1424731445170,997.32
1424731445219,997.44995
1424731445267,997.29
1424731445318,997.32
1424731445368,997.35
1424731445412,997.44995
1424731445513,997.42
1424731445569,997.23
1424731445620,997.19995
1424731445662,997.32
1424731445718,997.48
1424731445764,997.63
1424731445819,997.48
1424731445869,997.44995
1424731445912,997.32
1424731445970,997.29
1424731446069,997.32
1424731446120,997.48
1424731446162,997.47
1424731446220,997.43
1424731446264,997.23
1424731446320,997.18
1424731446365,997.35
1424731446420,997.75
1424731446471,997.6
1424731446514,997.35
1424731446571,997.36
1424731446615,997.35
1424731446662,997.19995
1424731446764,997.57
1424731446821,997.51996
1424731446865,997.56
1424731446922,997.38995
1424731446971,997.29
1424731447071,997.50995
1424731447115,997.85
1424731447162,997.54
1424731447222,997.50995
1424731447264,997.38995
1424731447322,997.11
1424731447365,997.1
1424731447422,997.38995
1424731447470,997.42
1424731447513,997.41
1424731447572,997.38
1424731447618,997.37
1424731447717,997.72
1424731447774,997.57
1424731447821,997.36
1424731447865,997.39996
1424731447923,997.36
1424731447967,997.23
1424731448073,997.38995
1424731448115,997.42
1424731448162,997.44995
1424731448264,997.23
1424731448323,997.19995
1424731448365,997.44995
1424731448414,997.69
1424731448467,997.44995
1424731448513,997.39996
1424731448568,997.36
1424731448618,997.19995
1424731448662,997.23
1424731448717,997.26996
1424731448763,997.48
1424731448818,997.44995
1424731448896,997.44
1424731448914,997.19995
1424731448966,997.19
1424731449013,997.32
1424731449068,997.95996
1424731449115,997.57
1424731449164,997.42
1424731449217,997.41
1424731449264,997.05
1424731449318,996.8
1424731449365,997.42
1424731449467,997.38995
1424731449515,997.38
1424731449568,997.37
1424731449628,997.13995
1424731449664,997.48
1424731449717,997.75
1424731449765,997.57
1424731449818,997.36
1424731449865,997.23
1424731449920,997.05
1424731449967,997.04
1424731450016,997.19995
1424731450068,997.38995
1424731450170,997.29
1424731450218,997.11
1424731450266,997.23
1424731450367,997.82
1424731450420,997.29
1424731450468,997.13995
1424731450516,997.32996
1424731450568,997.07996
1424731450622,997.12
1424731450669,997.32996
1424731450717,997.36
1424731450767,997.39996
1424731450818,997.36
1424731450867,997.05
1424731450918,997.17
1424731450967,997.29
1424731451017,997.66
1424731451068,997.50995
1424731451117,997.23
1424731451162,997.32996
1424731451217,997.05
1424731451268,997.17
1424731451318,997.19995
1424731451368,997.48
1424731451469,997.36
1424731451568,997.13995
1424731451622,997.44995
1424731451662,997.69
1424731451718,997.68
1424731451768,997.36
1424731451869,997.23
1424731451921,997.19995
1424731451969,997.19
1424731452019,997.50995
1424731452068,997.54
1424731452120,997.38995
1424731452170,997.25995
1424731452264,997.26996
1424731452320,997.63
1424731452370,997.62
1424731452412,997.32996
1424731452568,997.13995
1424731452622,997.13
1424731452662,997.50995
1424731452718,997.48
1424731452764,997.43
1424731452820,997.42
1424731452870,997.23
1424731452912,997.11
1424731452970,997.32996
1424731453014,997.57
1424731453119,997.23
1424731453162,997.44995
1424731453221,997.17
1424731453264,997.01996
1424731453322,997.38995
1424731453365,997.50995
1424731453421,997.45996
1424731453473,997.44995
1424731453514,997.17
1424731453571,997.16
1424731453615,997.44995
1424731453669,997.88
1424731453722,997.63
1424731453764,997.32996
1424731453821,997.44995
1424731453883,997.07996
1424731453923,997.05
1424731453971,997.38995
1424731454170,997.11
1424731454264,997.3
1424731454322,997.79
1424731454365,997.48
1424731454422,997.32996
1424731454467,997.48
1424731454513,997.13995
1424731454573,996.93
1424731454615,997.23
1424731454671,997.50995
1424731454716,997.48
1424731454764,997.43
1424731454823,997.3
1424731454865,997.19995
1424731454925,997.3
1424731454967,997.57
1424731455013,997.42
1424731455073,997.25995
1424731455115,997.25
1424731455164,997.29
1424731455217,997.17
1424731455264,997.16
1424731455318,997.38995
1424731455365,997.54
1424731455413,997.32996
1424731455467,997.37
1424731455516,997.11
1424731455568,997.32996
1424731455615,997.77997
1424731455663,997.66
1424731455716,997.29
1424731455765,997.32
1424731455818,997.17
1424731455865,997.05
1424731455967,997.50995
1424731456068,997.29
1424731456115,997.27997
1424731456174,997.17
1424731456217,997.29
1424731456265,997.44995
1424731456318,997.66
1424731456365,997.42
1424731456420,997.29
1424731456514,997.11
1424731456569,996.89996
1424731456615,997.44995
1424731456670,997.44
1424731456717,997.43
1424731456766,997.38995
1424731456818,997.19995
1424731456866,997.38995
1424731456916,997.38
1424731456967,997.85
1424731457016,997.42
1424731457068,997.38995
1424731457165,997.13995
1424731457221,996.95996
1424731457267,997.42
1424731457366,997.41
1424731457420,997.36
1424731457467,997.13995
1424731457521,997.36
1424731457568,997.48
1424731457616,997.69
1424731457670,997.48
1424731457717,997.19995
1424731457767,997.38995
1424731457818,997.11
1424731457912,997.23
1424731457967,997.50995
1424731458017,997.5
1424731458068,997.47
1424731458117,997.19995
1424731458166,997.23
1424731458216,997.19995
1424731458268,997.83997
1424731458318,997.69
1424731458372,997.35
1424731458420,997.44995
1424731458466,997.19995
1424731458522,997.14996
1424731458568,997.13995
1424731458618,997.54
1424731458662,997.32
1424731458716,997.48
1424731458768,997.32
1424731458818,997.26996
1424731458970,997.72
1424731459014,997.54
1424731459068,997.23
1424731459119,997.48
1424731459163,997.17
1424731459218,997.16
1424731459319,997.48
1424731459369,997.51996
1424731459420,997.50995
1424731459470,997.29
1424731459514,997.24
1424731459569,997.27997
1424731459620,997.66
1424731459720,997.35
1424731459764,997.3
1424731459819,997.17
1424731459870,997.13995
1424731459912,997.01996
1424731459970,997.54
1424731460014,997.52997
1424731460115,997.17
1424731460171,997.13995
1424731460264,997.32
1424731460321,997.95996
1424731460365,997.50995
1424731460420,997.13995
1424731460471,997.35
1424731460513,997.13995
1424731460570,997.11
1424731460615,997.32
1424731460722,997.48
1424731460764,997.32
1424731460865,997.31
1424731460922,997.44995
1424731460972,997.66
1424731461014,997.63
1424731461072,997.29
1424731461115,997.25995
1424731461223,997.13995
1424731461264,997.13
1424731461323,997.44995
1424731461423,997.49
1424731461514,997.25995
1424731461677,997.44995
1424731461716,997.57
1424731461764,997.29
1424731461824,997.38995
1424731461865,997.29
1424731461913,997.32
1424731461967,997.29
1424731462071,997.25995
1424731462115,997.38995
1424731462174,997.57
1424731462223,997.38995
1424731462264,997.35
1424731462318,997.17
1424731462365,997.42
1424731462467,997.41
1424731462568,997.36
1424731462615,997.39996
1424731462673,997.42
1424731462716,997.29
1424731462764,997.38995
1424731462818,997.54
1424731462865,997.50995
1424731462924,997.48
1424731462967,997.29
1424731463014,997.38995
1424731463115,997.36
1424731463176,997.17
1424731463217,997.32996
1424731463265,997.29
1424731463318,997.32
1424731463365,997.35
1424731463420,997.36
1424731463516,997.35
1424731463615,997.54
1424731463670,997.52997
1424731463770,997.36
1424731463866,997.25995
1424731463930,997.36
1424731464217,997.39996
1424731464266,997.29
1424731464318,997.42
1424731464366,997.41
1424731464420,997.39996
1424731464467,997.36
1424731464518,997.19995
1424731464568,997.32996
1424731464617,997.37
1424731464717,997.25995
1424731464818,997.38995
1424731465018,997.36
1424731465170,997.38995
1424731465318,997.38
1424731465368,997.35
1424731465469,997.36
1424731465519,997.35
1424731465568,997.33997
1424731465618,997.36
1424731465662,997.39996
1424731465764,997.36
1424731465818,997.25995
1424731465869,997.36
1424731465912,997.32
1424731465969,997.31
1424731466013,997.32996
1424731466068,997.32
1424731466118,997.35
1424731466162,997.33997
1424731466371,997.36
1424731466412,997.35
1424731466470,997.3
1424731466618,997.25995
1424731466718,997.29
1424731466763,997.27997
1424731466820,997.3
1424731466865,997.29
1424731466930,997.38995
1424731466969,997.38
1424731467013,997.25995
1424731467071,997.29
1424731467115,997.27997
1424731467170,997.3
