1581013094615,997.90576
1581013094651,997.9094
1581013094677,997.8533
1581013094716,997.86475
1581013094756,997.8784
1581013094795,997.88965
1581013094835,997.8989
1581013094875,997.8967
1581013094915,997.91187
1581013094957,997.9065
1581013094996,997.9075
1581013095037,997.9092
1581013095079,997.9221
1581013095115,997.9158
1581013095157,997.92285
1581013095197,997.92944
1581013095239,997.9253
1581013095275,997.9187
1581013095316,997.92944
1581013095355,997.93677
1581013095395,997.9358
1581013095435,997.9385
1581013095475,997.9404
1581013095516,997.9336
1581013095557,997.92993
1581013095595,997.92065
1581013095635,997.92456
1581013095676,997.92554
1581013095715,997.9226
1581013095755,997.9243
1581013095795,997.9165
1581013095835,997.9153
1581013095876,997.9177
1581013095915,997.9204
1581013095954,997.92773
1581013095995,997.9204
1581013096035,997.9116
1581013096075,997.9143
1581013096115,997.9204
1581013096157,997.9138
1581013096195,997.9116
1581013096235,997.9133
1581013096275,997.9199
1581013096315,997.9148
1581013096355,997.9131
1581013096394,997.90845
1581013096434,997.91235
1581013096476,997.91016
1581013096515,997.917
1581013096555,997.9182
1581013096601,997.91797
1581013096635,997.9177
1581013096675,997.91846
1581013096715,997.9177
1581013096755,997.91895
1581013096795,997.9221
1581013096835,997.9253
1581013096875,997.926
1581013096916,997.92017
1581013096956,997.9199
1581013096996,997.9187
1581013097034,997.92236
1581013097074,997.9238
1581013097114,997.9236
1581013097155,997.9182
1581013097195,997.92114
1581013097235,997.9241
1581013097275,997.9263
1581013097317,997.9133
1581013097358,997.91626
1581013097395,997.92163
1581013097435,997.91626
1581013097479,997.92017
1581013097515,997.9219
1581013097558,997.92334
1581013097596,997.92554
1581013097635,997.9309
1581013097676,997.9358
1581013097714,997.9326
1581013097755,997.92505
1581013097796,997.9282
1581013097835,997.9209
1581013097875,997.9238
1581013097915,997.92334
1581013097957,997.9248
1581013097996,997.93066
1581013098035,997.9365
1581013098076,997.9343
1581013098115,997.92236
1581013098155,997.9238
1581013098195,997.92236
1581013098235,997.9238
1581013098276,997.9204
1581013098315,997.9131
1581013098356,997.9136
1581013098395,997.91724
1581013098435,997.92163
1581013098479,997.9204
1581013098515,997.9199
1581013098555,997.9158
1581013098595,997.9143
1581013098635,997.9197
1581013098677,997.916
1581013098715,997.91675
1581013098754,997.9177
1581013098796,997.92456
1581013098838,997.92505
1581013098874,997.91504
1581013098915,997.9165
1581013098954,997.9175
1581013098995,997.9116
1581013099035,997.9165
1581013099077,997.91235
1581013099115,997.91064
1581013099155,997.906
1581013099195,997.89795
1581013099235,997.9043
1581013099275,997.90405
1581013099315,997.8994
1581013099355,997.9082
1581013099395,997.90967
1581013099435,997.9109
1581013099477,997.9082
1581013099515,997.90576
1581013099555,997.9072
1581013099595,997.9087
1581013099635,997.90454
1581013099676,997.91016
1581013099716,997.91504
1581013099756,997.91284
1581013099795,997.9104
1581013099836,997.9009
1581013099876,997.9131
1581013099915,997.9087
1581013099956,997.90283
1581013099995,997.9072
1581013100035,997.91113
1581013100075,997.9133
1581013100115,997.90405
1581013100155,997.91235
1581013100195,997.90454
1581013100236,997.8992
1581013100275,997.91064
1581013100315,997.91943
1581013100355,997.9136
1581013100396,997.9094
1581013100435,997.9131
1581013100477,997.91406
1581013100515,997.91235
1581013100555,997.9148
1581013100595,997.91895
1581013100635,997.93066
1581013100677,997.9138
1581013100715,997.92065
1581013100755,997.91724
1581013100799,997.9192
1581013100835,997.92773
1581013100876,997.9248
1581013100916,997.91626
1581013100955,997.9219
1581013100995,997.92065
1581013101035,997.92456
1581013101077,997.92676
1581013101115,997.9219
1581013101155,997.92554
1581013101195,997.9287
1581013101235,997.92017
1581013101276,997.91626
1581013101315,997.9131
1581013101354,997.9182
1581013101395,997.9114
1581013101435,997.9053
1581013101476,997.9099
1581013101515,997.907
1581013101555,997.90796
1581013101595,997.90625
1581013101635,997.91113
1581013101675,997.91016
1581013101715,997.9087
1581013101754,997.90967
1581013101797,997.90576
1581013101836,997.9043
1581013101875,997.9087
1581013101915,997.9136
1581013101955,997.9158
1581013101995,997.9082
1581013102035,997.9004
1581013102075,997.9026
1581013102115,997.9126
1581013102155,997.9082
1581013102195,997.9065
1581013102235,997.9109
1581013102276,997.90625
1581013102315,997.91113
1581013102355,997.90845
1581013102395,997.90015
1581013102437,997.8987
1581013102475,997.89844
1581013102516,997.90356
1581013102555,997.9053
1581013102595,997.9148
1581013102635,997.9075
1581013102675,997.905
1581013102715,997.9143
1581013102755,997.91504
1581013102795,997.91406
1581013102835,997.9143
1581013102877,997.91406
1581013102915,997.9114
1581013102954,997.905
1581013102997,997.8977
1581013103035,997.90454
1581013103075,997.89966
1581013103115,997.8955
1581013103155,997.8992
1581013103196,997.89844
1581013103235,997.89795
1581013103276,997.89624
1581013103315,997.9031
1581013103355,997.9099
1581013103396,997.91016
1581013103435,997.907
1581013103475,997.90625
1581013103515,997.9099
1581013103555,997.9192
1581013103595,997.9143
1581013103635,997.90796
1581013103676,997.90625
1581013103715,997.9104
1581013103755,997.91846
1581013103796,997.91675
1581013103836,997.9082
1581013103875,997.91016
1581013103915,997.9075
1581013103955,997.9016
1581013103996,997.9048
1581013104036,997.9011
1581013104075,997.90283
1581013104115,997.90137
1581013104155,997.8943
1581013104195,997.895
1581013104236,997.8994
1581013104276,997.90356
1581013104315,997.9121
1581013104354,997.92065
1581013104396,997.91675
1581013104435,997.9187
1581013104477,997.90796
1581013104515,997.9138
1581013104555,997.916
1581013104597,997.9109
1581013104636,997.91455
1581013104675,997.9143
1581013104715,997.9092
1581013104755,997.90356
1581013104795,997.8989
1581013104835,997.8965
1581013104874,997.8889
1581013104914,997.8938
1581013104954,997.88965
1581013104996,997.89087
1581013105035,997.88696
1581013105075,997.8867
1581013105115,997.8821
1581013105155,997.88916
1581013105196,997.89136
1581013105235,997.8843
1581013105275,997.88477
1581013105316,997.87354
1581013105359,997.88257
1581013105395,997.88354
1581013105435,997.8779
1581013105475,997.8894
1581013105515,997.8916
1581013105554,997.8999
1581013105599,997.90015
1581013105635,997.89795
1581013105675,997.90356
1581013105715,997.9038
1581013105755,997.8999
1581013105795,997.9011
1581013105835,997.90063
1581013105875,997.89014
1581013105915,997.8972
1581013105956,997.9004
1581013105996,997.9026
1581013106035,997.9038
1581013106075,997.90967
1581013106115,997.91284
1581013106155,997.9116
1581013106195,997.90234
1581013106235,997.9087
1581013106275,997.9072
1581013106317,997.9053
1581013106355,997.90674
1581013106398,997.90967
1581013106436,997.90283
1581013106477,997.9021
1581013106515,997.9087
1581013106556,997.90674
1581013106595,997.9104
1581013106635,997.9099
1581013106675,997.9114
1581013106715,997.9065
1581013106755,997.9055
1581013106795,997.90234
1581013106835,997.9004
1581013106875,997.89575
1581013106915,997.8977
1581013106955,997.90454
1581013106998,997.8992
1581013107035,997.906
1581013107075,997.8999
1581013107115,997.905
1581013107155,997.91406
1581013107197,997.9116
1581013107235,997.9053
1581013107275,997.9055
1581013107316,997.9075
1581013107355,997.90137
1581013107397,997.90356
1581013107435,997.90137
1581013107475,997.9011
1581013107516,997.91113
1581013107558,997.91113
1581013107596,997.89746
1581013107635,997.90454
1581013107676,997.8916
1581013107716,997.8926
1581013107755,997.89746
1581013107795,997.8972
1581013107834,997.89795
1581013107875,997.8982
1581013107917,997.9099
1581013107954,997.9031
1581013107994,997.8999
1581013108035,997.907
1581013108075,997.9043
1581013108116,997.9075
1581013108156,997.9031
1581013108195,997.9009
1581013108236,997.9043
1581013108275,997.9065
1581013108316,997.90625
1581013108355,997.8992
1581013108398,997.89746
1581013108435,997.9009
1581013108475,997.90234
1581013108516,997.8965
1581013108555,997.90015
1581013108596,997.8967
1581013108636,997.8955
1581013108675,997.8955
1581013108715,997.8967
1581013108755,997.8982
1581013108795,997.9092
1581013108836,997.9055
1581013108876,997.90625
1581013108916,997.90967
1581013108955,997.91187
1581013108996,997.91113
1581013109036,997.9087
1581013109075,997.9033
1581013109116,997.8999
1581013109155,997.9026
1581013109196,997.9021
1581013109235,997.9033
1581013109275,997.9011
1581013109319,997.90796
1581013109356,997.91504
1581013109395,997.917
1581013109435,997.9148
1581013109476,997.9138
1581013109515,997.9104
1581013109555,997.916
1581013109596,997.9182
1581013109635,997.91455
1581013109675,997.9133
1581013109715,997.9116
1581013109754,997.90625
1581013109795,997.90894
1581013109835,997.91187
1581013109875,997.90625
1581013109916,997.90454
1581013109955,997.91187
1581013109996,997.91016
1581013110035,997.91064
1581013110075,997.906
1581013110116,997.9082
1581013110155,997.9158
1581013110196,997.9072
1581013110236,997.8967
1581013110275,997.89575
1581013110316,997.8884
1581013110354,997.9016
1581013110395,997.9077
1581013110435,997.9116
1581013110475,997.9055
1581013110516,997.9087
1581013110556,997.8989
1581013110596,997.89795
1581013110637,997.89844
1581013110676,997.90137
1581013110717,997.8992
1581013110755,997.89575
1581013110795,997.90137
1581013110834,997.9038
1581013110875,997.8994
1581013110915,997.90137
1581013110955,997.89526
1581013110995,997.90063
1581013111035,997.897
1581013111075,997.89844
1581013111116,997.8943
1581013111156,997.90015
1581013111197,997.8938
1581013111235,997.9043
1581013111275,997.9033
1581013111315,997.9087
1581013111354,997.9087
1581013111395,997.9131
1581013111435,997.91455
1581013111475,997.9153
1581013111516,997.9114
1581013111554,997.9065
1581013111595,997.9033
1581013111635,997.90405
1581013111675,997.9053
1581013111715,997.9099
1581013111754,997.90356
1581013111795,997.89575
1581013111835,997.9026
1581013111875,997.8943
1581013111916,997.8982
1581013111955,997.90576
1581013111995,997.91016
1581013112035,997.90356
1581013112075,997.89233
1581013112116,997.8872
1581013112155,997.8943
1581013112194,997.8967
1581013112235,997.8982
1581013112275,997.8982
1581013112315,997.8943
1581013112356,997.9043
1581013112395,997.9109
1581013112435,997.90454
1581013112475,997.90576
1581013112516,997.9082
1581013112556,997.9065
1581013112595,997.907
1581013112636,997.90845
1581013112675,997.9082
1581013112715,997.91064
1581013112754,997.9065
1581013112795,997.9136
1581013112835,997.9077
1581013112875,997.9053
1581013112916,997.90796
1581013112955,997.91187
1581013112995,997.9221
1581013113035,997.9214
1581013113075,997.9182
1581013113116,997.92236
1581013113155,997.9199
1581013113195,997.91724
1581013113235,997.9158
1581013113275,997.9143
1581013113315,997.90625
1581013113354,997.9158
1581013113394,997.91187
1581013113435,997.916
1581013113478,997.91626
1581013113515,997.92163
1581013113555,997.9199
1581013113595,997.9238
1581013113635,997.93066
1581013113676,997.9263
1581013113716,997.9258
1581013113755,997.9265
1581013113795,997.9275
1581013113836,997.93555
1581013113876,997.9348
1581013113915,997.92725
1581013113956,997.92773
1581013113995,997.9292
1581013114036,997.93066
1581013114075,997.93286
1581013114117,997.92847
1581013114155,997.9343
1581013114195,997.93726
1581013114236,997.9302
1581013114275,997.92285
1581013114315,997.92676
1581013114356,997.9292
1581013114394,997.9177
1581013114435,997.9175
1581013114475,997.9199
1581013114516,997.926
1581013114555,997.9309
1581013114596,997.9302
1581013114635,997.93555
1581013114675,997.9404
1581013114715,997.93335
1581013114755,997.9363
1581013114796,997.9353
1581013114835,997.94116
1581013114875,997.9414
1581013114915,997.9341
1581013114955,997.9248
1581013114995,997.9302
1581013115035,997.93066
1581013115075,997.93164
1581013115115,997.9297
1581013115155,997.9243
1581013115195,997.92285
1581013115236,997.92554
1581013115275,997.9253
1581013115316,997.9265
1581013115355,997.928
1581013115396,997.9243
1581013115436,997.9243
1581013115475,997.92236
1581013115517,997.92456
1581013115555,997.9241
1581013115595,997.93286
1581013115637,997.9385
1581013115675,997.9414
1581013115716,997.9348
1581013115755,997.93896
1581013115795,997.93555
1581013115842,997.9341
1581013115874,997.93066
1581013115916,997.93286
1581013115955,997.9397
1581013115995,997.926
1581013116037,997.9265
1581013116075,997.92676
1581013116116,997.9265
1581013116154,997.92896
1581013116195,997.9314
1581013116237,997.9309
1581013116275,997.9243
1581013116315,997.92773
1581013116355,997.9302
1581013116395,997.92725
1581013116437,997.93286
1581013116475,997.9304
1581013116516,997.92993
1581013116555,997.93335
1581013116595,997.9336
1581013116637,997.9341
1581013116675,997.93115
1581013116718,997.9265
1581013116756,997.92017
1581013116795,997.91846
1581013116836,997.9182
1581013116875,997.9199
1581013116914,997.927
1581013116955,997.93604
1581013116994,997.93774
1581013117034,997.92993
1581013117076,997.9219
1581013117117,997.9177
1581013117155,997.9133
1581013117195,997.90845
1581013117237,997.91797
1581013117275,997.9324
1581013117315,997.92505
1581013117355,997.9238
1581013117395,997.9287
1581013117435,997.9258
1581013117475,997.9258
1581013117515,997.9192
1581013117557,997.92163
1581013117594,997.92725
1581013117636,997.92163
1581013117675,997.91895
1581013117715,997.9219
1581013117756,997.9192
1581013117795,997.926
1581013117838,997.9263
1581013117876,997.92236
1581013117915,997.9209
1581013117955,997.9177
1581013117995,997.9192
1581013118035,997.92334
1581013118075,997.92456
1581013118115,997.9346
1581013118155,997.92236
1581013118195,997.9199
1581013118238,997.9126
1581013118275,997.91016
1581013118315,997.9104
1581013118355,997.9165
1581013118395,997.90576
1581013118437,997.9048
1581013118475,997.91113
1581013118515,997.9072
1581013118556,997.9092
1581013118594,997.90356
1581013118635,997.8972
1581013118675,997.9004
1581013118715,997.9016
1581013118755,997.9031
1581013118796,997.9104
1581013118835,997.9075
1581013118875,997.9065
1581013118914,997.9082
1581013118955,997.9082
1581013118995,997.9004
1581013119037,997.9009
1581013119075,997.9043
1581013119115,997.906
1581013119156,997.9031
1581013119195,997.8994
1581013119238,997.8992
1581013119275,997.8948
1581013119315,997.90015
1581013119355,997.905
1581013119394,997.91187
1581013119437,997.9121
1581013119475,997.91846
1581013119515,997.9158
1581013119556,997.9158
1581013119595,997.90454
1581013119637,997.9009
1581013119675,997.9021
1581013119715,997.89844
1581013119756,997.89746
1581013119795,997.8972
1581013119835,997.895
1581013119875,997.895
1581013119915,997.895
1581013119955,997.8899
1581013119995,997.8845
1581013120035,997.88965
1581013120075,997.8867
1581013120115,997.89355
1581013120155,997.8933
1581013120195,997.91064
1581013120237,997.91064
1581013120275,997.8994
1581013120315,997.8943
1581013120355,997.8855
1581013120394,997.8823
1581013120437,997.8928
1581013120475,997.8955
1581013120515,997.8948
1581013120556,997.8899
1581013120596,997.88696
1581013120635,997.89746
1581013120674,997.8965
1581013120715,997.9011
1581013120758,997.89624
1581013120795,997.89087
1581013120836,997.88965
1581013120876,997.8887
1581013120915,997.88965
1581013120956,997.8928
1581013120995,997.8989
1581013121035,997.8994
1581013121075,997.8943
1581013121115,997.8948
1581013121155,997.8955
1581013121195,997.8955
1581013121238,997.8899
1581013121275,997.89844
1581013121315,997.9065
1581013121355,997.89844
1581013121396,997.90625
1581013121435,997.9038
1581013121475,997.9021
1581013121516,997.8977
1581013121557,997.89575
1581013121595,997.90356
1581013121636,997.8992
1581013121675,997.9011
1581013121715,997.89624
1581013121757,997.8889
1581013121795,997.8777
1581013121835,997.88306
1581013121876,997.8872
1581013121915,997.8889
1581013121956,997.8899
1581013121995,997.8884
1581013122036,997.8855
1581013122075,997.88794
1581013122115,997.8894
1581013122157,997.89404
1581013122195,997.88794
1581013122237,997.8943
1581013122275,997.89844
1581013122315,997.8933
1581013122354,997.88965
1581013122395,997.88745
1581013122435,997.8906
1581013122475,997.8899
1581013122515,997.89185
1581013122555,997.8884
1581013122599,997.88574
1581013122638,997.88965
1581013122677,997.897
1581013122715,997.89624
1581013122755,997.89185
1581013122795,997.8882
1581013122835,997.8772
1581013122875,997.8767
1581013122915,997.8872
1581013122956,997.8899
1581013122994,997.89355
1581013123035,997.89453
1581013123075,997.8904
1581013123115,997.88745
1581013123157,997.8845
1581013123195,997.8887
1581013123236,997.8916
1581013123275,997.89453
1581013123315,997.89307
1581013123356,997.8977
1581013123395,997.9048
1581013123435,997.8992
1581013123476,997.8948
1581013123515,997.89185
1581013123555,997.8904
1581013123595,997.8877
1581013123637,997.89624
1581013123675,997.89233
1581013123715,997.8887
1581013123760,997.8911
1581013123796,997.89136
1581013123835,997.8823
1581013123875,997.8899
1581013123915,997.89185
1581013123956,997.905
1581013123995,997.90405
1581013124035,997.89575
1581013124077,997.90234
1581013124115,997.8948
1581013124157,997.8965
1581013124196,997.895
1581013124235,997.88965
1581013124275,997.87964
1581013124315,997.8779
1581013124357,997.885
1581013124397,997.885
1581013124435,997.89307
1581013124475,997.8845
1581013124515,997.8928
1581013124556,997.8911
1581013124595,997.8989
1581013124635,997.89233
1581013124675,997.8916
1581013124715,997.9031
1581013124755,997.9033
1581013124795,997.8977
1581013124835,997.8899
1581013124875,997.8789
1581013124915,997.8738
1581013124957,997.8821
1581013124996,997.8782
1581013125037,997.87476
1581013125075,997.88257
1581013125115,997.88696
1581013125156,997.8882
1581013125195,997.88574
1581013125235,997.8784
1581013125276,997.87695
1581013125314,997.87695
1581013125359,997.8884
1581013125395,997.88965
1581013125435,997.89136
1581013125476,997.88745
1581013125516,997.8867
1581013125555,997.88916
1581013125595,997.88794
1581013125638,997.8828
1581013125676,997.8667
1581013125716,997.87085
1581013125756,997.88184
1581013125795,997.8804
1581013125835,997.875
1581013125875,997.8806
1581013125916,997.8906
1581013125958,997.8855
1581013125994,997.8889
1581013126035,997.8821
1581013126075,997.897
1581013126115,997.8882
1581013126158,997.8887
1581013126195,997.88135
1581013126235,997.8799
1581013126276,997.88354
1581013126315,997.87524
1581013126355,997.8821
1581013126395,997.8838
1581013126435,997.88306
1581013126475,997.87866
1581013126515,997.8711
1581013126556,997.87476
1581013126595,997.8843
1581013126635,997.8884
1581013126676,997.88403
1581013126716,997.8801
1581013126757,997.88257
1581013126795,997.8916
1581013126835,997.90015
1581013126876,997.8889
1581013126918,997.8867
1581013126955,997.88794
1581013126995,997.88086
1581013127035,997.88086
1581013127075,997.886
1581013127116,997.88525
1581013127156,997.8855
1581013127196,997.88403
1581013127235,997.88257
1581013127277,997.8843
1581013127315,997.8884
1581013127355,997.876
1581013127395,997.88403
1581013127435,997.8799
1581013127476,997.88184
1581013127515,997.8767
1581013127557,997.86914
1581013127595,997.87256
1581013127635,997.8696
1581013127675,997.8716
1581013127716,997.86426
1581013127757,997.8789
1581013127795,997.8745
1581013127834,997.88477
1581013127876,997.8865
1581013127915,997.875
1581013127955,997.8684
1581013127995,997.88477
1581013128035,997.8828
1581013128075,997.88965
1581013128115,997.8777
1581013128155,997.87305
1581013128195,997.8657
1581013128235,997.8699
1581013128276,997.8667
1581013128315,997.8684
1581013128355,997.8696
1581013128395,997.8696
1581013128435,997.8672
1581013128477,997.8655
1581013128515,997.87524
1581013128557,997.8782
1581013128595,997.8811
1581013128635,997.885
1581013128676,997.8816
1581013128715,997.8767
1581013128761,997.8843
1581013128795,997.88257
1581013128835,997.8728
1581013128876,997.87305
1581013128915,997.8672
1581013128958,997.86816
1581013128995,997.86255
1581013129034,997.8662
1581013129076,997.86523
1581013129116,997.86694
1581013129159,997.87915
1581013129195,997.86743
1581013129235,997.8728
1581013129275,997.8799
1581013129315,997.88257
1581013129356,997.8777
1581013129395,997.87573
1581013129435,997.8701
1581013129476,997.8672
1581013129515,997.87744
1581013129555,997.8821
1581013129595,997.8745
1581013129634,997.8723
1581013129676,997.88574
1581013129715,997.8855
1581013129755,997.8777
1581013129795,997.8762
1581013129836,997.875
1581013129876,997.8711
1581013129917,997.8677
1581013129956,997.8733
1581013129995,997.8716
1581013130036,997.8655
1581013130075,997.8677
1581013130115,997.86646
1581013130155,997.86426
1581013130195,997.86865
1581013130235,997.87695
1581013130276,997.8843
1581013130315,997.8877
1581013130355,997.8904
1581013130396,997.8762
1581013130435,997.874
1581013130475,997.8711
1581013130516,997.8689
1581013130557,997.86865
1581013130595,997.87256
1581013130634,997.8684
1581013130677,997.87476
1581013130715,997.8723
1581013130755,997.87573
1581013130795,997.8745
1581013130834,997.87964
1581013130876,997.87305
1581013130915,997.8716
1581013130955,997.86865
1581013130996,997.86694
1581013131035,997.87134
1581013131076,997.86475
1581013131115,997.8657
1581013131155,997.87134
1581013131196,997.8806
1581013131235,997.8779
1581013131278,997.86914
1581013131315,997.874
1581013131355,997.87476
1581013131395,997.8723
1581013131435,997.87036
1581013131475,997.8635
1581013131515,997.86694
1581013131555,997.8679
1581013131595,997.86084
1581013131635,997.8667
1581013131675,997.8723
1581013131715,997.8662
1581013131755,997.8689
1581013131795,997.87305
1581013131836,997.86865
1581013131875,997.87036
1581013131915,997.8728
1581013131955,997.87476
1581013131995,997.87476
1581013132034,997.875
1581013132077,997.8733
1581013132115,997.86914
1581013132155,997.87085
1581013132196,997.8711
1581013132235,997.8696
1581013132279,997.88086
1581013132315,997.8745
1581013132356,997.88525
1581013132396,997.8767
1581013132435,997.8821
1581013132479,997.874
1581013132515,997.87256
1581013132555,997.8782
1581013132596,997.88184
1581013132635,997.87866
1581013132675,997.87866
1581013132715,997.87866
1581013132756,997.87866
1581013132797,997.87085
1581013132835,997.8699
1581013132876,997.8779
1581013132915,997.88086
1581013132955,997.88135
1581013132996,997.8772
1581013133035,997.8745
1581013133076,997.8733
1581013133115,997.8701
1581013133155,997.87085
1581013133195,997.8679
1581013133237,997.87256
1581013133276,997.8745
1581013133315,997.87134
1581013133354,997.8616
1581013133395,997.8518
1581013133435,997.85156
1581013133476,997.85913
1581013133516,997.8677
1581013133555,997.8657
1581013133596,997.86694
1581013133635,997.8606
1581013133676,997.8655
1581013133715,997.8689
1581013133754,997.8867
1581013133795,997.89233
1581013133836,997.88354
1581013133880,997.8804
1581013133915,997.87695
1581013133955,997.8755
1581013133996,997.8745
1581013134036,997.87134
1581013134076,997.87476
1581013134116,997.87085
1581013134155,997.87744
1581013134196,997.8689
1581013134235,997.88135
1581013134277,997.88525
1581013134315,997.875
1581013134355,997.87427
1581013134396,997.86255
1581013134435,997.8667
1581013134475,997.8679
1581013134515,997.87256
1581013134555,997.8721
1581013134595,997.87134
1581013134635,997.86816
1581013134678,997.8638
1581013134715,997.8694
1581013134755,997.8657
1581013134796,997.86523
1581013134834,997.8616
1581013134875,997.8679
1581013134915,997.86304
1581013134955,997.85645
1581013134996,997.85254
1581013135035,997.8479
1581013135075,997.84937
1581013135115,997.8511
1581013135155,997.8594
1581013135196,997.8633
1581013135235,997.86035
1581013135275,997.8613
1581013135315,997.8589
1581013135355,997.8628
1581013135396,997.8596
1581013135435,997.8562
1581013135476,997.8601
1581013135515,997.8638
1581013135555,997.86426
1581013135594,997.85864
1581013135635,997.8552
1581013135674,997.8579
1581013135715,997.8501
1581013135755,997.86084
1581013135796,997.86035
1581013135835,997.87476
1581013135875,997.8718
1581013135916,997.87085
1581013135955,997.86816
1581013135996,997.8657
1581013136034,997.8633
1581013136075,997.85986
1581013136115,997.86206
1581013136155,997.8657
1581013136196,997.8738
1581013136237,997.8779
1581013136275,997.8706
1581013136317,997.8723
1581013136355,997.8694
1581013136396,997.8677
1581013136435,997.8718
1581013136476,997.86914
1581013136515,997.8721
1581013136555,997.85986
1581013136598,997.8633
1581013136635,997.8635
1581013136675,997.86255
1581013136715,997.86426
1581013136755,997.87134
1581013136795,997.8679
1581013136835,997.876
1581013136875,997.874
1581013136915,997.8723
1581013136955,997.86865
1581013136995,997.87524
1581013137036,997.87646
1581013137075,997.86597
1581013137116,997.86206
1581013137155,997.8572
1581013137196,997.8672
1581013137235,997.86816
1581013137275,997.8645
1581013137315,997.86084
1581013137355,997.86206
1581013137395,997.865
1581013137435,997.8762
1581013137475,997.8701
1581013137516,997.875
1581013137555,997.87354
1581013137596,997.8689
1581013137635,997.8723
1581013137676,997.87354
1581013137715,997.87866
1581013137755,997.87354
1581013137795,997.88135
1581013137835,997.886
1581013137875,997.88184
1581013137916,997.8872
1581013137955,997.89526
1581013137996,997.8904
1581013138035,997.89355
1581013138074,997.89624
1581013138118,997.89136
1581013138155,997.8977
1581013138197,997.8955
1581013138235,997.90186
1581013138275,997.9004
1581013138316,997.8992
1581013138355,997.90356
1581013138397,997.90894
1581013138435,997.91943
1581013138475,997.9192
1581013138515,997.9131
1581013138555,997.9153
1581013138597,997.9138
1581013138635,997.91406
1581013138675,997.9175
1581013138715,997.9192
1581013138755,997.9136
1581013138796,997.91284
1581013138835,997.91455
1581013138875,997.9126
1581013138917,997.9155
1581013138955,997.9136
1581013138998,997.92065
1581013139035,997.92114
1581013139075,997.92334
1581013139115,997.92236
1581013139155,997.9158
1581013139197,997.92114
1581013139236,997.9287
1581013139275,997.9375
1581013139316,997.94434
1581013139355,997.9387
1581013139396,997.9402
1581013139435,997.9331
1581013139476,997.9263
1581013139515,997.9302
1581013139555,997.9287
1581013139597,997.9282
1581013139635,997.9321
1581013139674,997.9263
1581013139716,997.92114
1581013139755,997.92334
1581013139799,997.92847
1581013139834,997.9258
1581013139875,997.9236
1581013139916,997.9265
1581013139955,997.9275
1581013139997,997.9314
1581013140035,997.9314
1581013140075,997.93115
1581013140115,997.93774
1581013140155,997.93164
1581013140195,997.9302
1581013140236,997.9282
1581013140275,997.93066
1581013140316,997.938
1581013140355,997.9331
1581013140395,997.9231
1581013140435,997.92017
1581013140474,997.92505
1581013140516,997.93164
1581013140555,997.92847
1581013140596,997.93066
1581013140635,997.93774
1581013140675,997.92773
1581013140716,997.92725
1581013140755,997.9365
1581013140795,997.9297
1581013140835,997.9343
1581013140875,997.9343
1581013140915,997.93164
1581013140955,997.9331
1581013140995,997.9363
1581013141036,997.92993
1581013141075,997.93384
1581013141116,997.92993
1581013141155,997.9304
1581013141195,997.93945
1581013141236,997.93384
1581013141275,997.92944
1581013141317,997.92285
1581013141355,997.9138
1581013141398,997.91504
1581013141435,997.916
1581013141475,997.91235
1581013141515,997.91235
1581013141555,997.91724
1581013141595,997.9221
1581013141634,997.92114
1581013141675,997.9133
1581013141716,997.91797
1581013141755,997.90405
1581013141795,997.9055
1581013141835,997.9065
1581013141875,997.9087
1581013141915,997.9138
1581013141955,997.91284
1581013141995,997.9116
1581013142035,997.91504
1581013142074,997.916
1581013142116,997.9131
1581013142155,997.91016
1581013142195,997.91797
1581013142237,997.9226
1581013142274,997.9265
1581013142317,997.926
1581013142356,997.92065
1581013142395,997.9175
1581013142435,997.9114
1581013142475,997.90845
1581013142517,997.90576
1581013142555,997.90283
1581013142595,997.9072
1581013142635,997.90845
1581013142675,997.9055
1581013142715,997.89453
1581013142755,997.89844
1581013142795,997.8943
1581013142835,997.9038
1581013142874,997.9031
1581013142916,997.9114
1581013142954,997.91626
1581013142995,997.906
1581013143036,997.90845
1581013143075,997.90186
1581013143117,997.9053
1581013143155,997.9082
1581013143195,997.9077
1581013143237,997.9109
1581013143276,997.9175
1581013143315,997.9236
1581013143355,997.91943
1581013143395,997.91626
1581013143435,997.9221
1581013143475,997.9214
1581013143516,997.91724
1581013143555,997.9136
1581013143595,997.9104
1581013143635,997.90234
1581013143676,997.89795
1581013143716,997.9055
1581013143755,997.9082
1581013143795,997.89307
1581013143835,997.9026
1581013143875,997.8872
1581013143917,997.88794
1581013143955,997.8855
1581013143995,997.8933
1581013144036,997.88916
1581013144075,997.8843
1581013144115,997.8865
1581013144155,997.8855
1581013144195,997.8838
1581013144235,997.88086
1581013144277,997.8865
1581013144316,997.8845
1581013144355,997.8804
1581013144395,997.885
1581013144438,997.88916
1581013144475,997.8843
1581013144516,997.88135
1581013144555,997.8872
1581013144595,997.8845
1581013144635,997.8838
1581013144676,997.88525
1581013144715,997.8784
1581013144755,997.8821
1581013144795,997.88354
1581013144835,997.88477
1581013144876,997.88525
1581013144915,997.8784
1581013144956,997.8784
1581013144995,997.8845
1581013145034,997.89185
1581013145075,997.88525
1581013145115,997.8855
1581013145155,997.8862
1581013145195,997.87476
1581013145236,997.875
1581013145276,997.87866
1581013145316,997.875
1581013145355,997.874
1581013145395,997.87695
1581013145437,997.8801
1581013145475,997.8855
1581013145516,997.8799
1581013145557,997.8767
1581013145595,997.875
1581013145637,997.86865
1581013145675,997.86865
1581013145715,997.87085
1581013145755,997.86646
1581013145795,997.86304
1581013145835,997.86206
1581013145874,997.8606
1581013145915,997.853
1581013145956,997.86035
1581013145995,997.8513
1581013146036,997.8518
1581013146075,997.853
1581013146116,997.8535
1581013146155,997.8584
1581013146195,997.85547
1581013146236,997.85254
1581013146275,997.8606
1581013146315,997.85376
1581013146355,997.8562
1581013146395,997.85156
1581013146436,997.8508
1581013146475,997.8484
1581013146515,997.8545
1581013146555,997.8596
1581013146595,997.8635
1581013146638,997.85474
1581013146675,997.8523
1581013146715,997.845
1581013146756,997.84937
1581013146795,997.8518
1581013146835,997.85547
1581013146875,997.8552
1581013146915,997.8589
1581013146955,997.8623
1581013146995,997.8594
1581013147037,997.8667
1581013147076,997.8638
1581013147115,997.86426
1581013147154,997.86523
1581013147195,997.8613
1581013147237,997.855
1581013147275,997.85767
1581013147316,997.85693
1581013147356,997.86523
1581013147395,997.8672
1581013147435,997.8628
1581013147475,997.86304
1581013147515,997.85986
1581013147555,997.8572
1581013147595,997.8562
1581013147636,997.86304
1581013147675,997.8645
1581013147714,997.8513
1581013147756,997.85913
1581013147795,997.86914
1581013147835,997.87256
1581013147876,997.8645
1581013147915,997.8606
1581013147956,997.8623
1581013147995,997.8545
1581013148037,997.85474
1581013148075,997.8501
1581013148115,997.84595
1581013148154,997.8518
1581013148194,997.84863
1581013148234,997.8508
1581013148275,997.85156
1581013148315,997.84644
1581013148356,997.84814
1581013148395,997.84717
1581013148435,997.84326
1581013148476,997.84375
1581013148516,997.8457
1581013148555,997.8572
1581013148595,997.85474
1581013148634,997.85596
1581013148674,997.85645
1581013148715,997.8528
1581013148755,997.8508
1581013148795,997.8469
1581013148836,997.8484
1581013148876,997.8506
1581013148915,997.85376
1581013148956,997.8567
1581013148995,997.8616
1581013149035,997.8584
1581013149075,997.86426
1581013149116,997.85864
1581013149156,997.855
1581013149195,997.85376
1581013149237,997.85596
1581013149275,997.8511
1581013149315,997.845
1581013149356,997.8484
1581013149395,997.8572
1581013149436,997.87134
1581013149476,997.8716
1581013149515,997.85767
1581013149556,997.8572
1581013149595,997.8601
1581013149635,997.85815
1581013149675,997.85645
1581013149715,997.8523
1581013149755,997.8633
1581013149795,997.8613
1581013149837,997.8679
1581013149875,997.8672
1581013149915,997.86426
1581013149955,997.8689
1581013149994,997.86597
1581013150035,997.87036
1581013150075,997.87305
1581013150115,997.8738
1581013150155,997.876
1581013150196,997.87427
1581013150235,997.87134
1581013150275,997.8833
1581013150315,997.885
1581013150356,997.8899
1581013150397,997.9026
1581013150435,997.90674
1581013150475,997.9099
1581013150514,997.9126
1581013150557,997.9104
1581013150598,997.9009
1581013150635,997.9075
1581013150674,997.9094
1581013150715,997.91064
1581013150755,997.91064
1581013150796,997.9121
1581013150836,997.926
1581013150875,997.926
1581013150915,997.9275
1581013150956,997.9287
1581013150996,997.91284
1581013151035,997.90405
1581013151075,997.8982
1581013151115,997.9092
1581013151156,997.9053
1581013151196,997.90283
1581013151235,997.91064
1581013151275,997.9133
1581013151314,997.91064
1581013151356,997.9082
1581013151395,997.90845
1581013151436,997.9099
1581013151475,997.91724
1581013151515,997.91504
1581013151556,997.91455
1581013151595,997.9126
1581013151635,997.9182
1581013151675,997.9126
1581013151715,997.90894
1581013151756,997.89844
1581013151795,997.9133
1581013151834,997.9153
1581013151875,997.91675
1581013151918,997.9065
1581013151955,997.90625
1581013151995,997.90625
1581013152038,997.90625
1581013152075,997.91016
1581013152115,997.90674
1581013152156,997.9094
1581013152195,997.9109
1581013152235,997.9033
1581013152275,997.9077
1581013152315,997.90674
1581013152357,997.9011
1581013152395,997.90894
1581013152434,997.90796
1581013152475,997.906
1581013152514,997.9075
1581013152556,997.9038
1581013152595,997.91016
1581013152635,997.90967
1581013152675,997.90137
1581013152716,997.90625
1581013152756,997.9031
1581013152795,997.89966
1581013152835,997.8989
1581013152875,997.8938
1581013152915,997.8921
1581013152956,997.89136
1581013152995,997.8894
1581013153035,997.896
1581013153075,997.9004
1581013153115,997.89844
1581013153158,997.907
1581013153195,997.91797
1581013153235,997.9116
1581013153276,997.9043
1581013153315,997.8987
1581013153356,997.9021
1581013153396,997.90015
1581013153435,997.89355
1581013153475,997.89185
1581013153515,997.8943
1581013153555,997.88794
1581013153595,997.89575
1581013153635,997.89624
1581013153676,997.8928
1581013153714,997.8882
1581013153755,997.8889
1581013153796,997.8838
1581013153835,997.8833
1581013153875,997.87915
1581013153916,997.88257
1581013153957,997.88696
1581013153995,997.8843
1581013154035,997.8894
1581013154075,997.8977
1581013154115,997.89966
1581013154157,997.89453
1581013154195,997.89624
1581013154234,997.8884
1581013154276,997.8887
1581013154315,997.87573
1581013154358,997.875
1581013154395,997.875
1581013154435,997.87964
1581013154476,997.8828
1581013154517,997.88135
1581013154555,997.88525
1581013154598,997.88086
1581013154635,997.88354
1581013154675,997.8838
1581013154715,997.87866
1581013154755,997.87573
1581013154796,997.8718
1581013154834,997.87427
1581013154875,997.8728
1581013154915,997.86865
1581013154954,997.87305
1581013154995,997.8701
1581013155035,997.86816
1581013155075,997.8657
1581013155116,997.8623
1581013155155,997.86255
1581013155195,997.87524
1581013155235,997.8789
1581013155276,997.8777
1581013155315,997.8762
1581013155359,997.8779
1581013155395,997.87476
1581013155435,997.87695
1581013155477,997.8828
1581013155515,997.87915
1581013155556,997.8823
1581013155595,997.8794
1581013155635,997.8767
1581013155676,997.865
1581013155715,997.8552
1581013155757,997.8572
1581013155795,997.8638
1581013155835,997.85693
1581013155875,997.84766
1581013155915,997.8428
1581013155956,997.83887
1581013155995,997.844
1581013156034,997.8501
1581013156075,997.8557
1581013156115,997.8657
1581013156156,997.8618
1581013156195,997.8574
1581013156235,997.85474
1581013156275,997.8445
1581013156315,997.84546
1581013156355,997.84424
1581013156396,997.8489
1581013156435,997.8528
1581013156477,997.8467
1581013156514,997.84033
1581013156557,997.8418
1581013156594,997.84033
1581013156635,997.8518
1581013156675,997.86035
1581013156715,997.8533
1581013156756,997.853
1581013156796,997.8535
1581013156835,997.84595
1581013156875,997.8447
1581013156915,997.8435
1581013156955,997.845
1581013156996,997.8469
1581013157035,997.85596
1581013157076,997.85034
1581013157115,997.8562
1581013157157,997.8508
1581013157195,997.8501
1581013157234,997.85034
1581013157276,997.85034
1581013157315,997.85693
1581013157355,997.85547
1581013157395,997.8545
1581013157435,997.854
1581013157476,997.8584
1581013157515,997.8579
1581013157556,997.84644
1581013157595,997.84863
1581013157636,997.85376
1581013157675,997.855
1581013157714,997.84863
1581013157755,997.8511
1581013157795,997.843
1581013157835,997.84863
1581013157877,997.84937
1581013157916,997.8462
1581013157955,997.84985
1581013157995,997.85376
1581013158035,997.86597
1581013158078,997.8594
1581013158115,997.8535
1581013158155,997.8523
1581013158195,997.8469
1581013158235,997.84644
1581013158275,997.843
1581013158315,997.8479
1581013158355,997.8435
1581013158395,997.8435
1581013158434,997.83936
1581013158475,997.84204
1581013158516,997.84375
1581013158554,997.84766
1581013158595,997.8435
1581013158634,997.8474
1581013158678,997.8445
1581013158715,997.8401
1581013158756,997.8362
1581013158794,997.8413
1581013158835,997.83984
1581013158877,997.85645
1581013158915,997.8484
1581013158955,997.8535
1581013158995,997.85596
1581013159035,997.85425
1581013159075,997.8552
1581013159115,997.84814
1581013159155,997.8467
1581013159195,997.8533
1581013159235,997.85425
1581013159276,997.855
1581013159316,997.8594
1581013159356,997.85913
1581013159396,997.8616
1581013159436,997.8511
1581013159476,997.85034
1581013159515,997.85425
1581013159555,997.8584
1581013159595,997.8535
1581013159635,997.8545
1581013159676,997.85547
1581013159715,997.8523
1581013159755,997.84717
1581013159796,997.8445
1581013159835,997.8391
1581013159876,997.8342
1581013159915,997.8362
1581013159955,997.83496
1581013159995,997.83813
1581013160035,997.83936
1581013160075,997.83716
1581013160115,997.8369
1581013160155,997.83545
1581013160195,997.84033
1581013160234,997.843
1581013160275,997.8406
1581013160315,997.84155
1581013160355,997.84106
1581013160395,997.853
1581013160438,997.85034
1581013160477,997.8474
1581013160515,997.843
1581013160556,997.84033
1581013160596,997.8367
1581013160637,997.8452
1581013160676,997.8391
1581013160715,997.844
1581013160755,997.84863
1581013160797,997.8428
1581013160835,997.844
1581013160876,997.8452
1581013160915,997.85425
1581013160955,997.85913
1581013160996,997.8574
1581013161035,997.85376
1581013161076,997.8613
1581013161115,997.85986
1581013161155,997.8511
1581013161195,997.84717
1581013161235,997.8452
1581013161276,997.84424
1581013161315,997.843
1581013161354,997.8396
1581013161395,997.85645
1581013161435,997.85254
1581013161475,997.85815
1581013161516,997.8462
1581013161554,997.853
1581013161596,997.85376
1581013161635,997.8469
1581013161679,997.8447
1581013161716,997.84766
1581013161755,997.843
1581013161797,997.845
1581013161835,997.8489
1581013161875,997.8594
1581013161915,997.8567
1581013161954,997.84937
1581013161995,997.8474
1581013162035,997.8452
1581013162078,997.8391
1581013162116,997.83545
1581013162154,997.84326
1581013162197,997.85474
1581013162235,997.8523
1581013162278,997.853
1581013162317,997.84644
1581013162355,997.8386
1581013162395,997.8374
1581013162434,997.84424
1581013162477,997.84595
1581013162515,997.85425
1581013162555,997.85986
1581013162595,997.8611
1581013162635,997.8589
1581013162676,997.8633
1581013162714,997.85547
1581013162756,997.84937
1581013162799,997.83765
1581013162835,997.83936
1581013162876,997.84424
1581013162915,997.84863
1581013162955,997.8523
1581013162996,997.854
1581013163035,997.84546
1581013163075,997.8401
1581013163115,997.8345
1581013163155,997.8347
1581013163196,997.8484
1581013163234,997.84985
1581013163275,997.84424
1581013163315,997.84033
1581013163355,997.8296
1581013163397,997.8342
1581013163435,997.83496
1581013163476,997.8408
1581013163516,997.8484
1581013163555,997.8545
1581013163596,997.8457
1581013163635,997.8511
1581013163675,997.8489
1581013163714,997.8396
1581013163755,997.8345
1581013163796,997.8357
1581013163835,997.83594
1581013163875,997.8369
1581013163914,997.8374
1581013163955,997.8335
1581013163996,997.8347
1581013164035,997.83887
1581013164076,997.844
1581013164116,997.8396
1581013164155,997.843
1581013164196,997.843
1581013164235,997.8406
1581013164275,997.8369
1581013164317,997.8362
1581013164355,997.83765
1581013164395,997.83276
1581013164434,997.8352
1581013164475,997.83936
1581013164515,997.83813
1581013164555,997.8406
1581013164595,997.85205
1581013164635,997.84863
1581013164675,997.84546
1581013164715,997.8445
1581013164755,997.8513
1581013164797,997.84106
1581013164835,997.8374
1581013164875,997.83716
1581013164915,997.83936
1581013164955,997.84033
1581013164995,997.83765
1581013165035,997.8408
1581013165074,997.833
1581013165115,997.8396
1581013165155,997.8401
1581013165195,997.8401
1581013165236,997.8386
1581013165276,997.8347
1581013165319,997.84106
1581013165355,997.8396
1581013165395,997.844
1581013165435,997.843
1581013165478,997.8418
1581013165515,997.83984
1581013165555,997.83984
1581013165595,997.834
1581013165635,997.8379
1581013165679,997.8281
1581013165715,997.83057
1581013165755,997.8347
1581013165797,997.8367
1581013165835,997.83887
1581013165875,997.8384
1581013165915,997.8513
1581013165955,997.8535
1581013165995,997.8452
1581013166035,997.84546
1581013166075,997.84204
1581013166115,997.8379
1581013166156,997.8396
1581013166197,997.83716
1581013166235,997.8396
1581013166276,997.84106
1581013166315,997.8428
1581013166355,997.84155
1581013166399,997.8374
1581013166435,997.8369
1581013166476,997.8386
1581013166516,997.83374
1581013166555,997.8369
1581013166596,997.8418
1581013166635,997.83105
1581013166675,997.834
1581013166715,997.8345
1581013166755,997.84106
1581013166796,997.8435
1581013166834,997.8452
1581013166875,997.84863
1581013166915,997.8457
1581013166955,997.8357
1581013166995,997.84106
1581013167035,997.8352
1581013167075,997.8379
1581013167116,997.8367
1581013167155,997.83765
1581013167197,997.8435
1581013167235,997.84204
1581013167276,997.8396
1581013167316,997.8401
1581013167356,997.8396
1581013167396,997.84814
1581013167435,997.84863
1581013167475,997.83374
1581013167515,997.83716
1581013167554,997.8347
1581013167598,997.8406
1581013167635,997.84033
1581013167675,997.8452
1581013167715,997.845
1581013167755,997.85596
1581013167796,997.8506
1581013167835,997.854
1581013167875,997.8484
1581013167916,997.84766
1581013167956,997.8425
1581013167995,997.8474
1581013168035,997.8484
1581013168075,997.84424
1581013168116,997.84814
1581013168155,997.8462
1581013168201,997.8467
1581013168235,997.843
1581013168275,997.8462
1581013168315,997.8345
1581013168355,997.8425
1581013168398,997.845
1581013168435,997.8379
1581013168475,997.83887
1581013168515,997.8406
1581013168556,997.8406
1581013168595,997.8364
1581013168635,997.82764
1581013168675,997.8259
1581013168716,997.8335
1581013168754,997.83765
1581013168795,997.84375
1581013168835,997.8501
1581013168875,997.84814
1581013168915,997.8435
1581013168957,997.84644
1581013168995,997.843
1581013169035,997.8386
1581013169075,997.8352
1581013169116,997.8357
1581013169155,997.83374
1581013169195,997.8352
1581013169235,997.83887
1581013169275,997.83496
1581013169317,997.8345
1581013169355,997.83545
1581013169396,997.8428
1581013169436,997.8325
1581013169475,997.843
1581013169516,997.84424
1581013169555,997.8347
1581013169597,997.8259
1581013169635,997.8301
1581013169675,997.83594
1581013169715,997.83203
1581013169754,997.83984
1581013169795,997.8401
1581013169835,997.854
1581013169875,997.84766
1581013169915,997.8369
1581013169958,997.8364
1581013169995,997.83887
1581013170035,997.8423
1581013170075,997.8364
1581013170116,997.83154
1581013170156,997.82983
1581013170197,997.84033
1581013170236,997.8418
1581013170277,997.8374
1581013170316,997.83203
1581013170355,997.8303
1581013170397,997.8281
1581013170434,997.8301
1581013170475,997.82104
1581013170518,997.8269
1581013170555,997.8262
1581013170595,997.8262
1581013170635,997.8269
1581013170675,997.83716
1581013170717,997.8347
1581013170755,997.83765
1581013170797,997.83496
1581013170836,997.8323
1581013170876,997.82886
1581013170915,997.8325
1581013170955,997.8362
1581013170994,997.8301
1581013171035,997.83374
1581013171075,997.84033
1581013171116,997.8435
1581013171155,997.8423
1581013171195,997.84644
1581013171235,997.84595
1581013171275,997.845
1581013171316,997.8474
1581013171356,997.84204
1581013171395,997.83813
1581013171435,997.83496
1581013171475,997.83105
1581013171515,997.8291
1581013171555,997.82324
1581013171595,997.8257
1581013171635,997.8291
1581013171674,997.83716
1581013171716,997.8303
1581013171755,997.8247
1581013171795,997.82324
1581013171835,997.83105
1581013171875,997.82666
1581013171918,997.8281
1581013171955,997.8408
1581013171997,997.8418
1581013172035,997.8318
1581013172075,997.8335
1581013172115,997.83936
1581013172155,997.84204
1581013172195,997.84155
1581013172235,997.8384
1581013172276,997.83936
1581013172324,997.8445
1581013172354,997.8435
1581013172395,997.84326
1581013172435,997.82764
1581013172476,997.8225
1581013172516,997.8281
1581013172555,997.82983
1581013172596,997.8357
1581013172635,997.8364
1581013172675,997.8345
1581013172715,997.8274
1581013172755,997.8362
1581013172794,997.83594
1581013172837,997.8369
1581013172874,997.8345
1581013172915,997.83105
1581013172955,997.8352
1581013172995,997.834
1581013173036,997.83594
1581013173075,997.83105
1581013173116,997.833
1581013173156,997.84375
1581013173195,997.8445
1581013173236,997.8413
1581013173275,997.8352
1581013173317,997.8347
1581013173355,997.83154
1581013173395,997.8362
1581013173436,997.8357
1581013173475,997.83984
1581013173515,997.8379
1581013173554,997.8423
1581013173595,997.8391
1581013173635,997.8352
1581013173675,997.8374
1581013173716,997.83374
1581013173756,997.82764
1581013173795,997.8264
1581013173835,997.82886
1581013173875,997.8286
1581013173915,997.8235
1581013173954,997.82544
1581013173995,997.82715
1581013174036,997.8313
1581013174075,997.8264
1581013174115,997.8303
1581013174155,997.83374
1581013174196,997.8384
1581013174235,997.8384
1581013174275,997.83765
1581013174320,997.83545
1581013174355,997.84204
1581013174395,997.8484
1581013174435,997.8457
1581013174475,997.84863
1581013174515,997.84644
1581013174555,997.84424
1581013174595,997.83813
1581013174637,997.83984
1581013174675,997.8308
1581013174715,997.8335
1581013174754,997.8313
1581013174795,997.8367
1581013174835,997.83936
1581013174875,997.8423
1581013174915,997.84326
1581013174955,997.8406
1581013174995,997.83765
1581013175036,997.8308
1581013175075,997.8208
1581013175117,997.8301
1581013175155,997.82446
1581013175195,997.82837
1581013175235,997.833
1581013175275,997.8286
1581013175320,997.8364
1581013175356,997.8362
1581013175395,997.8296
1581013175438,997.8335
1581013175476,997.8264
1581013175516,997.8374
1581013175555,997.8325
1581013175595,997.8323
1581013175637,997.82715
1581013175675,997.8279
1581013175715,997.82764
1581013175755,997.8269
1581013175795,997.8257
1581013175836,997.8379
1581013175875,997.8313
1581013175916,997.8364
1581013175955,997.8369
1581013175994,997.8406
1581013176035,997.83716
1581013176075,997.8342
1581013176115,997.834
1581013176155,997.84155
1581013176195,997.84326
1581013176237,997.8428
1581013176275,997.8401
1581013176315,997.8335
1581013176355,997.8291
1581013176396,997.83203
1581013176435,997.83057
1581013176476,997.8218
1581013176515,997.8303
1581013176554,997.83496
1581013176595,997.84424
1581013176636,997.8364
1581013176675,997.83594
1581013176715,997.8352
1581013176755,997.8259
1581013176796,997.8257
1581013176837,997.8237
1581013176877,997.8264
1581013176915,997.8257
1581013176955,997.8252
1581013176995,997.8281
1581013177035,997.82886
1581013177075,997.8364
1581013177115,997.8291
1581013177156,997.82983
1581013177195,997.8342
1581013177237,997.8352
1581013177275,997.83594
1581013177315,997.8345
1581013177355,997.83984
1581013177395,997.8508
1581013177435,997.85034
1581013177475,997.8447
1581013177515,997.8457
1581013177555,997.84766
1581013177595,997.8413
1581013177634,997.8313
1581013177675,997.83594
1581013177715,997.8428
1581013177754,997.84595
1581013177795,997.8406
1581013177835,997.8457
1581013177875,997.85547
1581013177915,997.85034
1581013177955,997.85596
1581013177995,997.84644
1581013178036,997.8489
1581013178076,997.84644
1581013178117,997.84106
1581013178157,997.8391
1581013178195,997.84204
1581013178237,997.84985
1581013178276,997.8501
1581013178315,997.8491
1581013178356,997.8496
1581013178394,997.8491
1581013178436,997.8413
1581013178475,997.8396
1581013178515,997.83325
1581013178555,997.83374
1581013178595,997.843
1581013178635,997.844
1581013178675,997.8408
1581013178715,997.8408
1581013178755,997.84717
1581013178795,997.84375
1581013178835,997.8447
1581013178875,997.84766
1581013178915,997.8408
1581013178955,997.8428
1581013178994,997.8418
1581013179035,997.84106
1581013179075,997.843
1581013179116,997.84595
1581013179155,997.84595
1581013179195,997.8467
1581013179235,997.8435
1581013179275,997.844
1581013179314,997.84204
1581013179357,997.8469
1581013179395,997.8445
1581013179436,997.84375
1581013179475,997.84204
1581013179515,997.8445
1581013179555,997.84326
1581013179595,997.8413
1581013179638,997.8391
1581013179675,997.8423
1581013179715,997.8352
1581013179756,997.83594
1581013179795,997.8335
1581013179836,997.8425
1581013179875,997.8418
1581013179915,997.834
1581013179955,997.8325
1581013179994,997.8369
1581013180035,997.8462
1581013180075,997.8506
1581013180114,997.8513
1581013180155,997.8352
1581013180195,997.84326
1581013180235,997.8435
1581013180275,997.843
1581013180316,997.8445
1581013180355,997.8452
1581013180395,997.8445
1581013180435,997.844
1581013180475,997.8318
1581013180514,997.8367
1581013180555,997.8435
1581013180594,997.84326
1581013180634,997.84424
1581013180675,997.8508
1581013180715,997.8533
1581013180755,997.8469
1581013180795,997.844
1581013180835,997.84937
1581013180875,997.83594
1581013180915,997.8379
1581013180955,997.84033
1581013180995,997.8462
1581013181035,997.8501
1581013181075,997.8511
1581013181114,997.85376
1581013181155,997.8518
1581013181194,997.844
1581013181234,997.843
1581013181274,997.8508
1581013181314,997.8425
1581013181354,997.83716
1581013181395,997.8335
1581013181435,997.8367
1581013181476,997.83813
1581013181515,997.82983
1581013181556,997.8323
1581013181596,997.8269
1581013181636,997.82495
1581013181675,997.8191
1581013181714,997.8242
1581013181754,997.82544
1581013181794,997.8274
1581013181835,997.83765
1581013181875,997.8423
1581013181914,997.8352
1581013181956,997.8396
1581013181995,997.8342
1581013182035,997.8391
1581013182076,997.8342
1581013182115,997.8386
1581013182155,997.83813
1581013182196,997.8364
1581013182235,997.8462
1581013182275,997.84766
1581013182315,997.8484
1581013182355,997.8447
1581013182395,997.8435
1581013182435,997.8367
1581013182476,997.8425
1581013182515,997.84204
1581013182555,997.8357
1581013182595,997.83813
1581013182635,997.8384
1581013182676,997.83936
1581013182715,997.83813
1581013182755,997.83984
1581013182795,997.8379
1581013182835,997.833
1581013182875,997.82983
1581013182915,997.8374
1581013182956,997.833
1581013182995,997.83154
1581013183035,997.8352
1581013183075,997.83154
1581013183115,997.8379
1581013183155,997.8369
1581013183195,997.82983
1581013183237,997.8352
1581013183276,997.83374
1581013183315,997.8335
1581013183355,997.8303
1581013183395,997.8303
1581013183435,997.8237
1581013183476,997.82446
1581013183514,997.83154
1581013183555,997.8362
1581013183595,997.8384
1581013183634,997.8474
1581013183675,997.84644
1581013183715,997.8413
1581013183755,997.84424
1581013183795,997.8418
1581013183835,997.8408
1581013183875,997.834
1581013183915,997.8345
1581013183955,997.83887
1581013183996,997.8396
1581013184036,997.83887
1581013184075,997.8428
1581013184114,997.8386
1581013184155,997.8335
1581013184195,997.8318
1581013184235,997.833
1581013184275,997.8279
1581013184315,997.8301
1581013184354,997.834
1581013184394,997.83594
1581013184435,997.83936
1581013184475,997.8367
1581013184515,997.8281
1581013184555,997.82544
1581013184595,997.833
1581013184635,997.8213
1581013184676,997.82764
1581013184715,997.8367
1581013184756,997.8345
1581013184796,997.8345
1581013184834,997.83374
1581013184876,997.83545
1581013184915,997.84033
1581013184955,997.84985
1581013184996,997.8408
1581013185035,997.8313
1581013185076,997.8313
1581013185115,997.8401
1581013185156,997.8379
1581013185195,997.8374
1581013185235,997.844
1581013185276,997.8435
1581013185314,997.84766
1581013185355,997.84546
1581013185395,997.8496
1581013185435,997.8489
1581013185475,997.844
1581013185515,997.83325
1581013185555,997.83154
1581013185596,997.8325
1581013185636,997.83105
1581013185675,997.8303
1581013185715,997.83496
1581013185755,997.83496
1581013185799,997.83374
1581013185835,997.82935
1581013185876,997.82764
1581013185915,997.82715
1581013185955,997.8264
1581013185994,997.82104
1581013186034,997.823
1581013186076,997.823
1581013186115,997.82007
1581013186155,997.82324
1581013186194,997.8237
1581013186235,997.8362
1581013186275,997.84546
1581013186316,997.8386
1581013186356,997.8379
1581013186395,997.8357
1581013186435,997.8357
1581013186475,997.833
1581013186514,997.83374
1581013186554,997.8345
1581013186594,997.8379
1581013186634,997.8379
1581013186675,997.8374
1581013186715,997.83716
1581013186754,997.8345
1581013186795,997.82983
1581013186835,997.83057
1581013186875,997.8274
1581013186915,997.8259
1581013186955,997.8259
1581013186996,997.82544
1581013187035,997.8196
1581013187077,997.8242
1581013187115,997.8257
1581013187155,997.8279
1581013187195,997.82446
1581013187235,997.82983
1581013187278,997.83057
1581013187314,997.8281
1581013187355,997.82837
1581013187395,997.8296
1581013187435,997.82104
1581013187478,997.83276
1581013187515,997.8303
1581013187555,997.8225
1581013187595,997.82007
1581013187635,997.8142
1581013187675,997.82544
1581013187715,997.83154
1581013187759,997.834
1581013187795,997.8347
1581013187835,997.8413
1581013187876,997.84106
1581013187915,997.84326
1581013187954,997.8357
1581013187995,997.8313
1581013188035,997.81885
1581013188076,997.8208
1581013188115,997.8208
1581013188155,997.8291
1581013188195,997.8257
1581013188235,997.8218
1581013188277,997.82715
1581013188315,997.8225
1581013188355,997.8274
1581013188395,997.82275
1581013188435,997.81714
1581013188475,997.82007
1581013188514,997.823
1581013188554,997.8218
1581013188595,997.8286
1581013188635,997.8242
1581013188676,997.8264
1581013188715,997.82886
1581013188755,997.83716
1581013188797,997.8342
1581013188835,997.8325
1581013188877,997.8401
1581013188915,997.83936
1581013188955,997.84375
1581013188996,997.844
1581013189035,997.8501
1581013189076,997.84375
1581013189115,997.84155
1581013189154,997.8379
1581013189195,997.83716
1581013189234,997.8335
1581013189275,997.83545
1581013189315,997.834
1581013189355,997.824
1581013189395,997.8257
1581013189435,997.82495
1581013189476,997.82715
1581013189515,997.82153
1581013189555,997.8252
1581013189595,997.8323
1581013189635,997.8264
1581013189676,997.82544
1581013189715,997.8247
1581013189754,997.8181
1581013189796,997.83105
1581013189835,997.82446
1581013189876,997.8235
1581013189915,997.82153
1581013189956,997.8179
1581013189995,997.8125
1581013190035,997.8196
1581013190075,997.8257
1581013190115,997.8313
1581013190154,997.8286
1581013190195,997.8342
1581013190235,997.8296
1581013190276,997.83105
1581013190315,997.8342
1581013190355,997.83765
1581013190395,997.84033
1581013190435,997.83936
1581013190475,997.8384
1581013190516,997.8301
1581013190555,997.8318
1581013190595,997.84033
1581013190635,997.8352
1581013190675,997.83105
1581013190715,997.82495
1581013190755,997.82666
1581013190797,997.8286
1581013190835,997.8308
1581013190875,997.82544
1581013190915,997.8313
1581013190955,997.82935
1581013190995,997.82446
1581013191035,997.83105
1581013191075,997.8345
1581013191114,997.83594
1581013191155,997.8325
1581013191196,997.8379
1581013191235,997.82715
1581013191276,997.8242
1581013191315,997.8247
1581013191355,997.8286
1581013191396,997.8208
1581013191435,997.8191
1581013191475,997.8237
1581013191515,997.82983
1581013191555,997.8318
1581013191595,997.8301
1581013191635,997.8325
1581013191676,997.82764
1581013191715,997.8323
1581013191756,997.83984
1581013191796,997.8374
1581013191836,997.8364
1581013191876,997.83545
1581013191915,997.8281
1581013191955,997.82104
1581013191997,997.8286
1581013192035,997.8367
1581013192075,997.8364
1581013192115,997.83887
1581013192155,997.8281
1581013192196,997.83374
1581013192235,997.83105
1581013192275,997.8291
1581013192315,997.8257
1581013192355,997.8186
1581013192397,997.823
1581013192435,997.8196
1581013192477,997.82324
1581013192515,997.8237
1581013192555,997.8213
1581013192596,997.82544
1581013192635,997.8203
1581013192674,997.81665
1581013192714,997.8179
1581013192755,997.8296
1581013192795,997.8318
1581013192835,997.83813
1581013192875,997.8296
1581013192916,997.8252
1581013192955,997.82886
1581013192998,997.8352
1581013193035,997.82666
1581013193077,997.82544
1581013193115,997.8225
1581013193155,997.82324
1581013193196,997.8157
1581013193235,997.82275
1581013193274,997.8269
1581013193315,997.82666
1581013193355,997.83276
1581013193397,997.8406
1581013193435,997.83887
1581013193475,997.8357
1581013193518,997.82886
1581013193555,997.8247
1581013193596,997.8262
1581013193635,997.8303
1581013193676,997.8291
1581013193715,997.82715
1581013193755,997.83105
1581013193798,997.8252
1581013193835,997.82446
1581013193875,997.8179
1581013193915,997.8164
1581013193954,997.812
1581013193995,997.80786
1581013194035,997.79736
1581013194075,997.80176
1581013194115,997.81494
1581013194156,997.82886
1581013194195,997.82886
1581013194235,997.8259
1581013194275,997.82544
1581013194314,997.82056
1581013194355,997.822
1581013194396,997.82837
1581013194435,997.83203
1581013194475,997.83594
1581013194515,997.83765
1581013194555,997.83545
1581013194598,997.8391
1581013194635,997.84326
1581013194675,997.8323
1581013194716,997.8301
1581013194756,997.8279
1581013194797,997.8218
1581013194836,997.81836
1581013194878,997.8052
1581013194915,997.8137
1581013194955,997.82275
1581013194995,997.8174
1581013195035,997.8235
1581013195074,997.8181
1581013195114,997.8137
1581013195154,997.81226
1581013195196,997.8142
1581013195235,997.82324
1581013195276,997.8164
1581013195315,997.8154
1581013195355,997.8091
1581013195396,997.8147
1581013195435,997.81714
1581013195475,997.81104
1581013195514,997.8196
1581013195556,997.82007
1581013195596,997.82056
1581013195635,997.83325
1581013195675,997.8264
1581013195715,997.8291
1581013195755,997.8157
1581013195797,997.8164
1581013195835,997.8196
1581013195875,997.813
1581013195915,997.81445
1581013195956,997.82056
1581013195996,997.82104
1581013196035,997.8154
1581013196076,997.8159
1581013196115,997.8225
1581013196155,997.8196
1581013196196,997.82324
1581013196235,997.8191
1581013196275,997.8154
1581013196316,997.8152
1581013196355,997.81665
1581013196394,997.81934
1581013196435,997.8096
1581013196476,997.8113
1581013196516,997.81836
1581013196556,997.824
1581013196597,997.82837
1581013196635,997.8274
1581013196675,997.82886
1581013196715,997.8252
1581013196755,997.8247
1581013196802,997.8247
1581013196835,997.82104
1581013196874,997.82227
1581013196915,997.824
1581013196955,997.8213
1581013197000,997.82056
1581013197035,997.8252
1581013197076,997.82715
1581013197115,997.82544
1581013197155,997.8262
1581013197196,997.82764
1581013197235,997.8247
1581013197275,997.82007
1581013197316,997.822
1581013197355,997.8235
1581013197395,997.82715
1581013197435,997.8286
1581013197474,997.82446
1581013197516,997.8247
1581013197555,997.8218
1581013197596,997.8179
1581013197635,997.8152
1581013197675,997.8152
1581013197717,997.8191
1581013197755,997.81714
1581013197796,997.8142
1581013197836,997.8213
1581013197875,997.8203
1581013197915,997.8225
1581013197955,997.82837
1581013197996,997.823
1581013198035,997.81934
1581013198078,997.8174
1581013198115,997.8157
1581013198155,997.8176
1581013198197,997.8203
1581013198235,997.8191
1581013198275,997.82324
1581013198316,997.81226
1581013198355,997.8142
1581013198395,997.81885
1581013198435,997.81445
1581013198475,997.8137
1581013198514,997.8181
1581013198554,997.81616
1581013198595,997.81396
1581013198635,997.82153
1581013198674,997.8208
1581013198716,997.8213
1581013198754,997.81665
1581013198795,997.8169
1581013198835,997.81885
1581013198876,997.8176
1581013198916,997.82007
1581013198954,997.822
1581013198998,997.82495
1581013199036,997.82935
1581013199075,997.8296
1581013199115,997.8179
1581013199155,997.8147
1581013199195,997.8113
1581013199235,997.8191
1581013199275,997.81104
1581013199315,997.81616
1581013199355,997.8142
1581013199395,997.81934
1581013199435,997.81006
1581013199475,997.81226
1581013199516,997.80786
1581013199555,997.80396
1581013199595,997.8093
1581013199636,997.81665
1581013199675,997.8208
1581013199715,997.8262
1581013199755,997.82446
1581013199794,997.8325
1581013199835,997.8291
1581013199874,997.833
1581013199919,997.83374
1581013199954,997.83496
1581013199995,997.8369
1581013200035,997.84033
1581013200076,997.8367
1581013200117,997.8379
1581013200155,997.8345
1581013200195,997.8406
1581013200236,997.84766
1581013200276,997.8501
1581013200315,997.8489
1581013200355,997.8491
1581013200395,997.8496
1581013200435,997.8528
1581013200475,997.853
1581013200516,997.84644
1581013200555,997.84985
1581013200595,997.8518
1581013200636,997.8508
1581013200676,997.8533
1581013200715,997.8474
1581013200755,997.85254
1581013200795,997.8528
1581013200835,997.8557
1581013200875,997.854
1581013200916,997.8469
1581013200955,997.8523
1581013200995,997.8574
1581013201035,997.84814
1581013201076,997.8518
1581013201115,997.8562
1581013201154,997.8491
1581013201195,997.855
1581013201234,997.85864
1581013201276,997.854
1581013201316,997.8511
1581013201355,997.8508
1581013201395,997.8474
1581013201436,997.85156
1581013201475,997.844
1581013201515,997.8418
1581013201556,997.8447
1581013201595,997.8396
1581013201636,997.84546
1581013201675,997.8435
1581013201716,997.83936
1581013201755,997.8386
1581013201795,997.8391
1581013201835,997.83716
1581013201875,997.834
1581013201916,997.83936
1581013201955,997.84106
1581013201995,997.8401
1581013202035,997.8379
1581013202075,997.8342
1581013202115,997.83154
1581013202155,997.8362
1581013202195,997.8435
1581013202235,997.84766
1581013202275,997.85034
1581013202316,997.85205
1581013202355,997.8484
1581013202396,997.8484
1581013202435,997.8535
1581013202477,997.8508
1581013202516,997.84985
1581013202555,997.85547
1581013202597,997.84937
1581013202636,997.843
1581013202675,997.8379
1581013202715,997.8435
1581013202754,997.8435
1581013202795,997.8418
1581013202835,997.854
1581013202876,997.8457
1581013202914,997.8425
1581013202955,997.8391
1581013202995,997.83105
1581013203034,997.8318
1581013203075,997.8418
1581013203115,997.84766
1581013203155,997.8457
1581013203195,997.84326
1581013203235,997.8501
1581013203275,997.8469
1581013203315,997.8386
1581013203358,997.8413
1581013203394,997.8474
1581013203435,997.8474
1581013203475,997.8423
1581013203515,997.8423
1581013203554,997.8474
1581013203594,997.8452
1581013203636,997.8386
1581013203675,997.8303
1581013203715,997.83716
1581013203755,997.8369
1581013203795,997.8423
1581013203836,997.8318
1581013203875,997.8342
1581013203915,997.83276
1581013203955,997.8286
1581013203995,997.83325
1581013204035,997.82983
1581013204075,997.83154
1581013204116,997.8259
1581013204154,997.8247
1581013204196,997.824
1581013204235,997.8169
1581013204275,997.81714
1581013204316,997.8203
1581013204355,997.8213
1581013204395,997.8252
1581013204436,997.8264
1581013204475,997.8313
1581013204515,997.8296
1581013204556,997.8257
1581013204595,997.82324
1581013204635,997.8179
1581013204676,997.8159
1581013204715,997.813
1581013204754,997.8218
1581013204795,997.8208
1581013204836,997.82495
1581013204875,997.8196
1581013204916,997.80566
1581013204955,997.8086
1581013204995,997.8137
1581013205035,997.8098
1581013205074,997.81177
1581013205116,997.8154
1581013205155,997.8152
1581013205195,997.81226
1581013205238,997.8157
1581013205275,997.813
1581013205316,997.82056
1581013205356,997.8137
1581013205395,997.8169
1581013205436,997.81104
1581013205475,997.8157
1581013205516,997.81274
1581013205555,997.81177
1581013205595,997.8154
1581013205636,997.81323
1581013205675,997.82056
1581013205715,997.8252
1581013205755,997.82324
1581013205795,997.81494
1581013205836,997.8179
1581013205874,997.81445
1581013205915,997.8142
1581013205955,997.8157
1581013205995,997.81445
1581013206036,997.8137
1581013206076,997.81445
1581013206115,997.81665
1581013206155,997.8059
1581013206195,997.8069
1581013206236,997.812
1581013206275,997.81055
1581013206316,997.8098
1581013206356,997.80835
1581013206395,997.8113
1581013206436,997.8074
1581013206476,997.80884
1581013206515,997.8059
1581013206554,997.80664
1581013206596,997.8086
1581013206635,997.8135
1581013206676,997.81714
1581013206716,997.81714
1581013206755,997.822
1581013206795,997.8142
1581013206836,997.81396
1581013206875,997.8198
1581013206915,997.8191
1581013206955,997.8147
1581013206995,997.81665
1581013207035,997.8203
1581013207075,997.81226
1581013207114,997.8108
1581013207156,997.8147
1581013207196,997.81274
1581013207235,997.82056
1581013207275,997.8147
1581013207316,997.81226
1581013207356,997.8135
1581013207396,997.8064
1581013207439,997.8125
1581013207476,997.8064
1581013207515,997.80835
1581013207555,997.8008
1581013207594,997.80786
1581013207636,997.812
1581013207675,997.82446
1581013207716,997.8235
1581013207756,997.81934
1581013207795,997.81494
1581013207836,997.8186
1581013207875,997.81934
1581013207915,997.8179
1581013207955,997.8115
1581013207996,997.8157
1581013208036,997.8301
1581013208075,997.8301
1581013208115,997.8264
1581013208155,997.8203
1581013208195,997.8196
1581013208235,997.82666
1581013208275,997.823
1581013208315,997.82227
1581013208354,997.82153
1581013208395,997.823
1581013208435,997.82495
1581013208476,997.8323
1581013208515,997.8342
1581013208555,997.8367
1581013208595,997.8374
1581013208636,997.82544
1581013208675,997.82324
1581013208715,997.81885
1581013208755,997.81616
1581013208795,997.8186
1581013208837,997.8186
1581013208875,997.8181
1581013208915,997.8176
1581013208955,997.812
1581013208995,997.80786
1581013209035,997.81836
1581013209075,997.82007
1581013209115,997.8242
1581013209155,997.82446
1581013209195,997.82104
1581013209236,997.8157
1581013209275,997.8203
1581013209315,997.8125
1581013209355,997.80273
1581013209395,997.8179
1581013209435,997.82275
1581013209475,997.8247
1581013209515,997.81665
1581013209555,997.81885
1581013209595,997.8169
1581013209635,997.81055
1581013209675,997.80884
1581013209715,997.81396
1581013209755,997.80884
1581013209795,997.8135
1581013209835,997.822
1581013209876,997.8235
1581013209915,997.8213
1581013209957,997.8154
1581013209995,997.8157
1581013210036,997.8198
1581013210076,997.8176
1581013210115,997.8135
1581013210155,997.81934
1581013210195,997.8103
1581013210238,997.8091
1581013210275,997.813
1581013210317,997.8113
1581013210356,997.8196
1581013210395,997.8174
1581013210438,997.8181
1581013210475,997.823
1581013210515,997.82227
1581013210559,997.8279
1581013210595,997.8318
1581013210636,997.8308
1581013210675,997.8286
1581013210714,997.82983
1581013210754,997.8186
1581013210794,997.8113
1581013210835,997.8142
1581013210875,997.82153
1581013210915,997.82544
1581013210956,997.8252
1581013210995,997.8213
1581013211037,997.8186
1581013211076,997.8181
1581013211115,997.8157
1581013211156,997.82104
1581013211194,997.81323
1581013211235,997.8093
1581013211275,997.8169
1581013211317,997.823
1581013211356,997.8257
1581013211395,997.82886
1581013211435,997.8313
1581013211476,997.8318
1581013211515,997.8257
1581013211555,997.8213
1581013211595,997.8225
1581013211635,997.81934
1581013211676,997.8115
1581013211715,997.823
1581013211756,997.8279
1581013211794,997.82324
1581013211835,997.8225
1581013211875,997.8213
1581013211915,997.8179
1581013211957,997.812
1581013211995,997.8115
1581013212037,997.8159
1581013212075,997.8191
1581013212115,997.82104
1581013212157,997.8147
1581013212195,997.81274
1581013212235,997.81885
1581013212275,997.8191
1581013212315,997.8179
1581013212357,997.8142
1581013212395,997.8242
1581013212435,997.8269
1581013212476,997.8213
1581013212514,997.81494
1581013212555,997.8225
1581013212595,997.824
1581013212635,997.82983
1581013212676,997.8308
1581013212715,997.8247
1581013212757,997.833
1581013212795,997.83716
1581013212835,997.8345
1581013212876,997.84033
1581013212915,997.8325
1581013212956,997.822
1581013212995,997.81836
1581013213035,997.812
1581013213075,997.813
1581013213116,997.81323
1581013213159,997.8113
1581013213195,997.81274
1581013213235,997.822
1581013213275,997.82227
1581013213315,997.8203
1581013213356,997.82007
1581013213395,997.8154
1581013213435,997.8147
1581013213475,997.8235
1581013213514,997.82446
1581013213555,997.81616
1581013213595,997.8196
1581013213635,997.8164
1581013213677,997.8174
1581013213714,997.8147
1581013213757,997.82227
1581013213795,997.82227
1581013213835,997.8235
1581013213876,997.824
1581013213915,997.823
1581013213959,997.81445
1581013213995,997.82275
1581013214035,997.81616
1581013214076,997.82007
1581013214114,997.8269
1581013214155,997.8252
1581013214195,997.8179
1581013214235,997.8213
1581013214276,997.8203
1581013214315,997.8208
1581013214356,997.8208
1581013214395,997.8198
1581013214435,997.82495
1581013214476,997.8286
1581013214515,997.822
1581013214555,997.82446
1581013214596,997.8181
1581013214635,997.82324
1581013214675,997.8252
1581013214715,997.82544
1581013214756,997.8291
1581013214795,997.83496
1581013214834,997.82837
1581013214878,997.8208
1581013214915,997.8247
1581013214955,997.823
1581013214995,997.82837
1581013215035,997.82666
1581013215075,997.82324
1581013215116,997.8203
1581013215155,997.8208
1581013215195,997.8174
1581013215235,997.81616
1581013215277,997.82007
1581013215315,997.8198
1581013215357,997.8174
1581013215395,997.8196
1581013215435,997.81494
1581013215475,997.8125
1581013215516,997.82275
1581013215556,997.8181
1581013215595,997.8115
1581013215635,997.8203
1581013215676,997.8169
1581013215715,997.81714
1581013215756,997.82153
1581013215795,997.82446
1581013215835,997.82007
1581013215876,997.8152
1581013215914,997.82544
1581013215955,997.82056
1581013215995,997.824
1581013216035,997.8235
1581013216076,997.8203
1581013216115,997.8164
1581013216154,997.812
1581013216195,997.813
1581013216235,997.80566
1581013216276,997.80664
1581013216315,997.8179
1581013216357,997.8281
1581013216396,997.8208
1581013216435,997.8259
1581013216476,997.822
1581013216515,997.82544
1581013216555,997.81714
1581013216595,997.8196
1581013216635,997.8203
1581013216675,997.8181
1581013216716,997.82007
1581013216755,997.824
1581013216795,997.8125
1581013216835,997.8169
1581013216880,997.8196
1581013216915,997.8237
1581013216955,997.82983
1581013216995,997.82446
1581013217036,997.8213
1581013217078,997.8179
1581013217115,997.8237
1581013217155,997.8247
1581013217195,997.82544
1581013217235,997.82495
1581013217277,997.83105
1581013217316,997.82544
1581013217355,997.82275
1581013217396,997.8181
1581013217436,997.8208
1581013217475,997.82227
1581013217518,997.81665
1581013217555,997.81274
1581013217595,997.8154
1581013217635,997.81494
1581013217675,997.8142
1581013217715,997.81323
