1581013738495,993.56635
1581013738496,993.56635
1581013738535,993.56635
1581013738573,993.56635
1581013738610,993.5683
1581013738650,993.5683
1581013738690,993.5683
1581013738726,993.5683
1581013738764,993.5764
1581013738804,993.5764
1581013738842,993.5764
1581013738880,993.5764
1581013738920,993.5692
1581013738958,993.5692
1581013738998,993.5692
1581013739035,993.5692
1581013739074,993.56006
1581013739114,993.56006
1581013739149,993.56006
1581013739190,993.56006
1581013739227,993.5408
1581013739266,993.5408
1581013739308,993.5408
1581013739344,993.5408
1581013739381,993.54126
1581013739419,993.54126
1581013739459,993.54126
1581013739500,993.54126
1581013739535,993.54755
1581013739575,993.54755
1581013739615,993.54755
1581013739651,993.54755
1581013739690,993.5497
1581013739728,993.5497
1581013739766,993.5497
1581013739809,993.5497
1581013739841,993.551
1581013739881,993.551
1581013739929,993.551
1581013739958,993.551
1581013739996,993.5562
1581013740036,993.5562
1581013740074,993.5562
1581013740110,993.5562
1581013740149,993.55316
1581013740189,993.55316
1581013740226,993.55316
1581013740265,993.55316
1581013740305,993.55255
1581013740351,993.55255
1581013740381,993.55255
1581013740419,993.55255
1581013740457,993.556
1581013740494,993.556
1581013740534,993.556
1581013740571,993.556
1581013740610,993.558
1581013740652,993.558
1581013740688,993.558
1581013740726,993.558
1581013740764,993.56177
1581013740803,993.56177
1581013740903,993.56177
1581013740904,993.56177
1581013740918,993.5653
1581013740956,993.5653
1581013741019,993.5653
1581013741040,993.5653
1581013741079,993.5804
1581013741111,993.5804
1581013741150,993.5804
1581013741189,993.5804
1581013741338,993.55835
1581013741338,993.55835
1581013741338,993.55835
1581013741377,993.55835
1581013741381,993.5718
1581013741430,993.5718
1581013741475,993.5718
1581013741495,993.5718
1581013741532,993.56213
1581013741585,993.56213
1581013741726,993.55176
1581013741726,993.55176
1581013741764,993.55176
1581013741802,993.55176
1581013741842,993.5536
1581013741880,993.5536
1581013741920,993.5536
1581013741979,993.5536
1581013741995,993.55225
1581013742034,993.55225
1581013742072,993.55225
1581013742112,993.55225
1581013742150,993.54675
1581013742191,993.54675
1581013742228,993.54675
1581013742265,993.54675
1581013742302,993.57825
1581013742382,993.57825
1581013742383,993.57825
1581013742495,993.57825
1581013742495,993.59216
1581013742495,993.59216
1581013742535,993.59216
1581013742576,993.59216
1581013742611,993.5475
1581013742649,993.5475
1581013742692,993.5475
1581013742729,993.5475
1581013742766,993.53125
1581013742807,993.53125
1581013742841,993.53125
1581013742880,993.53125
1581013742920,993.5414
1581013742961,993.5414
1581013742998,993.5414
1581013743035,993.5414
1581013743083,993.5465
1581013743110,993.5465
1581013743149,993.5465
1581013743189,993.5465
1581013743228,993.5641
1581013743274,993.5641
1581013743308,993.5641
1581013743345,993.5641
1581013743380,993.54626
1581013743418,993.54626
1581013743458,993.54626
1581013743515,993.54626
1581013743542,993.57166
1581013743571,993.57166
1581013743612,993.57166
1581013743648,993.57166
1581013743688,993.58453
1581013743737,993.58453
1581013743806,993.58453
1581013743807,993.58453
1581013743840,993.54694
1581013743882,993.54694
1581013743917,993.54694
1581013743955,993.54694
1581013743999,993.53455
1581013744035,993.53455
1581013744074,993.53455
1581013744111,993.53455
1581013744151,993.543
1581013744189,993.543
1581013744227,993.543
1581013744267,993.543
1581013744305,993.5518
1581013744342,993.5518
1581013744454,993.5518
1581013744454,993.5518
1581013744518,993.5619
1581013744518,993.5619
1581013744543,993.5619
1581013744572,993.5619
1581013744617,993.5399
1581013744649,993.5399
1581013744688,993.5399
1581013744727,993.5399
1581013744767,993.56647
1581013744803,993.56647
1581013744842,993.56647
1581013744881,993.56647
1581013744919,993.57086
1581013744957,993.57086
1581013744998,993.57086
1581013745034,993.57086
1581013745076,993.5711
1581013745113,993.5711
1581013745150,993.5711
1581013745188,993.5711
1581013745227,993.53845
1581013745264,993.53845
1581013745305,993.53845
1581013745342,993.53845
1581013745383,993.5239
1581013745418,993.5239
1581013745457,993.5239
1581013745497,993.5239
1581013745536,993.534
1581013745572,993.534
1581013745613,993.534
1581013745651,993.534
1581013745690,993.54193
1581013745727,993.54193
1581013745773,993.54193
1581013745802,993.54193
1581013745843,993.5421
1581013745881,993.5421
1581013745920,993.5421
1581013745958,993.5421
1581013745994,993.5638
1581013746033,993.5638
1581013746072,993.5638
1581013746110,993.5638
1581013746149,993.60016
1581013746188,993.60016
1581013746226,993.60016
1581013746268,993.60016
1581013746302,993.57904
1581013746342,993.57904
1581013746432,993.57904
1581013746432,993.57904
1581013746456,993.5705
1581013746496,993.5705
1581013746535,993.5705
1581013746581,993.5705
1581013746610,993.5494
1581013746666,993.5494
1581013746686,993.5494
1581013746726,993.5494
1581013746763,993.53394
1581013746802,993.53394
1581013746840,993.53394
1581013746879,993.53394
1581013746919,993.5424
1581013746957,993.5424
1581013746994,993.5424
1581013747036,993.5424
1581013747073,993.55225
1581013747109,993.54047
1581013747159,993.54047
1581013747188,993.54047
1581013747225,993.54047
1581013747263,993.5415
1581013747301,993.5415
1581013747341,993.5415
1581013747379,993.5415
1581013747417,993.547
1581013747457,993.547
1581013747495,993.547
1581013747533,993.547
1581013747569,993.59155
1581013747610,993.59155
1581013747651,993.59155
1581013747689,993.59155
1581013747727,993.5981
1581013747767,993.5981
1581013747804,993.5981
1581013747841,993.5981
1581013747880,993.549
1581013747917,993.549
1581013747959,993.549
1581013748022,993.549
1581013748039,993.52625
1581013748072,993.52625
1581013748111,993.52625
1581013748150,993.52625
1581013748190,993.54126
1581013748226,993.54126
1581013748264,993.54126
1581013748305,993.54126
1581013748342,993.5472
1581013748379,993.5472
1581013748418,993.5472
1581013748457,993.5472
1581013748496,993.5461
1581013748558,993.5461
1581013748578,993.5461
1581013748614,993.5461
1581013748649,993.5332
1581013748687,993.5332
1581013748725,993.5332
1581013748765,993.5332
1581013748804,993.5819
1581013748842,993.5819
1581013748879,993.5819
1581013748921,993.5819
1581013748958,993.57715
1581013748996,993.57715
1581013749037,993.57715
1581013749073,993.57715
1581013749110,993.5396
1581013749149,993.5396
1581013749187,993.5396
1581013749229,993.5396
1581013749265,993.51843
1581013749318,993.51843
1581013749346,993.51843
1581013749378,993.51843
1581013749416,993.5335
1581013749459,993.5335
1581013749495,993.5335
1581013749532,993.5335
1581013749571,993.5505
1581013749610,993.5505
1581013749648,993.5505
1581013749687,993.5505
1581013749725,993.5614
1581013749765,993.5614
1581013749803,993.5614
1581013749841,993.5614
1581013749880,993.5386
1581013749918,993.5386
1581013749956,993.5386
1581013749995,993.5386
1581013750033,993.58105
1581013750072,993.58105
1581013750112,993.58105
1581013750149,993.58105
1581013750191,993.59985
1581013750226,993.59985
1581013750264,993.59985
1581013750302,993.59985
1581013750341,993.5492
1581013750380,993.5492
1581013750416,993.5492
1581013750457,993.5492
1581013750496,993.52966
1581013750533,993.52966
1581013750573,993.52966
1581013750609,993.52966
1581013750647,993.53186
1581013750688,993.53186
1581013750727,993.53186
1581013750762,993.53186
1581013750803,993.5453
1581013750843,993.5453
1581013750879,993.5453
1581013750916,993.5453
1581013750955,993.5619
1581013750995,993.5619
1581013751049,993.5619
1581013751072,993.5619
1581013751110,993.5391
1581013751149,993.5391
1581013751188,993.5391
1581013751226,993.5391
1581013751265,993.5681
1581013751302,993.5681
1581013751340,993.5681
1581013751379,993.5681
1581013751420,993.5963
1581013751455,993.5963
1581013751495,993.5963
1581013751533,993.5963
1581013751572,993.5686
1581013751612,993.5686
1581013751648,993.5686
1581013751685,993.5686
1581013751727,993.5551
1581013751763,993.5551
1581013751802,993.5551
1581013751840,993.5551
1581013751879,993.55646
1581013751918,993.55646
1581013751957,993.55646
1581013751994,993.55646
1581013752034,993.55994
1581013752072,993.55994
1581013752109,993.55994
1581013752147,993.55994
1581013752196,993.57336
1581013752226,993.57336
1581013752262,993.57336
1581013752300,993.57336
1581013752341,993.567
1581013752380,993.567
1581013752418,993.567
1581013752458,993.567
1581013752494,993.5968
1581013752535,993.5968
1581013752572,993.5968
1581013752613,993.5968
1581013752651,993.6074
1581013752686,993.6074
1581013752726,993.6074
1581013752764,993.6074
1581013752800,993.5792
1581013752839,993.5792
1581013752879,993.5792
1581013752921,993.5792
1581013752959,993.56134
1581013752993,993.56134
1581013753037,993.56134
1581013753070,993.56134
1581013753116,993.5583
1581013753148,993.5583
1581013753187,993.5583
1581013753226,993.5583
1581013753265,993.55634
1581013753302,993.55634
1581013753341,993.55634
1581013753378,993.55634
1581013753416,993.57135
1581013753457,993.57135
1581013753494,993.57135
1581013753531,993.57135
1581013753575,993.5527
1581013753609,993.5527
1581013753648,993.5527
1581013753687,993.5527
1581013753725,993.5779
1581013753767,993.5779
1581013753803,993.5779
1581013753846,993.5779
1581013753880,993.5896
1581013753917,993.5896
1581013753956,993.5896
1581013753995,993.5896
1581013754034,993.5701
1581013754071,993.5701
1581013754108,993.5701
1581013754149,993.5701
1581013754184,993.5448
1581013754233,993.5448
1581013754262,993.5448
1581013754299,993.5448
1581013754339,993.55084
1581013754382,993.55084
1581013754416,993.55084
1581013754455,993.55084
1581013754493,993.556
1581013754533,993.556
1581013754572,993.556
1581013754610,993.556
1581013754649,993.5694
1581013754689,993.5694
1581013754724,993.5694
1581013754764,993.5694
1581013754801,993.5477
1581013754840,993.5477
1581013754878,993.5477
1581013754917,993.5477
1581013754955,993.5797
1581013754997,993.5797
1581013755031,993.5797
1581013755072,993.5797
1581013755119,993.6013
1581013755148,993.6013
1581013755185,993.6013
1581013755224,993.6013
1581013755265,993.56537
1581013755301,993.56537
1581013755340,993.56537
1581013755378,993.56537
1581013755416,993.5492
1581013755456,993.5492
1581013755492,993.5492
1581013755539,993.5492
1581013755571,993.5492
1581013755609,993.5601
1581013755648,993.5601
1581013755687,993.5601
1581013755730,993.5601
1581013755762,993.5708
1581013755800,993.5708
1581013755842,993.5708
1581013755878,993.5708
1581013755920,993.5825
1581013755954,993.5825
1581013755994,993.5825
1581013756031,993.5825
1581013756069,993.56885
1581013756108,993.56885
1581013756149,993.56885
1581013756189,993.56885
1581013756225,993.6003
1581013756262,993.6003
1581013756301,993.6003
1581013756350,993.6003
1581013756377,993.5972
1581013756417,993.5972
1581013756453,993.5972
1581013756494,993.5972
1581013756532,993.5819
1581013756568,993.5819
1581013756610,993.5819
1581013756647,993.5819
1581013756685,993.558
1581013756722,993.558
1581013756763,993.558
1581013756800,993.558
1581013756840,993.5615
1581013756876,993.5615
1581013756916,993.5615
1581013756956,993.5615
1581013756992,993.56506
1581013757034,993.56506
1581013757073,993.56506
1581013757109,993.56506
1581013757149,993.56946
1581013757186,993.56946
1581013757223,993.56946
1581013757261,993.56946
1581013757301,993.54663
1581013757338,993.54663
1581013757378,993.54663
1581013757417,993.54663
1581013757456,993.59125
1581013757492,993.59125
1581013757531,993.59125
1581013757570,993.59125
1581013757608,993.58545
1581013757647,993.58545
1581013757687,993.58545
1581013757725,993.58545
1581013757761,993.5685
1581013757801,993.5685
1581013757841,993.5685
1581013757877,993.5685
1581013757917,993.54895
1581013757954,993.54895
1581013757992,993.54895
1581013758031,993.54895
1581013758069,993.54517
1581013758109,993.54517
1581013758159,993.54517
1581013758189,993.54517
1581013758225,993.54535
1581013758265,993.54535
1581013758300,993.54535
1581013758340,993.54535
1581013758378,993.5511
1581013758416,993.5511
1581013758458,993.5511
1581013758491,993.5511
1581013758531,993.5325
1581013758569,993.5325
1581013758608,993.5325
1581013758647,993.5325
1581013758687,993.5719
1581013758724,993.5719
1581013758761,993.5719
1581013758800,993.5719
1581013758846,993.58746
1581013758876,993.58746
1581013758914,993.58746
1581013758954,993.58746
1581013758993,993.56775
1581013759030,993.56775
1581013759069,993.56775
1581013759107,993.56775
1581013759148,993.5508
1581013759185,993.5508
1581013759224,993.5508
1581013759262,993.5508
1581013759299,993.54663
1581013759341,993.54663
1581013759377,993.54663
1581013759416,993.54663
1581013759455,993.5515
1581013759494,993.5515
1581013759531,993.5515
1581013759570,993.5515
1581013759609,993.55176
1581013759646,993.55176
1581013759689,993.55176
1581013759726,993.55176
1581013759764,993.5414
1581013759800,993.5414
1581013759837,993.5414
1581013759877,993.5414
1581013759916,993.5589
1581013759969,993.5589
1581013759995,993.5589
1581013760033,993.5589
1581013760070,993.5728
1581013760110,993.5728
1581013760146,993.5728
1581013760183,993.5728
1581013760224,993.57227
1581013760262,993.57227
1581013760299,993.57227
1581013760342,993.57227
1581013760380,993.5298
1581013760415,993.5298
1581013760455,993.5298
1581013760495,993.5298
1581013760531,993.5207
1581013760570,993.5207
1581013760629,993.5207
1581013760654,993.5207
1581013760682,993.5338
1581013760728,993.5338
1581013760763,993.5338
1581013760800,993.5338
1581013760839,993.54315
1581013760877,993.54315
1581013760946,993.54315
1581013760969,993.54315
1581013760995,993.53076
1581013761032,993.53076
1581013761069,993.53076
1581013761106,993.53076
1581013761152,993.55566
1581013761183,993.55566
1581013761222,993.55566
1581013761260,993.55566
1581013761300,993.5688
1581013761341,993.5688
1581013761376,993.5688
1581013761416,993.5688
1581013761453,993.5781
1581013761492,993.5781
1581013761530,993.5781
1581013761569,993.5781
1581013761606,993.5411
1581013761646,993.5411
1581013761684,993.5411
1581013761722,993.5411
1581013761761,993.5364
1581013761799,993.5364
1581013761840,993.5364
1581013761877,993.5364
1581013761915,993.54517
1581013761955,993.54517
1581013761993,993.54517
1581013762030,993.54517
1581013762068,993.5558
1581013762107,993.5558
1581013762146,993.5558
1581013762185,993.5558
1581013762222,993.54047
1581013762262,993.54047
1581013762299,993.54047
1581013762336,993.54047
1581013762378,993.5675
1581013762414,993.5675
1581013762452,993.5675
1581013762495,993.5675
1581013762531,993.57104
1581013762579,993.57104
1581013762606,993.57104
1581013762645,993.57104
1581013762683,993.5647
1581013762724,993.5647
1581013762761,993.5647
1581013762800,993.5647
1581013762839,993.52637
1581013762898,993.52637
1581013762915,993.52637
1581013762954,993.52637
1581013762991,993.53204
1581013763029,993.53204
1581013763069,993.53204
1581013763109,993.53204
1581013763145,993.5414
1581013763183,993.5414
1581013763224,993.5414
1581013763262,993.5414
1581013763299,993.55145
1581013763337,993.55145
1581013763376,993.55145
1581013763415,993.55145
1581013763454,993.5309
1581013763502,993.5309
1581013763529,993.5309
1581013763567,993.5309
1581013763608,993.5681
1581013763646,993.5681
1581013763684,993.5681
1581013763721,993.5681
1581013763769,993.5889
1581013763799,993.5889
1581013763837,993.5889
1581013763877,993.5889
1581013763916,993.5612
1581013763953,993.5612
1581013763990,993.5612
1581013764030,993.5612
1581013764070,993.53845
1581013764106,993.53845
1581013764144,993.53845
1581013764184,993.53845
1581013764224,993.5376
1581013764261,993.5376
1581013764301,993.5376
1581013764338,993.5376
1581013764378,993.5376
1581013764414,993.5387
1581013764456,993.5387
1581013764491,993.5387
1581013764530,993.5387
1581013764568,993.53394
1581013764606,993.53394
1581013764652,993.53394
1581013764684,993.53394
1581013764721,993.51447
1581013764760,993.51447
1581013764798,993.51447
1581013764836,993.51447
1581013764880,993.56287
1581013764916,993.56287
1581013764953,993.56287
1581013764991,993.56287
1581013765031,993.6018
1581013765069,993.6018
1581013765107,993.6018
1581013765145,993.6018
1581013765183,993.5412
1581013765223,993.5412
1581013765260,993.5412
1581013765300,993.5412
1581013765337,993.5193
1581013765380,993.5193
1581013765413,993.5193
1581013765452,993.5193
1581013765490,993.5316
1581013765529,993.5316
1581013765569,993.5316
1581013765605,993.5316
1581013765644,993.5348
1581013765683,993.5348
1581013765725,993.5348
1581013765763,993.5348
1581013765799,993.5425
1581013765838,993.5425
1581013765875,993.5425
1581013765915,993.5425
1581013765952,993.54156
1581013765991,993.54156
1581013766030,993.54156
1581013766067,993.54156
1581013766108,993.5599
1581013766145,993.5599
1581013766185,993.5599
1581013766222,993.5599
1581013766260,993.5815
1581013766300,993.5815
1581013766337,993.5815
1581013766375,993.5815
1581013766414,993.51355
1581013766453,993.51355
1581013766490,993.51355
1581013766529,993.51355
1581013766570,993.5061
1581013766607,993.5061
1581013766644,993.5061
1581013766681,993.5061
1581013766720,993.508
1581013766760,993.508
1581013766797,993.508
1581013766837,993.508
1581013766875,993.52
1581013766913,993.52
1581013766952,993.52
1581013766991,993.52
1581013767029,993.51697
1581013767068,993.51697
1581013767127,993.51697
1581013767146,993.51697
1581013767183,993.5358
1581013767222,993.5358
1581013767259,993.5358
1581013767299,993.5358
1581013767340,993.5419
1581013767375,993.5419
1581013767414,993.5419
1581013767452,993.5419
1581013767491,993.5585
1581013767528,993.5585
1581013767567,993.5585
1581013767610,993.5585
1581013767644,993.50616
1581013767684,993.50616
1581013767720,993.50616
1581013767762,993.50616
1581013767798,993.4938
1581013767838,993.4938
1581013767874,993.4938
1581013767915,993.4938
1581013767954,993.49896
1581013767990,993.49896
1581013768029,993.49896
1581013768069,993.49896
1581013768105,993.51154
1581013768144,993.51154
1581013768189,993.51154
1581013768221,993.51154
1581013768259,993.5019
1581013768300,993.5019
1581013768340,993.5019
1581013768377,993.5019
1581013768429,993.5358
1581013768451,993.5358
1581013768509,993.5358
1581013768529,993.5358
1581013768567,993.54486
1581013768606,993.54486
1581013768644,993.54486
1581013768698,993.54486
1581013768721,993.5558
1581013768763,993.5558
1581013768797,993.5558
1581013768841,993.5558
1581013768896,993.5264
1581013768911,993.5264
1581013768955,993.5264
1581013768991,993.5264
1581013769029,993.5305
1581013769073,993.5305
1581013769109,993.5305
1581013769146,993.5305
1581013769182,993.52905
1581013769220,993.52905
1581013769260,993.52905
1581013769300,993.52905
1581013769337,993.545
1581013769374,993.545
1581013769412,993.545
1581013769451,993.545
1581013769493,993.5337
1581013769529,993.5337
1581013769566,993.5337
1581013769605,993.5337
1581013769648,993.5558
1581013769684,993.5558
1581013769723,993.5558
1581013769761,993.5558
1581013769797,993.564
1581013769836,993.564
1581013769875,993.564
1581013769926,993.564
1581013769957,993.54785
1581013769990,993.54785
1581013770028,993.54785
1581013770067,993.54785
1581013770105,993.5029
1581013770142,993.5029
1581013770183,993.5029
1581013770220,993.5029
1581013770272,993.5024
1581013770296,993.5024
1581013770335,993.5024
1581013770377,993.5024
1581013770413,993.509
1581013770450,993.509
1581013770490,993.509
1581013770530,993.509
1581013770568,993.52234
1581013770605,993.52234
1581013770656,993.52234
1581013770682,993.52234
1581013770720,993.50665
1581013770757,993.50665
1581013770797,993.50665
1581013770835,993.50665
1581013770875,993.53296
1581013770913,993.53296
1581013770951,993.53296
1581013770990,993.53296
1581013771027,993.53894
1581013771069,993.53894
1581013771107,993.53894
1581013771145,993.53894
1581013771182,993.5472
1581013771219,993.5472
1581013771258,993.5472
1581013771297,993.5472
1581013771336,993.5127
1581013771376,993.5127
1581013771414,993.5127
1581013771459,993.5127
1581013771488,993.50854
1581013771530,993.50854
1581013771566,993.50854
1581013771605,993.50854
1581013771646,993.51764
1581013771683,993.51764
1581013771721,993.51764
1581013771759,993.51764
1581013771799,993.53406
1581013771836,993.53406
1581013771875,993.53406
1581013771914,993.53406
1581013771950,993.5193
1581013771993,993.5193
1581013772028,993.5193
1581013772065,993.5193
1581013772105,993.5521
1581013772143,993.5521
1581013772181,993.5521
1581013772220,993.5521
1581013772258,993.5669
1581013772297,993.5669
1581013772336,993.5669
1581013772375,993.5669
1581013772411,993.5625
1581013772449,993.5625
1581013772489,993.5625
1581013772527,993.5625
1581013772566,993.52637
1581013772604,993.52637
1581013772643,993.52637
1581013772681,993.52637
1581013772731,993.52637
1581013772757,993.52637
1581013772797,993.52637
1581013772838,993.52637
1581013772872,993.5338
1581013772912,993.5338
1581013772952,993.5338
1581013772989,993.5338
1581013773028,993.5453
1581013773065,993.5453
1581013773105,993.5453
1581013773144,993.5453
1581013773185,993.5141
1581013773219,993.50995
1581013773259,993.50995
1581013773298,993.50995
1581013773334,993.50995
1581013773374,993.53625
1581013773411,993.53625
1581013773452,993.53625
1581013773489,993.53625
1581013773528,993.54114
1581013773567,993.54114
1581013773605,993.54114
1581013773641,993.54114
1581013773681,993.51575
1581013773719,993.51575
1581013773758,993.51575
1581013773796,993.51575
1581013773836,993.4829
1581013773873,993.4829
1581013773912,993.4829
1581013773951,993.4829
1581013773991,993.4884
1581013774028,993.4884
1581013774066,993.4884
1581013774105,993.4884
1581013774143,993.49493
1581013774182,993.49493
1581013774222,993.49493
1581013774259,993.49493
1581013774297,993.5048
1581013774334,993.5048
1581013774375,993.5048
1581013774412,993.5048
1581013774452,993.4958
1581013774488,993.4958
1581013774526,993.4958
1581013774565,993.4958
1581013774603,993.51935
1581013774642,993.51935
1581013774679,993.51935
1581013774718,993.51935
1581013774757,993.53796
1581013774796,993.53796
1581013774835,993.53796
1581013774872,993.53796
1581013774911,993.5345
1581013774951,993.5345
1581013774988,993.5345
1581013775029,993.5345
1581013775065,993.4967
1581013775102,993.4967
1581013775142,993.4967
1581013775181,993.4967
1581013775219,993.49756
1581013775257,993.49756
1581013775297,993.49756
1581013775335,993.49756
1581013775372,993.5105
1581013775416,993.5105
1581013775450,993.5105
1581013775490,993.5105
1581013775527,993.52527
1581013775566,993.52527
1581013775604,993.52527
1581013775640,993.52527
1581013775682,993.5105
1581013775720,993.5105
1581013775757,993.5105
1581013775797,993.5105
1581013775836,993.5488
1581013775875,993.5488
1581013775914,993.5488
1581013775950,993.5488
1581013775992,993.5521
1581013776028,993.5521
1581013776065,993.5521
1581013776104,993.5521
1581013776144,993.5398
1581013776182,993.5398
1581013776221,993.5398
1581013776257,993.5398
1581013776297,993.51843
1581013776335,993.51843
1581013776372,993.51843
1581013776411,993.51843
1581013776449,993.51733
1581013776493,993.51733
1581013776526,993.51733
1581013776565,993.51733
1581013776606,993.5215
1581013776642,993.5215
1581013776691,993.5215
1581013776720,993.5215
1581013776756,993.5264
1581013776796,993.5264
1581013776834,993.5264
1581013776873,993.5264
1581013776913,993.504
1581013776953,993.504
1581013776988,993.504
1581013777028,993.504
1581013777065,993.54834
1581013777104,993.54834
1581013777142,993.54834
1581013777180,993.54834
1581013777218,993.5861
1581013777257,993.5861
1581013777295,993.5861
1581013777335,993.5861
1581013777373,993.54016
1581013777416,993.54016
1581013777451,993.54016
1581013777503,993.54016
1581013777527,993.5204
1581013777565,993.5204
1581013777603,993.5204
1581013777642,993.5204
1581013777681,993.5188
1581013777719,993.5188
1581013777756,993.5188
1581013777796,993.5188
1581013777835,993.52954
1581013777873,993.52954
1581013777911,993.52954
1581013777954,993.52954
1581013777989,993.54266
1581013778027,993.54266
1581013778065,993.54266
1581013778104,993.54266
1581013778141,993.5221
1581013778181,993.5221
1581013778220,993.5221
1581013778257,993.5221
1581013778295,993.57465
1581013778335,993.57465
1581013778374,993.57465
1581013778411,993.57465
1581013778450,993.59705
1581013778488,993.59705
1581013778526,993.59705
1581013778565,993.59705
1581013778605,993.55273
1581013778643,993.55273
1581013778682,993.55273
1581013778721,993.55273
1581013778759,993.51904
1581013778797,993.51904
1581013778835,993.51904
1581013778871,993.51904
1581013778910,993.51904
1581013778949,993.51904
1581013778987,993.51904
1581013779027,993.51904
1581013779064,993.5234
1581013779103,993.5234
1581013779141,993.5234
1581013779188,993.5234
1581013779217,993.5365
1581013779258,993.5365
1581013779294,993.5365
1581013779333,993.5365
1581013779374,993.5225
1581013779410,993.5225
1581013779449,993.5225
1581013779489,993.5225
1581013779531,993.55646
1581013779564,993.55646
1581013779605,993.55646
1581013779641,993.55646
1581013779681,993.58276
1581013779720,993.58276
1581013779767,993.58276
1581013779801,993.58276
1581013779833,993.5392
1581013779874,993.5392
1581013779912,993.5392
1581013779951,993.5392
1581013779988,993.52057
1581013780028,993.52057
1581013780065,993.52057
1581013780102,993.52057
1581013780142,993.51807
1581013780179,993.51807
1581013780221,993.51807
1581013780259,993.51807
1581013780293,993.52405
1581013780333,993.52405
1581013780375,993.52405
1581013780434,993.52405
1581013780449,993.5292
1581013780487,993.5292
1581013780525,993.5292
1581013780564,993.5292
1581013780602,993.509
1581013780642,993.509
1581013780681,993.509
1581013780718,993.509
1581013780757,993.5557
1581013780807,993.5557
1581013780834,993.5557
1581013780871,993.5557
1581013780915,993.5869
1581013780950,993.5869
1581013780986,993.5869
1581013781026,993.5869
1581013781064,993.55023
1581013781102,993.55023
1581013781141,993.55023
1581013781179,993.55023
1581013781219,993.5291
1581013781256,993.5291
1581013781296,993.5291
1581013781339,993.5291
1581013781374,993.5324
1581013781410,993.5324
1581013781448,993.5324
1581013781488,993.5324
1581013781525,993.53644
1581013781564,993.53644
1581013781600,993.53644
1581013781641,993.53644
1581013781679,993.5449
1581013781717,993.5449
1581013781756,993.5449
1581013781794,993.5449
1581013781834,993.52844
1581013781872,993.52466
1581013781912,993.52466
1581013781948,993.52466
1581013781987,993.52466
1581013782025,993.5714
1581013782065,993.5714
1581013782104,993.5714
1581013782155,993.5714
1581013782179,993.6111
1581013782218,993.6111
1581013782256,993.6111
1581013782296,993.6111
1581013782332,993.5793
1581013782372,993.5793
1581013782412,993.5793
1581013782450,993.5793
1581013782487,993.5565
1581013782524,993.5565
1581013782567,993.5565
1581013782602,993.5565
1581013782642,993.5494
1581013782680,993.5494
1581013782716,993.5494
1581013782757,993.5494
1581013782795,993.5389
1581013782832,993.5389
1581013782871,993.5389
1581013782909,993.5389
1581013782947,993.54895
1581013782987,993.54895
1581013783028,993.54895
1581013783063,993.54895
1581013783101,993.52783
1581013783144,993.52783
1581013783178,993.52783
1581013783238,993.52783
1581013783258,993.55524
1581013783296,993.55524
1581013783333,993.55524
1581013783374,993.55524
1581013783421,993.5965
1581013783451,993.5965
1581013783487,993.5965
1581013783525,993.5965
1581013783564,993.5529
1581013783601,993.5529
1581013783638,993.5529
1581013783679,993.5529
1581013783717,993.5409
1581013783755,993.5409
1581013783794,993.5409
1581013783834,993.5409
1581013783871,993.5329
1581013783917,993.5329
1581013783947,993.5329
1581013783988,993.5329
1581013784032,993.53235
1581013784064,993.53235
1581013784101,993.53235
1581013784161,993.53235
1581013784178,993.5446
1581013784218,993.5446
1581013784256,993.5446
1581013784294,993.5446
1581013784339,993.52765
1581013784374,993.52765
1581013784409,993.52765
1581013784446,993.52765
1581013784485,993.55414
1581013784524,993.55414
1581013784562,993.55414
1581013784602,993.55414
1581013784639,993.5664
1581013784677,993.5664
1581013784721,993.5664
1581013784756,993.5664
1581013784793,993.56586
1581013784833,993.56586
1581013784871,993.56586
1581013784910,993.56586
1581013784949,993.5119
1581013784987,993.5119
1581013785025,993.5119
1581013785063,993.5119
1581013785101,993.5225
1581013785142,993.5225
1581013785178,993.5225
1581013785218,993.5225
1581013785256,993.52856
1581013785295,993.52856
1581013785334,993.52856
1581013785371,993.52856
1581013785413,993.5205
1581013785448,993.5205
1581013785494,993.5205
1581013785525,993.5205
1581013785563,993.54376
1581013785604,993.54376
1581013785658,993.54376
1581013785679,993.54376
1581013785717,993.5399
1581013785757,993.5399
1581013785794,993.5399
1581013785834,993.5399
1581013785871,993.5752
1581013785908,993.5752
1581013785948,993.5752
1581013785985,993.5752
1581013786025,993.58856
1581013786062,993.58856
1581013786101,993.58856
1581013786140,993.58856
1581013786182,993.5584
1581013786220,993.5584
1581013786255,993.5584
1581013786295,993.5584
1581013786332,993.5209
1581013786374,993.5209
1581013786411,993.5209
1581013786447,993.5209
1581013786491,993.5315
1581013786524,993.5315
1581013786562,993.5315
1581013786601,993.5315
1581013786639,993.5359
1581013786678,993.5359
1581013786718,993.5359
1581013786754,993.5359
1581013786801,993.53613
1581013786833,993.53613
1581013786870,993.53613
1581013786908,993.53613
1581013786948,993.53687
1581013786986,993.53687
1581013787024,993.53687
1581013787063,993.53687
1581013787102,993.55164
1581013787155,993.55164
1581013787178,993.55164
1581013787218,993.55164
1581013787254,993.5683
1581013787294,993.5683
1581013787331,993.5683
1581013787379,993.5683
1581013787412,993.5738
1581013787449,993.5738
1581013787508,993.5738
1581013787530,993.5738
1581013787560,993.5384
1581013787604,993.5384
1581013787641,993.5384
1581013787677,993.5384
1581013787727,993.51324
1581013787757,993.51324
1581013787791,993.51324
1581013787832,993.51324
1581013787873,993.52057
1581013787912,993.52057
1581013787953,993.52057
1581013787983,993.52057
1581013788025,993.5175
1581013788060,993.5175
1581013788099,993.5175
1581013788139,993.5175
1581013788186,993.5309
1581013788215,993.5309
1581013788252,993.5309
1581013788291,993.5309
1581013788331,993.5139
1581013788376,993.5139
1581013788410,993.5139
1581013788445,993.5139
1581013788485,993.53436
1581013788524,993.53436
1581013788560,993.53436
1581013788600,993.53436
1581013788638,993.5437
1581013788678,993.5437
1581013788718,993.5437
1581013788787,993.5437
1581013788796,993.5521
1581013788831,993.5521
1581013788868,993.5521
1581013788910,993.5521
1581013788952,993.4938
1581013788985,993.4938
1581013789021,993.4938
1581013789060,993.4938
1581013789100,993.4981
1581013789140,993.4981
1581013789177,993.4981
1581013789218,993.4981
1581013789254,993.5025
1581013789293,993.5025
1581013789330,993.5025
1581013789370,993.5025
1581013789408,993.5131
1581013789447,993.5131
1581013789486,993.5131
1581013789530,993.5131
1581013789562,993.4953
1581013789601,993.4953
1581013789639,993.4953
1581013789676,993.4953
1581013789719,993.51447
1581013789752,993.51447
1581013789792,993.51447
1581013789833,993.51447
1581013789880,993.52673
1581013789909,993.52673
1581013789947,993.52673
1581013789987,993.52673
1581013790023,993.53436
1581013790063,993.53436
1581013790107,993.53436
1581013790139,993.53436
1581013790177,993.4689
1581013790216,993.4689
1581013790277,993.4689
1581013790291,993.4689
1581013790333,993.47296
1581013790372,993.47296
1581013790415,993.47296
1581013790450,993.47296
1581013790485,993.479
1581013790522,993.479
1581013790562,993.479
1581013790601,993.479
1581013790639,993.49945
1581013790679,993.49945
1581013790715,993.49945
1581013790758,993.49945
1581013790798,993.471
1581013790832,993.471
1581013790871,993.471
1581013790907,993.471
1581013790959,993.471
1581013790985,993.5172
1581013791026,993.5172
1581013791062,993.5172
1581013791102,993.5172
1581013791141,993.53796
1581013791178,993.53796
1581013791215,993.53796
1581013791254,993.53796
1581013791294,993.4986
1581013791332,993.4986
1581013791371,993.4986
1581013791408,993.4986
1581013791446,993.47473
1581013791486,993.47473
1581013791525,993.47473
1581013791562,993.47473
1581013791600,993.48566
1581013791639,993.48566
1581013791680,993.48566
1581013791717,993.48566
1581013791754,993.48425
1581013791792,993.48425
1581013791832,993.48425
1581013791869,993.48425
1581013791922,993.5047
1581013791952,993.5047
1581013791988,993.5047
1581013792024,993.5047
1581013792061,993.47296
1581013792099,993.47296
1581013792137,993.47296
1581013792177,993.47296
1581013792214,993.50824
1581013792254,993.50824
1581013792291,993.50824
1581013792332,993.50824
1581013792374,993.53143
1581013792406,993.53143
1581013792445,993.53143
1581013792485,993.53143
1581013792521,993.4855
1581013792560,993.4855
1581013792599,993.4855
1581013792638,993.4855
1581013792677,993.45447
1581013792715,993.45447
1581013792754,993.45447
1581013792792,993.45447
1581013792834,993.455
1581013792883,993.455
1581013792909,993.455
1581013792949,993.455
1581013792985,993.46234
1581013793030,993.46234
1581013793062,993.46234
1581013793099,993.46234
1581013793137,993.4815
1581013793177,993.4815
1581013793216,993.4815
1581013793256,993.4815
1581013793292,993.47736
1581013793333,993.47736
1581013793369,993.47736
1581013793407,993.47736
1581013793447,993.52277
1581013793483,993.52277
1581013793528,993.52277
1581013793562,993.52277
1581013793600,993.5564
1581013793638,993.5564
1581013793679,993.5564
1581013793714,993.5564
1581013793754,993.4891
1581013793792,993.4891
1581013793830,993.4891
1581013793868,993.4891
1581013793907,993.48193
1581013793946,993.48193
1581013793984,993.48193
1581013794021,993.48193
1581013794060,993.4756
1581013794100,993.4756
1581013794137,993.4756
1581013794178,993.4756
1581013794216,993.492
1581013794255,993.492
1581013794292,993.492
1581013794331,993.492
1581013794369,993.501
1581013794409,993.501
1581013794446,993.501
1581013794487,993.501
1581013794523,993.5125
1581013794562,993.5125
1581013794598,993.5125
1581013794637,993.5125
1581013794675,993.52673
1581013794714,993.52673
1581013794753,993.52673
1581013794793,993.52673
1581013794830,993.5538
1581013794870,993.5538
1581013794908,993.5538
1581013794945,993.5538
1581013794989,993.48315
1581013795021,993.48315
1581013795067,993.48315
1581013795099,993.48315
1581013795139,993.47986
1581013795175,993.47986
1581013795214,993.47986
1581013795254,993.47986
1581013795290,993.47845
1581013795332,993.47845
1581013795368,993.47845
1581013795407,993.47845
1581013795448,993.4899
1581013795487,993.4899
1581013795521,993.4899
1581013795560,993.4899
1581013795601,993.50085
1581013795639,993.50085
1581013795675,993.50085
1581013795715,993.50085
1581013795752,993.51294
1581013795792,993.51294
1581013795831,993.51294
1581013795868,993.51294
1581013795909,993.5359
1581013795945,993.5359
1581013795984,993.5359
1581013796022,993.5359
1581013796064,993.5633
1581013796099,993.5633
1581013796138,993.5633
1581013796175,993.5633
1581013796215,993.4861
1581013796256,993.4861
1581013796292,993.4861
1581013796329,993.4861
1581013796368,993.4812
1581013796408,993.4812
1581013796447,993.4812
1581013796486,993.4812
1581013796521,993.4861
1581013796564,993.4861
1581013796598,993.4861
1581013796637,993.4861
1581013796678,993.49866
1581013796713,993.49866
1581013796753,993.49866
1581013796791,993.49866
1581013796830,993.4921
1581013796873,993.4921
1581013796907,993.4921
1581013796946,993.4921
1581013796983,993.50604
1581013797023,993.50604
1581013797060,993.50604
1581013797098,993.50604
1581013797136,993.5137
1581013797183,993.5137
1581013797214,993.5137
1581013797254,993.5137
1581013797290,993.52264
1581013797354,993.52264
1581013797368,993.52264
1581013797406,993.52264
1581013797445,993.4718
1581013797487,993.4718
1581013797523,993.4718
1581013797560,993.4718
1581013797598,993.4701
1581013797637,993.4701
1581013797678,993.4701
1581013797714,993.4701
1581013797752,993.4767
1581013797792,993.4767
1581013797831,993.4767
1581013797867,993.4767
1581013797905,993.49475
1581013797948,993.49475
1581013797982,993.49475
1581013798021,993.49475
1581013798061,993.47614
1581013798100,993.47614
1581013798139,993.47614
1581013798175,993.47614
1581013798213,993.5106
1581013798253,993.5106
1581013798293,993.5106
1581013798330,993.5106
1581013798370,993.521
1581013798405,993.521
1581013798445,993.521
1581013798485,993.521
1581013798522,993.50134
1581013798563,993.50134
1581013798607,993.50134
1581013798639,993.50134
1581013798674,993.4696
1581013798713,993.4696
1581013798754,993.4696
1581013798791,993.4696
1581013798829,993.4712
1581013798883,993.4712
1581013798907,993.4712
1581013798944,993.4712
1581013798983,993.4753
1581013799022,993.4753
1581013799059,993.4753
1581013799100,993.4753
1581013799138,993.504
1581013799178,993.504
1581013799214,993.504
1581013799252,993.504
1581013799289,993.4844
1581013799330,993.4844
1581013799368,993.4844
1581013799406,993.4844
1581013799447,993.5205
1581013799482,993.5205
1581013799521,993.5205
1581013799559,993.5205
1581013799597,993.54016
1581013799637,993.54016
1581013799674,993.54016
1581013799712,993.54016
1581013799759,993.50244
1581013799812,993.50244
1581013799829,993.50244
1581013799868,993.50244
1581013799907,993.48596
1581013799946,993.48596
1581013799982,993.48596
1581013800020,993.48596
1581013800065,993.4876
1581013800103,993.4876
1581013800135,993.4876
1581013800175,993.4876
1581013800213,993.4876
1581013800254,993.4884
1581013800290,993.4884
1581013800330,993.4884
1581013800366,993.4884
1581013800405,993.5015
1581013800460,993.5015
1581013800481,993.5015
1581013800525,993.5015
1581013800559,993.4982
1581013800598,993.4982
1581013800635,993.4982
1581013800676,993.4982
1581013800714,993.52563
1581013800752,993.52563
1581013800791,993.52563
1581013800828,993.52563
1581013800869,993.5535
1581013800905,993.5535
1581013800945,993.5535
1581013800982,993.5535
1581013801020,993.48865
1581013801061,993.48865
1581013801098,993.48865
1581013801137,993.48865
1581013801174,993.4837
1581013801213,993.4837
1581013801253,993.4837
1581013801291,993.4837
1581013801328,993.4848
1581013801366,993.4848
1581013801405,993.4848
1581013801443,993.4848
1581013801484,993.4963
1581013801522,993.4963
1581013801559,993.4963
1581013801596,993.4963
1581013801636,993.5045
1581013801677,993.5045
1581013801715,993.5045
1581013801752,993.5045
1581013801790,993.5135
1581013801828,993.5135
1581013801869,993.5135
1581013801909,993.5135
1581013801947,993.52936
1581013801982,993.52936
1581013802020,993.52936
1581013802071,993.52936
1581013802096,993.56213
1581013802135,993.56213
1581013802172,993.56213
1581013802211,993.56213
1581013802258,993.50055
1581013802288,993.50055
1581013802327,993.50055
1581013802377,993.50055
1581013802431,993.4923
1581013802443,993.4923
1581013802480,993.4923
1581013802519,993.4923
1581013802565,993.5088
1581013802603,993.5088
1581013802638,993.5088
1581013802673,993.5088
1581013802710,993.50073
1581013802752,993.50073
1581013802797,993.50073
1581013802827,993.50073
1581013802872,993.5221
1581013802904,993.5221
1581013802942,993.5221
1581013802981,993.5221
1581013803021,993.515
1581013803059,993.515
1581013803098,993.515
1581013803139,993.515
1581013803175,993.5407
1581013803217,993.5407
1581013803253,993.5407
1581013803313,993.5407
1581013803326,993.567
1581013803365,993.567
1581013803406,993.567
1581013803443,993.567
1581013803481,993.521
1581013803522,993.521
1581013803557,993.521
1581013803598,993.521
1581013803635,993.51196
1581013803673,993.51196
1581013803715,993.51196
1581013803766,993.51196
1581013803794,993.5065
1581013803827,993.5065
1581013803865,993.5065
1581013803905,993.5065
1581013803942,993.50977
1581013803980,993.50977
1581013804020,993.50977
1581013804059,993.50977
1581013804098,993.5171
1581013804135,993.5171
1581013804174,993.5171
1581013804213,993.5171
1581013804250,993.5001
1581013804290,993.5001
1581013804326,993.5001
1581013804367,993.5001
1581013804405,993.53534
1581013804443,993.53534
1581013804483,993.53534
1581013804520,993.53534
1581013804559,993.53973
1581013804597,993.53973
1581013804636,993.53973
1581013804678,993.53973
1581013804714,993.5093
1581013804751,993.5093
1581013804789,993.5093
1581013804840,993.5093
1581013804872,993.4989
1581013804903,993.4989
1581013804942,993.4989
1581013804983,993.4989
1581013805026,993.49805
1581013805057,993.49805
1581013805097,993.49805
1581013805136,993.49805
1581013805175,993.49585
1581013805214,993.49585
1581013805266,993.49585
1581013805290,993.49585
1581013805327,993.5048
1581013805365,993.5048
1581013805405,993.5048
1581013805442,993.5048
1581013805480,993.48126
1581013805522,993.48126
1581013805559,993.48126
1581013805597,993.48126
1581013805635,993.5198
1581013805672,993.5198
1581013805712,993.5198
1581013805751,993.5198
1581013805791,993.5373
1581013805828,993.5373
1581013805865,993.5373
1581013805905,993.5373
1581013805941,993.5105
1581013805982,993.5105
1581013806020,993.5105
1581013806057,993.5105
1581013806098,993.4908
1581013806137,993.4908
1581013806173,993.4908
1581013806215,993.4908
1581013806250,993.48773
1581013806288,993.48773
1581013806328,993.48773
1581013806366,993.48773
1581013806411,993.49176
1581013806441,993.49176
1581013806480,993.49176
1581013806518,993.49176
1581013806558,993.5044
1581013806598,993.5044
1581013806635,993.5044
1581013806675,993.5044
1581013806712,993.48676
1581013806751,993.48676
1581013806788,993.48676
1581013806826,993.48676
1581013806866,993.52234
1581013806905,993.52234
1581013806944,993.52234
1581013806981,993.52234
1581013807019,993.54114
1581013807058,993.54114
1581013807097,993.54114
1581013807134,993.54114
1581013807172,993.5012
1581013807211,993.5012
1581013807249,993.5012
1581013807288,993.5012
1581013807330,993.48553
1581013807371,993.48553
1581013807403,993.48553
1581013807442,993.48553
1581013807479,993.4817
1581013807518,993.4817
1581013807558,993.4817
1581013807598,993.4817
1581013807642,993.48413
1581013807674,993.48413
1581013807713,993.48413
1581013807749,993.48413
1581013807788,993.4868
1581013807826,993.4868
1581013807867,993.4868
1581013807904,993.4868
1581013807943,993.4679
1581013807982,993.4679
1581013808023,993.4679
1581013808057,993.4679
1581013808096,993.5013
1581013808134,993.5013
1581013808175,993.5013
1581013808211,993.5013
1581013808249,993.53906
1581013808290,993.53906
1581013808329,993.53906
1581013808366,993.53906
1581013808402,993.47253
1581013808442,993.47253
1581013808481,993.47253
1581013808518,993.47253
1581013808559,993.4643
1581013808596,993.46045
1581013808634,993.46045
1581013808674,993.46045
1581013808709,993.46045
1581013808749,993.4629
1581013808788,993.4629
1581013808828,993.4629
1581013808866,993.4629
1581013808905,993.4689
1581013808943,993.4689
1581013808982,993.4689
1581013809019,993.4689
1581013809057,993.48364
1581013809097,993.48364
1581013809134,993.48364
1581013809175,993.48364
1581013809211,993.4861
1581013809249,993.4861
1581013809288,993.4861
1581013809328,993.4861
1581013809367,993.5167
1581013809404,993.5167
1581013809444,993.5167
1581013809496,993.5167
1581013809518,993.5569
1581013809556,993.5569
1581013809596,993.5569
1581013809634,993.5569
1581013809672,993.4912
1581013809711,993.4912
1581013809750,993.4912
1581013809789,993.4912
1581013809827,993.47095
1581013809864,993.47095
1581013809905,993.47095
1581013809942,993.47095
1581013809987,993.46954
1581013810019,993.46954
1581013810057,993.46954
1581013810096,993.46954
1581013810135,993.4752
1581013810171,993.4752
1581013810217,993.4752
1581013810249,993.4752
1581013810289,993.48126
1581013810327,993.48126
1581013810388,993.48126
1581013810409,993.48126
1581013810445,993.48364
1581013810483,993.48364
1581013810523,993.48364
1581013810558,993.48364
1581013810594,993.50665
1581013810636,993.50665
1581013810672,993.50665
1581013810712,993.50665
1581013810752,993.52905
1581013810788,993.52905
1581013810826,993.52905
1581013810865,993.52905
1581013810903,993.4727
1581013810941,993.4727
1581013810991,993.4727
1581013811020,993.4727
1581013811055,993.4685
1581013811095,993.4685
1581013811133,993.4685
1581013811171,993.4685
1581013811213,993.4647
1581013811252,993.4647
1581013811312,993.4647
1581013811332,993.4647
1581013811364,993.4802
1581013811405,993.4802
1581013811451,993.4802
1581013811480,993.4802
1581013811526,993.46875
1581013811556,993.46875
1581013811594,993.46875
1581013811634,993.46875
1581013811689,993.48956
1581013811714,993.48956
1581013811747,993.48956
1581013811789,993.48956
1581013811825,993.4854
1581013811864,993.4854
1581013811903,993.4854
1581013811941,993.4854
1581013811980,993.5078
1581013812019,993.5078
1581013812057,993.5078
1581013812095,993.5078
1581013812133,993.45276
1581013812171,993.45276
1581013812211,993.45276
1581013812249,993.45276
1581013812286,993.45605
1581013812326,993.45605
1581013812364,993.45605
1581013812401,993.45605
1581013812442,993.46045
1581013812479,993.46045
1581013812517,993.46045
1581013812555,993.46045
1581013812594,993.47217
1581013812633,993.47217
1581013812673,993.47217
1581013812710,993.47217
1581013812747,993.46063
1581013812787,993.46063
1581013812827,993.46063
1581013812864,993.46063
1581013812905,993.4902
1581013812941,993.4902
1581013812987,993.4902
1581013813018,993.4902
1581013813055,993.49207
1581013813097,993.49207
1581013813134,993.49207
1581013813173,993.49207
1581013813210,993.4518
1581013813250,993.4518
1581013813286,993.4518
1581013813325,993.4518
1581013813363,993.4326
1581013813406,993.4326
1581013813447,993.4326
1581013813478,993.4326
1581013813519,993.4474
1581013813559,993.4474
1581013813595,993.4474
1581013813634,993.4474
1581013813670,993.44763
1581013813712,993.44763
1581013813749,993.44763
1581013813786,993.44763
1581013813823,993.46313
1581013813864,993.46313
1581013813903,993.46313
1581013813948,993.46313
1581013813980,993.4429
1581013814017,993.4429
1581013814079,993.4429
1581013814095,993.4429
1581013814132,993.47156
1581013814172,993.47156
1581013814212,993.47156
1581013814250,993.47156
1581013814288,993.5126
1581013814325,993.5126
1581013814365,993.5126
1581013814403,993.5126
1581013814440,993.4601
1581013814482,993.4601
1581013814517,993.4601
1581013814556,993.4601
1581013814596,993.4431
1581013814633,993.4431
1581013814669,993.4431
1581013814708,993.4431
1581013814748,993.45044
1581013814787,993.45044
1581013814824,993.45044
1581013814862,993.45044
1581013814910,993.4466
1581013814940,993.4466
1581013814978,993.4466
1581013815020,993.4466
1581013815056,993.463
1581013815092,993.463
1581013815132,993.463
1581013815171,993.463
1581013815212,993.4605
1581013815250,993.4605
1581013815287,993.4605
1581013815326,993.4605
1581013815362,993.4928
1581013815402,993.4928
1581013815439,993.4928
1581013815481,993.4928
1581013815516,993.52563
1581013815555,993.52563
1581013815594,993.52563
1581013815632,993.52563
1581013815672,993.4501
1581013815709,993.4501
1581013815757,993.4501
1581013815789,993.4501
1581013815825,993.4386
1581013815864,993.4386
1581013815902,993.4386
1581013815940,993.4386
1581013815978,993.44354
1581013816017,993.44354
1581013816056,993.44354
1581013816096,993.44354
1581013816136,993.45667
1581013816172,993.45667
1581013816210,993.45667
1581013816250,993.45667
1581013816286,993.46484
1581013816325,993.46484
1581013816364,993.46484
1581013816401,993.46484
1581013816439,993.4731
1581013816478,993.4731
1581013816520,993.4731
1581013816554,993.4731
1581013816594,993.49445
1581013816633,993.49445
1581013816669,993.49445
1581013816708,993.49445
1581013816747,993.50757
1581013816792,993.50757
1581013816826,993.50757
1581013816863,993.50757
1581013816902,993.50757
1581013816938,993.4386
1581013816979,993.4386
1581013817019,993.4386
1581013817055,993.4386
1581013817093,993.4326
1581013817132,993.4326
1581013817174,993.4326
1581013817209,993.4326
1581013817249,993.4375
1581013817287,993.4375
1581013817324,993.4375
1581013817365,993.4375
1581013817405,993.4523
1581013817438,993.4523
1581013817478,993.4523
1581013817516,993.4523
1581013817556,993.44244
1581013817594,993.44244
1581013817634,993.44244
1581013817673,993.44244
1581013817709,993.4597
1581013817748,993.4597
1581013817790,993.4597
1581013817830,993.4597
1581013817862,993.46466
1581013817904,993.46466
1581013817939,993.46466
1581013817978,993.46466
1581013818017,993.4802
1581013818055,993.4802
1581013818094,993.4802
1581013818133,993.4802
1581013818172,993.4293
1581013818228,993.4293
1581013818247,993.4293
1581013818286,993.4293
1581013818326,993.43097
1581013818365,993.43097
1581013818400,993.43097
1581013818439,993.43097
1581013818479,993.42114
1581013818529,993.42114
1581013818557,993.42114
1581013818594,993.42114
1581013818632,993.4507
1581013818672,993.4507
1581013818709,993.4507
1581013818749,993.4507
1581013818791,993.4293
1581013818828,993.4293
1581013818862,993.4293
1581013818901,993.4293
1581013818939,993.45886
1581013818980,993.45886
1581013819016,993.45886
1581013819055,993.45886
1581013819092,993.47144
1581013819153,993.47144
1581013819172,993.47144
1581013819208,993.47144
1581013819247,993.46814
1581013819285,993.46814
1581013819349,993.46814
1581013819365,993.46814
1581013819402,993.4452
1581013819438,993.4452
1581013819478,993.4452
1581013819516,993.4452
1581013819553,993.4459
1581013819597,993.4459
1581013819632,993.4459
1581013819669,993.4459
1581013819708,993.4525
1581013819746,993.4525
1581013819785,993.4525
1581013819824,993.4525
1581013819866,993.4797
1581013819901,993.4797
1581013819940,993.4797
1581013819978,993.4797
1581013820031,993.45337
1581013820056,993.45337
1581013820092,993.45337
1581013820131,993.45337
1581013820169,993.487
1581013820208,993.487
1581013820247,993.487
1581013820289,993.487
1581013820323,993.4996
1581013820366,993.4996
1581013820399,993.4996
1581013820451,993.4996
1581013820478,993.48645
1581013820516,993.48645
1581013820554,993.48645
1581013820592,993.48645
1581013820632,993.4602
1581013820670,993.4602
1581013820708,993.4602
1581013820748,993.4602
1581013820785,993.45605
1581013820830,993.45605
1581013820862,993.45605
1581013820899,993.45605
1581013820941,993.4593
1581013820977,993.4593
1581013821015,993.4593
1581013821057,993.4593
1581013821095,993.4691
1581013821135,993.4691
1581013821169,993.4691
1581013821208,993.4691
1581013821246,993.42975
1581013821285,993.42975
1581013821340,993.42975
1581013821362,993.42975
1581013821400,993.4675
1581013821440,993.4675
1581013821476,993.4675
1581013821516,993.4675
1581013821554,993.4823
1581013821591,993.4823
1581013821632,993.4823
1581013821671,993.4823
1581013821708,993.48065
1581013821747,993.48065
1581013821784,993.48065
1581013821823,993.48065
1581013821861,993.45764
1581013821900,993.45764
1581013821952,993.45764
1581013821979,993.45764
1581013822015,993.4604
1581013822054,993.4604
1581013822092,993.4604
1581013822131,993.4604
1581013822170,993.46533
1581013822208,993.46533
1581013822246,993.46533
1581013822285,993.46533
1581013822324,993.4779
1581013822361,993.4779
1581013822410,993.4779
1581013822438,993.4779
1581013822477,993.4615
1581013822517,993.4615
1581013822555,993.4615
1581013822592,993.4615
1581013822630,993.4894
1581013822669,993.4894
1581013822707,993.4894
1581013822747,993.4894
1581013822786,993.47705
1581013822822,993.47705
1581013822862,993.47705
1581013822900,993.47705
1581013822938,993.4803
1581013822978,993.4803
1581013823018,993.4803
1581013823053,993.4803
1581013823092,993.42944
1581013823131,993.42944
1581013823170,993.42944
1581013823207,993.42944
1581013823246,993.42883
1581013823284,993.42883
1581013823323,993.42883
1581013823361,993.42883
1581013823400,993.4354
1581013823439,993.4354
1581013823476,993.4354
1581013823516,993.4354
1581013823554,993.44934
1581013823592,993.44934
1581013823641,993.44934
1581013823669,993.44934
1581013823709,993.44604
1581013823746,993.44604
1581013823785,993.44604
1581013823823,993.44604
1581013823860,993.469
1581013823901,993.469
1581013823938,993.469
1581013823977,993.469
1581013824017,993.4767
1581013824055,993.4767
1581013824092,993.4767
1581013824138,993.4767
1581013824168,993.48816
1581013824207,993.48816
1581013824246,993.48816
1581013824283,993.48816
1581013824323,993.4233
1581013824361,993.4233
1581013824401,993.4233
1581013824438,993.4233
1581013824476,993.4282
1581013824517,993.4282
1581013824553,993.4282
1581013824591,993.4282
1581013824630,993.4326
1581013824667,993.4326
1581013824708,993.4326
1581013824746,993.4326
1581013824784,993.4432
1581013824822,993.4432
1581013824860,993.4432
1581013824899,993.4432
1581013824938,993.46454
1581013824976,993.46454
1581013825015,993.46454
1581013825067,993.46454
1581013825090,993.43604
1581013825130,993.43604
1581013825170,993.43604
1581013825208,993.43604
1581013825246,993.4541
1581013825285,993.4541
1581013825322,993.4541
1581013825360,993.4541
1581013825398,993.4541
1581013825438,993.47546
1581013825476,993.47546
1581013825516,993.47546
1581013825553,993.47546
1581013825592,993.4647
1581013825632,993.4647
1581013825667,993.4647
1581013825707,993.4647
1581013825746,993.4396
1581013825785,993.4396
1581013825823,993.4396
1581013825862,993.4396
1581013825898,993.4051
1581013825938,993.4051
1581013825977,993.4051
1581013826015,993.4051
1581013826062,993.39764
1581013826090,993.39764
1581013826131,993.39764
1581013826169,993.39764
1581013826206,993.4092
1581013826245,993.4092
1581013826284,993.4092
1581013826322,993.4092
1581013826360,993.4734
1581013826399,993.4734
1581013826438,993.4734
1581013826476,993.4734
1581013826514,993.504
1581013826554,993.504
1581013826591,993.504
1581013826630,993.504
1581013826672,993.51
1581013826708,993.51
1581013826748,993.51
1581013826786,993.51
1581013826835,993.6339
1581013826861,993.6339
1581013826902,993.6339
1581013826937,993.6339
1581013826977,993.5551
1581013827014,993.5551
1581013827055,993.5551
1581013827092,993.5551
1581013827130,993.6076
1581013827168,993.6076
1581013827207,993.6076
1581013827247,993.6076
1581013827284,993.5431
1581013827323,993.5431
1581013827361,993.5431
1581013827402,993.5431
1581013827441,993.48145
1581013827476,993.48145
1581013827513,993.48145
1581013827554,993.48145
1581013827591,993.43005
1581013827629,993.43005
1581013827669,993.43005
1581013827707,993.43005
1581013827745,993.4062
1581013827783,993.4062
1581013827821,993.4062
1581013827861,993.4062
1581013827900,993.39417
1581013827937,993.39417
1581013827978,993.39417
1581013828015,993.39417
1581013828056,993.4031
1581013828091,993.4031
1581013828131,993.4031
1581013828168,993.4031
1581013828206,993.39435
1581013828244,993.39435
1581013828283,993.39435
1581013828322,993.39435
1581013828360,993.3869
1581013828399,993.3869
1581013828437,993.3869
1581013828477,993.3869
1581013828515,993.38855
1581013828553,993.38855
1581013828591,993.38855
1581013828628,993.38855
1581013828668,993.39294
1581013828707,993.39294
1581013828746,993.39294
1581013828782,993.39294
1581013828828,993.3913
1581013828864,993.3913
1581013828899,993.3913
1581013828937,993.3913
1581013828978,993.3871
1581013829015,993.3871
1581013829116,993.3871
1581013829117,993.3871
1581013829160,993.4298
1581013829168,993.4298
1581013829229,993.4298
1581013829274,993.4298
1581013829299,993.38495
1581013829326,993.38495
1581013829379,993.38495
1581013829397,993.38495
1581013829435,993.38245
1581013829474,993.38245
1581013829526,993.38245
1581013829558,993.38245
1581013829588,993.3972
1581013829627,993.3972
1581013829666,993.3972
1581013829703,993.3972
1581013829743,993.3934
1581013829780,993.3934
1581013829819,993.3934
1581013829858,993.3934
1581013829896,993.3928
1581013829934,993.3928
1581013829973,993.3928
1581013830011,993.3928
1581013830051,993.4141
1581013830089,993.4141
1581013830128,993.4141
1581013830170,993.4141
1581013830204,993.41
1581013830272,993.41
1581013830444,993.41
1581013830444,993.41
1581013830444,993.39795
1581013830444,993.39795
1581013830444,993.39795
1581013830565,993.39795
1581013830566,993.3971
1581013830566,993.3971
1581013830609,993.3971
1581013830644,993.3971
1581013830665,993.3883
1581013830704,993.3883
1581013830742,993.3883
1581013830780,993.3883
1581013830819,993.38995
1581013830858,993.38995
1581013830895,993.38995
1581013830934,993.38995
1581013830975,993.3949
1581013831011,993.3949
1581013831050,993.3949
1581013831091,993.3949
1581013831127,993.3956
1581013831166,993.3956
1581013831207,993.3956
1581013831245,993.3956
1581013831281,993.394
1581013831319,993.394
1581013831362,993.394
1581013831398,993.394
1581013831440,993.3949
1581013831474,993.3949
1581013831515,993.3949
1581013831553,993.3949
1581013831595,993.38666
1581013831628,993.38666
1581013831665,993.38666
1581013831704,993.38666
1581013831744,993.38995
