1581014044498,993.1192
1581014044499,993.1192
1581014044535,993.1192
1581014044576,993.1192
1581014044615,993.1245
1581014044651,993.1245
1581014044694,993.1245
1581014044729,993.1245
1581014044768,993.1284
1581014044808,993.1284
1581014044844,993.1284
1581014044885,993.1284
1581014044921,993.13
1581014044961,993.13
1581014044999,993.13
1581014045043,993.13
1581014045078,993.1343
1581014045115,993.1343
1581014045160,993.1343
1581014045193,993.1343
1581014045230,993.1383
1581014045273,993.1383
1581014045316,993.1383
1581014045343,993.1383
1581014045384,993.13824
1581014045425,993.13824
1581014045462,993.13824
1581014045500,993.13824
1581014045537,993.1382
1581014045576,993.1382
1581014045626,993.1382
1581014045654,993.1382
1581014045694,993.1345
1581014045730,993.1345
1581014045775,993.1345
1581014045809,993.1345
1581014045844,993.13336
1581014045882,993.13336
1581014045929,993.13336
1581014045961,993.13336
1581014046000,993.1325
1581014046036,993.1325
1581014046075,993.1325
1581014046113,993.1325
1581014046154,993.12805
1581014046191,993.12805
1581014046231,993.12805
1581014046270,993.12805
1581014046310,993.1324
1581014046363,993.1324
1581014046392,993.1324
1581014046427,993.1324
1581014046458,993.1296
1581014046497,993.1296
1581014046540,993.1296
1581014046577,993.1296
1581014046614,993.1304
1581014046655,993.1304
1581014046693,993.1304
1581014046729,993.1304
1581014046771,993.12976
1581014046806,993.12976
1581014046843,993.12976
1581014046883,993.12976
1581014046926,993.1278
1581014046960,993.1278
1581014046998,993.1278
1581014047040,993.1278
1581014047095,993.13214
1581014047115,993.13214
1581014047151,993.13214
1581014047194,993.13214
1581014047231,993.1277
1581014047272,993.1277
1581014047306,993.1277
1581014047345,993.1277
1581014047384,993.129
1581014047423,993.129
1581014047461,993.129
1581014047516,993.129
1581014047537,993.1263
1581014047578,993.1263
1581014047616,993.1263
1581014047656,993.1263
1581014047692,993.1251
1581014047741,993.1251
1581014047770,993.1251
1581014047807,993.1251
1581014047846,993.12976
1581014047883,993.12976
1581014047923,993.12976
1581014047962,993.12976
1581014048001,993.12976
1581014048037,993.1316
1581014048077,993.1316
1581014048114,993.1316
1581014048152,993.1316
1581014048194,993.12366
1581014048235,993.12366
1581014048268,993.12366
1581014048309,993.12366
1581014048365,993.12006
1581014048396,993.12006
1581014048425,993.12006
1581014048458,993.12006
1581014048499,993.12274
1581014048537,993.12274
1581014048578,993.12274
1581014048617,993.12274
1581014048653,993.1262
1581014048691,993.1262
1581014048728,993.1262
1581014048769,993.1262
1581014048806,993.126
1581014048849,993.126
1581014048882,993.126
1581014048921,993.126
1581014048960,993.1257
1581014048998,993.1257
1581014049038,993.1257
1581014049076,993.1257
1581014049115,993.12915
1581014049152,993.12915
1581014049194,993.12915
1581014049229,993.12915
1581014049271,993.12854
1581014049308,993.12854
1581014049347,993.12854
1581014049383,993.12854
1581014049425,993.12714
1581014049460,993.12714
1581014049500,993.12714
1581014049543,993.12714
1581014049576,993.1318
1581014049614,993.1318
1581014049654,993.1318
1581014049690,993.1318
1581014049729,993.1331
1581014049769,993.1331
1581014049808,993.1331
1581014049843,993.1331
1581014049881,993.1383
1581014049922,993.1383
1581014049960,993.1383
1581014049999,993.1383
1581014050036,993.1426
1581014050076,993.1426
1581014050111,993.1426
1581014050151,993.1426
1581014050189,993.1472
1581014050227,993.1472
1581014050273,993.1472
1581014050304,993.1472
1581014050342,993.1379
1581014050386,993.1379
1581014050439,993.1379
1581014050626,993.1379
1581014050626,993.1365
1581014050626,993.1365
1581014050626,993.1365
1581014050626,993.1365
1581014050804,993.1279
1581014050804,993.1279
1581014050804,993.1279
1581014050804,993.1279
1581014050869,993.1328
1581014050869,993.1328
1581014050883,993.1328
1581014050934,993.1328
1581014050957,993.1338
1581014051001,993.1338
1581014051035,993.1338
1581014051075,993.1338
1581014051111,993.1368
1581014051152,993.1368
1581014051202,993.1368
1581014051348,993.1464
1581014051351,993.1464
1581014051381,993.1464
1581014051424,993.1464
1581014051457,993.1727
1581014051498,993.1727
1581014051536,993.1727
1581014051573,993.1727
1581014051613,993.1721
1581014051650,993.1721
1581014051689,993.1721
1581014051726,993.1721
1581014051768,993.17566
1581014051807,993.17566
1581014051842,993.17566
1581014051880,993.17566
1581014051919,993.1597
1581014051958,993.1597
1581014052041,993.1597
1581014052042,993.1597
1581014052087,993.14105
1581014052112,993.14105
1581014052150,993.14105
1581014052189,993.14105
1581014052227,993.14075
1581014052270,993.14075
1581014052304,993.14075
1581014052342,993.14075
1581014052386,993.1333
1581014052422,993.1333
1581014052457,993.1333
1581014052496,993.1333
1581014052534,993.1253
1581014052574,993.1253
1581014052611,993.1253
1581014052650,993.1253
1581014052689,993.12476
1581014052726,993.12476
1581014052767,993.12476
1581014052804,993.12476
1581014052842,993.1102
1581014052888,993.1102
1581014052922,993.1102
1581014052958,993.1102
1581014053000,993.1061
1581014053034,993.1061
1581014053076,993.1061
1581014053112,993.1061
1581014053155,993.09564
1581014053199,993.09564
1581014053227,993.09564
1581014053266,993.09564
1581014053305,993.08276
1581014053345,993.08276
1581014053383,993.08276
1581014053422,993.08276
1581014053473,993.0723
1581014053499,993.0723
1581014053537,993.0723
1581014053574,993.0723
1581014053613,993.0512
1581014053651,993.0512
1581014053690,993.0512
1581014053729,993.0512
1581014053769,993.0454
1581014053809,993.0454
1581014053852,993.0454
1581014053881,993.0454
1581014053921,993.03577
1581014053959,993.03577
1581014054000,993.03577
1581014054038,993.03577
1581014054076,993.0221
1581014054113,993.0221
1581014054156,993.0221
1581014054193,993.0221
1581014054233,993.00586
1581014054268,993.00586
1581014054306,993.00586
1581014054346,993.00586
1581014054384,992.9897
1581014054420,992.9897
1581014054459,992.9897
1581014054498,992.9897
1581014054538,992.9768
1581014054576,992.9768
1581014054614,992.9768
1581014054652,992.9768
1581014054690,992.96387
1581014054730,992.96387
1581014054765,992.96387
1581014054808,992.96387
1581014054844,992.9509
1581014054884,992.9509
1581014054920,992.9509
1581014054962,992.9509
1581014054998,992.9397
1581014055037,992.9397
1581014055077,992.9397
1581014055112,992.9397
1581014055152,992.9251
1581014055198,992.9251
1581014055228,992.9251
1581014055271,992.9251
1581014055304,992.9197
1581014055348,992.9197
1581014055383,992.9197
1581014055421,992.9197
1581014055459,992.9084
1581014055497,992.9084
1581014055535,992.9084
1581014055572,992.9084
1581014055611,992.88806
1581014055652,992.88806
1581014055693,992.88806
1581014055730,992.88806
1581014055770,992.8793
1581014055808,992.8793
1581014055846,992.8793
1581014055882,992.8793
1581014055920,992.86304
1581014055960,992.86304
1581014056000,992.86304
1581014056036,992.86304
1581014056075,992.851
1581014056113,992.851
1581014056152,992.851
1581014056190,992.851
1581014056226,992.8354
1581014056269,992.8354
1581014056312,992.8354
1581014056343,992.8354
1581014056381,992.8175
1581014056419,992.8175
1581014056457,992.8175
1581014056496,992.8175
1581014056535,992.8175
1581014056589,992.8077
1581014056613,992.8077
1581014056650,992.8077
1581014056690,992.8077
1581014056727,992.78577
1581014056764,992.78577
1581014056805,992.78577
1581014056846,992.78577
1581014056881,992.7759
1581014056919,992.7759
1581014056959,992.7759
1581014057002,992.7759
1581014057033,992.7611
1581014057072,992.7611
1581014057114,992.7611
1581014057150,992.7611
1581014057188,992.7479
1581014057230,992.7479
1581014057267,992.7479
1581014057307,992.7479
1581014057344,992.73395
1581014057381,992.73395
1581014057421,992.73395
1581014057459,992.73395
1581014057497,992.7208
1581014057536,992.7208
1581014057575,992.7208
1581014057617,992.7208
1581014057653,992.7071
1581014057689,992.7071
1581014057727,992.7071
1581014057767,992.7071
1581014057805,992.69885
1581014057847,992.69885
1581014057882,992.69885
1581014057927,992.69885
1581014057957,992.6907
1581014058000,992.6907
1581014058035,992.6907
1581014058072,992.6907
1581014058113,992.6761
1581014058151,992.6761
1581014058216,992.6761
1581014058235,992.6761
1581014058266,992.6588
1581014058302,992.6588
1581014058354,992.6588
1581014058383,992.6588
1581014058421,992.64514
1581014058458,992.64514
1581014058498,992.64514
1581014058535,992.64514
1581014058575,992.6256
1581014058611,992.6256
1581014058652,992.6256
1581014058690,992.6256
1581014058729,992.61194
1581014058767,992.61194
1581014058808,992.61194
1581014058842,992.61194
1581014058882,992.59955
1581014058922,992.59955
1581014058958,992.59955
1581014058996,992.59955
1581014059037,992.5859
1581014059075,992.5859
1581014059117,992.5859
1581014059149,992.5859
1581014059189,992.57135
1581014059227,992.57135
1581014059265,992.57135
1581014059304,992.57135
1581014059342,992.5606
1581014059383,992.5606
1581014059421,992.5606
1581014059459,992.5606
1581014059499,992.54767
1581014059545,992.54767
1581014059573,992.54767
1581014059611,992.54767
1581014059652,992.53314
1581014059689,992.53314
1581014059728,992.53314
1581014059776,992.53314
1581014059811,992.5195
1581014059842,992.5195
1581014059879,992.5195
1581014059920,992.5195
1581014059959,992.50653
1581014059998,992.50653
1581014060037,992.50653
1581014060074,992.50653
1581014060112,992.49036
1581014060157,992.49036
1581014060190,992.49036
1581014060228,992.49036
1581014060266,992.4758
1581014060308,992.4758
1581014060343,992.4758
1581014060381,992.4758
1581014060419,992.45795
1581014060458,992.45795
1581014060499,992.45795
1581014060537,992.45795
1581014060573,992.44507
1581014060613,992.44507
1581014060650,992.44507
1581014060691,992.44507
1581014060729,992.4305
1581014060766,992.4305
1581014060806,992.4305
1581014060846,992.4305
1581014060880,992.4154
1581014060918,992.4154
1581014060957,992.4154
1581014060997,992.4154
1581014061033,992.4042
1581014061073,992.4042
1581014061121,992.4042
1581014061149,992.4042
1581014061186,992.4
1581014061225,992.4
1581014061265,992.4
1581014061304,992.4
1581014061346,992.3874
1581014061381,992.3874
1581014061427,992.3874
1581014061459,992.3874
1581014061497,992.3778
1581014061538,992.3778
1581014061571,992.3778
1581014061611,992.3778
1581014061652,992.3665
1581014061691,992.3665
1581014061739,992.3665
1581014061782,992.3665
1581014061805,992.3487
1581014061842,992.3487
1581014061881,992.3487
1581014061918,992.3487
1581014061959,992.33795
1581014061997,992.33795
1581014062034,992.33795
1581014062072,992.33795
1581014062112,992.3201
1581014062148,992.3201
1581014062188,992.3201
1581014062228,992.3201
1581014062268,992.3097
1581014062306,992.3097
1581014062345,992.3097
1581014062382,992.3097
1581014062420,992.2919
1581014062461,992.2919
1581014062496,992.2919
1581014062535,992.2919
1581014062573,992.27954
1581014062612,992.27954
1581014062650,992.27954
1581014062691,992.27954
1581014062727,992.27734
1581014062767,992.27734
1581014062805,992.27734
1581014062864,992.27734
1581014062882,992.2628
1581014062919,992.2628
1581014062960,992.2628
1581014062997,992.2628
1581014063035,992.2411
1581014063073,992.2411
1581014063111,992.2411
1581014063152,992.2411
1581014063191,992.2271
1581014063230,992.2271
1581014063267,992.2271
1581014063305,992.2271
1581014063340,992.19446
1581014063380,992.19446
1581014063432,992.19446
1581014063456,992.19446
1581014063495,992.17664
1581014063537,992.17664
1581014063572,992.17664
1581014063610,992.17664
1581014063650,992.1566
1581014063689,992.1566
1581014063726,992.1566
1581014063764,992.1566
1581014063804,992.15686
1581014063841,992.15686
1581014063880,992.15686
1581014063920,992.15686
1581014063956,992.15216
1581014063995,992.15216
1581014064033,992.15216
1581014064072,992.15216
1581014064113,992.1491
1581014064150,992.1491
1581014064194,992.1491
1581014064229,992.1491
1581014064265,992.151
1581014064305,992.151
1581014064342,992.151
1581014064380,992.151
1581014064435,992.16254
1581014064457,992.15454
1581014064496,992.15454
1581014064536,992.15454
1581014064574,992.15454
1581014064611,992.1526
1581014064651,992.1526
1581014064689,992.1526
1581014064749,992.1526
1581014064767,992.13806
1581014064806,992.13806
1581014064843,992.13806
1581014064880,992.13806
1581014064921,992.1427
1581014064959,992.1427
1581014064998,992.1427
1581014065037,992.1427
1581014065072,992.11005
1581014065111,992.11005
1581014065150,992.11005
1581014065188,992.11005
1581014065225,992.13245
1581014065267,992.13245
1581014065305,992.13245
1581014065345,992.13245
1581014065380,992.2535
1581014065418,992.2535
1581014065459,992.2535
1581014065500,992.2535
1581014065533,992.20355
1581014065578,992.20355
1581014065612,992.20355
1581014065694,992.20355
1581014065695,992.1923
1581014065727,992.1923
1581014065773,992.1923
1581014065805,992.1923
1581014065842,992.183
1581014065895,992.183
1581014065917,992.183
1581014065956,992.183
1581014065996,992.21936
1581014066035,992.21936
1581014066073,992.21936
1581014066110,992.21936
1581014066148,992.172
1581014066188,992.172
1581014066225,992.172
1581014066271,992.172
1581014066302,992.12787
1581014066339,992.12787
1581014066379,992.12787
1581014066419,992.12787
1581014066458,992.1124
1581014066497,992.1124
1581014066534,992.1124
1581014066574,992.1124
1581014066610,992.1045
1581014066649,992.1045
1581014066687,992.1045
1581014066727,992.1045
1581014066812,992.10583
1581014066813,992.10583
1581014066839,992.10583
1581014066879,992.10583
1581014066918,992.0973
1581014066957,992.0973
1581014066995,992.0973
1581014067036,992.0973
1581014067117,992.0901
1581014067118,992.0901
1581014067150,992.0901
1581014067215,992.0901
1581014067249,992.07996
1581014067270,992.07996
1581014067307,992.07996
1581014067337,992.07996
1581014067381,992.0744
1581014067433,992.0744
1581014067453,992.0744
1581014067496,992.0744
1581014067544,992.07135
1581014067568,992.07135
1581014067607,992.07135
1581014067645,992.07135
1581014067687,992.0801
1581014067722,992.0801
1581014067761,992.0801
1581014067800,992.0801
1581014067838,992.07043
1581014067877,992.07043
1581014067919,992.07043
1581014067954,992.07043
1581014067992,992.0707
1581014068030,992.0707
1581014068071,992.0707
1581014068109,992.0707
1581014068146,992.06836
1581014068189,992.06836
1581014068223,992.06836
1581014068261,992.06836
1581014068339,992.05493
1581014068398,992.05493
1581014068398,992.05493
1581014068486,992.05493
1581014068487,992.05133
1581014068532,992.05133
1581014068553,992.05133
1581014068568,992.05133
1581014068607,992.0483
1581014068645,992.0483
1581014068684,992.0483
1581014068725,992.0483
1581014068762,992.0444
1581014068799,992.0444
1581014068841,992.0444
1581014068877,992.0444
1581014068915,992.04626
1581014068955,992.04626
1581014068993,992.04626
1581014069030,992.04626
1581014069069,992.04816
1581014069108,992.04816
1581014069145,992.04816
1581014069183,992.04816
1581014069231,992.04675
1581014069262,992.04675
1581014069299,992.04675
1581014069340,992.04675
1581014069377,992.047
1581014069417,992.047
1581014069455,992.047
1581014069493,992.047
1581014069533,992.04425
1581014069569,992.04425
1581014069609,992.04425
1581014069649,992.04425
1581014069685,992.04504
1581014069727,992.04504
1581014069768,992.04504
1581014069801,992.04504
1581014069841,992.0445
1581014069879,992.0445
1581014069917,992.0445
1581014069957,992.0445
1581014069994,992.0445
1581014070033,992.0445
1581014070069,992.0445
1581014070111,992.0445
1581014070160,992.04285
1581014070191,992.04285
1581014070224,992.04285
1581014070263,992.04285
1581014070302,992.0431
1581014070340,992.0431
1581014070379,992.0431
1581014070416,992.0431
1581014070454,992.0431
1581014070494,992.0431
1581014070536,992.0431
1581014070574,992.0431
1581014070607,992.0398
1581014070649,992.0398
1581014070685,992.0398
1581014070728,992.0398
1581014070762,992.0398
1581014070800,992.0398
1581014070845,992.0398
1581014070878,992.0398
1581014070918,992.04364
1581014070959,992.04364
1581014070991,992.04364
1581014071030,992.04364
1581014071068,992.0532
