1456952901045,1.4754268,2.618658,9.149442
1456952901055,1.5951369,2.597709,8.655039
1456952901055,1.6897079,2.5893292,8.259995
1456952901056,1.7441759,2.5899277,7.943961
1456952901056,1.7022774,2.4355016,7.800309
1456952901056,1.6071079,2.1655555,8.046912
1456952901056,1.780089,2.2984335,8.347384
1456952901057,2.022502,2.504335,8.534731
1456952901067,2.211644,2.6659436,8.624513
1456952901067,2.3056161,2.8496985,8.619126
1456952901071,2.3092074,2.9346926,8.637681
1456952901075,2.332551,3.0011318,8.694544
1456952901083,2.27928,3.0550013,8.774151
1456952901086,2.223615,3.091513,8.823232
1456952901090,2.1152773,3.0992942,8.832211
1456952901095,2.0219033,3.1136594,8.836999
1456952901101,1.9470845,3.1615434,8.781333
1456952901105,1.9015948,3.2094274,8.730456
1456952901110,1.8902222,3.2124202,8.724471
1456952901116,1.8806454,3.1884782,8.788516
1456952901121,1.9213469,3.0825348,8.867524
1456952901125,1.8501194,2.9227216,9.1350765
1456952901131,1.7705121,2.7371712,9.490017
1456952901137,1.6873137,2.6791117,9.524135
1456952901140,1.7064673,2.6737247,9.387665
1456952901145,1.7328035,2.6300306,9.330204
1456952901150,1.7070658,2.6509798,9.379884
1456952901155,1.6172832,2.6809072,9.491813
1456952901161,1.4772224,2.7018566,9.496601
1456952901166,1.2868834,2.7455509,9.455899
1456952901170,1.0582372,2.818574,9.369708
1456952901175,0.8451532,2.879626,9.309854
1456952901182,0.62728083,3.0190883,9.272144
1456952901185,0.4177882,3.1256304,9.224859
1456952901190,0.23942018,3.2914288,9.169194
1456952901195,0.095169514,3.4332852,9.088988
1456952901200,-0.020949265,3.5619736,9.011177
1456952901205,-0.12210429,3.6709096,8.899248
1456952901209,-0.2896984,3.7954082,8.785523
1456952901218,-0.4866215,3.9977183,8.62152
1456952901220,-0.5470751,4.1335893,8.470686
1456952901224,-0.52133745,4.1946416,8.391677
1456952901230,-0.41180268,4.183269,8.35337
1456952901234,-0.24241292,4.1258082,8.4234
1456952901240,-0.094570965,4.0336313,8.541913
1456952901244,0.026934769,3.9133227,8.632893
1456952901251,0.11851298,3.7804444,8.729858
1456952901254,0.18734628,3.6661212,8.839393
1456952901262,0.2681506,3.5823243,8.940548
1456952901264,0.2681506,3.5823243,8.940548
1456952901270,0.3345897,3.5051112,9.001001
1456952901274,0.4141969,3.4919431,9.003395
1456952901279,0.47405192,3.4524388,9.051878
1456952901283,0.50757074,3.4159272,9.0794115
1456952901289,0.5398925,3.3800142,9.123704
1456952901294,0.5979519,3.3979707,9.178172
1456952901301,0.62967503,3.3728316,9.227852
1456952901303,0.6410475,3.3638535,9.321824
1456952901308,0.6344634,3.3333273,9.464878
1456952901317,0.5931635,3.2890346,9.532514
1456952901319,0.55725044,3.2800562,9.575011
1456952901323,0.5422867,3.2668881,9.646837
1456952901328,0.56443304,3.2225955,9.727641
1456952901334,0.56443304,3.1705215,9.778519
1456952901338,0.58897364,3.1214404,9.784504
1456952901343,0.5793968,3.0969,9.752182
1456952901348,0.5398925,3.1184478,9.610326
1456952901353,0.51954174,3.1423898,9.49301
1456952901358,0.4830302,3.2118216,9.348161
1456952901364,0.43155485,3.2824504,9.245809
1456952901368,0.38307226,3.341707,9.151836
1456952901373,0.35194764,3.3153708,9.121908
1456952901378,0.35194764,3.2752678,9.07582
1456952901384,0.32920274,3.229778,9.062054
1456952901387,0.25378537,3.2136173,9.072228
1456952901392,0.11372458,3.245939,9.129689
1456952901398,-0.035913024,3.2944214,9.248801
1456952901402,-0.17118542,3.3345244,9.375694
1456952901407,-0.29448682,3.3973722,9.479841
1456952901413,-0.3800795,3.41473,9.606734
1456952901418,-0.4285621,3.4021606,9.731233
1456952901422,-0.46627077,3.4141316,9.804854
1456952901427,-0.47465047,3.4153287,9.852738
1456952901435,-0.43634325,3.3734303,9.89763
1456952901440,-0.4165911,3.3991678,9.835381
1456952901443,-0.40102878,3.4153287,9.771336
1456952901447,-0.40282443,3.4985273,9.642648
1456952901451,-0.37469256,3.5482068,9.58818
1456952901457,-0.3764882,3.5715504,9.619304
1456952901462,-0.41120413,3.6176388,9.613917
1456952901466,-0.4854244,3.6260185,9.713276
1456952901472,-0.54168814,3.6529531,9.812037
1456952901477,-0.6254852,3.7056258,9.998785
1456952901481,-0.6991069,3.7110126,10.109517
1456952901486,-0.7164649,3.7086184,10.149021
1456952901491,-0.7140707,3.7128084,10.222643
1456952901497,-0.6739678,3.5422213,10.390237
1456952901503,-0.6655881,3.525462,10.566211
1456952901508,-0.56922144,3.7044287,10.757148
1456952901511,-0.53211135,3.9019501,10.81461
1456952901520,-0.5554548,4.079121,10.700885
1456952901521,-0.641646,4.2155905,10.545261
1456952901526,-0.7146692,4.317344,10.301651
1456952901531,-0.76195467,4.381389,10.028113
1456952901536,-0.7565677,4.3981485,9.792884
1456952901542,-0.7565677,4.35625,9.631275
1456952901547,-0.6434417,4.2820296,9.575011
1456952901550,-0.42078096,4.1557355,9.595362
1456952901556,-0.2100912,3.9043443,9.883265
1456952901561,-0.12090719,3.532046,10.370484
1456952901566,-0.108337626,3.0681696,11.063007
1456952901571,-0.09935937,2.569577,11.781268
1456952901576,-0.15083471,2.1320367,12.50731
1456952901582,-0.2220622,1.7316064,13.174095
1456952901585,-0.3298013,1.407192,13.779229
1456952901590,-0.44711718,1.1803415,14.292187
1456952901597,-0.5823896,1.0283096,14.586075
1456952901602,-0.6997054,0.91578215,14.596251
1456952901605,-0.85532856,0.90620536,14.401722
1456952901611,-0.97623575,0.97264445,14.0473795
1456952901620,-1.0887632,1.0522517,13.550583
1456952901621,-1.0887632,1.0522517,13.550583
1456952901626,-1.1653777,1.1067197,13.111846
1456952901631,-1.3257892,1.2354081,12.601881
1456952901637,-1.4508862,1.4149733,12.056003
1456952901641,-1.5101427,1.5729905,11.513118
1456952901646,-1.4975731,1.6412252,10.945093
1456952901651,-1.401805,1.6496049,10.378864
1456952901656,-1.271321,1.5921441,9.946113
1456952901659,-1.1510124,1.4808137,9.564836
1456952901664,-1.021127,1.3611037,9.213487
1456952901669,-0.8678981,1.3162124,8.92738
1456952901674,-0.8343793,1.2611457,8.662222
1456952901679,-0.81343,1.2264298,8.452729
1456952901684,-0.79367787,1.1815386,8.349778
1456952901689,-0.82599956,1.1019313,8.223484
1456952901694,-0.83138657,1.0546459,8.198944
1456952901699,-0.83617496,0.9840169,8.182184
1456952901704,-0.8523358,0.9792285,8.075044
1456952901708,-0.86849666,0.97862995,7.961918
1456952901714,-0.9091981,1.0067618,7.837419
1456952901718,-0.98940384,1.0319009,7.7039423
1456952901723,-1.0444705,1.0720038,7.595605
1456952901728,-1.0666169,1.1133038,7.460931
1456952901733,-1.0791864,1.134253,7.3178773
1456952901738,-1.0444705,1.1791444,7.3364325
1456952901743,-1.002572,1.1971009,7.347805
1456952901748,-0.9588778,1.2072762,7.349601
1456952901753,-0.89902276,1.2318168,7.48188
1456952901758,-0.84096336,1.2779051,7.669825
1456952901763,-0.7799112,1.353921,7.9008656
1456952901771,-0.7140707,1.4143747,8.143877
1456952901773,-0.6314707,1.4628572,8.388684
1456952901778,-0.587178,1.5676036,8.623316
1456952901783,-0.54527944,1.6663644,8.780735
1456952901788,-0.50158525,1.7723078,8.881291
1456952901794,-0.3585317,1.8590976,8.966286
1456952901798,-0.30705637,1.9734207,8.949526
1456952901803,-0.3728969,2.0961237,8.863934
1456952901807,-0.39683893,2.1799207,8.855554
1456952901813,-0.44232875,2.3714569,8.832211
1456952901817,-0.4189853,2.445677,8.929175
1456952901823,-0.36511576,2.4013844,9.090185
1456952901828,-0.36152446,2.3391352,9.268554
1456952901833,-0.44472298,2.3774424,9.457695
1456952901837,-0.599149,2.4588451,9.760562
1456952901843,-0.8110358,2.5540147,10.165182
1456952901847,-1.0205284,2.7377696,10.535685
1456952901853,-1.2216414,2.9586349,10.893019
1456952901857,-1.4586674,3.1040826,11.114483
1456952901862,-1.6346412,3.204639,11.242573
1456952901867,-1.7729063,3.292626,11.291056
1456952901874,-1.83336,3.25791,11.313202
1456952901877,-1.8567034,3.093907,11.273099
1456952901882,-1.7525556,2.8921957,11.1899
1456952901887,-1.5454572,2.6138697,10.9899845
1456952901892,-1.2862848,2.2571337,10.772112
1456952901898,-1.0253168,1.9776106,10.497976
1456952901902,-0.75956047,1.8124107,10.204087
1456952901907,-0.51954174,1.5807717,9.909002
1456952901912,-0.30585927,1.3198037,9.591172
1456952901917,-0.14305355,1.2264298,9.231443
1456952901922,0.11432313,1.0953473,8.9519205
1456952901932,0.08140286,1.0618285,8.789713
1456952901932,5.985504E-4,1.0941502,8.590396
1456952901938,-0.1328782,1.1917139,8.274361
1456952901944,-0.18674773,1.4251486,8.112753
1456952901945,-0.27353755,1.6232687,8.12592
1456952901951,-0.4417302,1.7753005,8.042124
1456952901961,-0.6805518,1.9674352,7.9224133
1456952901961,-0.88525605,2.1877017,7.9236107
1456952901965,-1.0342951,2.3983915,7.9170265
1456952901972,-1.1127052,2.5013423,7.9726915
1456952901975,-1.3036429,2.7156234,7.98586
1456952901981,-1.3036429,2.7156234,7.98586
1456952901985,-1.5406688,3.0226796,7.980473
1456952901990,-1.6232687,3.2016463,8.025364
1456952901995,-1.6352397,3.3117795,8.08462
1456952902000,-1.6035166,3.323152,8.224682
1456952902005,-1.5801731,3.240552,8.413823
1456952902010,-1.5304934,3.1992521,8.559271
1456952902015,-1.4640543,3.1387985,8.594585
1456952902020,-1.3335704,3.0591912,8.590396
1456952902024,-1.1438298,2.9550436,8.593389
1456952902030,-0.9720459,2.8652608,8.630499
1456952902035,-0.81402856,2.789245,8.711902
1456952902041,-0.6631939,2.7329812,8.793902
1456952902045,-0.6063316,2.6647465,8.868123
1456952902050,-0.54887074,2.5713725,8.924387
1456952902055,-0.41060558,2.5438392,9.006987
1456952902061,-0.33758244,2.509722,9.027337
1456952902066,-0.22625206,2.6024973,9.080608
1456952902071,-0.17597382,2.6420016,9.277532
1456952902076,-0.25797522,2.6647465,9.503783
1456952902080,-0.3585317,2.6797101,9.728839
1456952902085,-0.4830302,2.754529,9.8916445
1456952902091,-0.5386954,2.819771,10.04607
1456952902095,-0.6985083,2.8209682,10.241198
1456952902100,-0.7763199,2.7263973,10.506355
1456952902106,-0.8295909,2.7287915,10.555437
1456952902111,-0.8146271,2.7994204,10.527904
1456952902116,-0.8331822,2.8431146,10.569203
1456952902121,-0.88645315,2.8443117,10.547057
1456952902126,-0.9660604,2.8688521,10.463859
1456952902131,-0.9935937,2.9161377,10.266935
1456952902136,-1.0127473,2.9442697,9.993398
1456952902142,-1.0139444,2.9783869,9.755175
1456952902146,-1.003769,3.0226796,9.509769
1456952902154,-0.9744401,3.0520086,9.19553
1456952902155,-0.93493575,3.0801406,8.890269
1456952902160,-0.9103952,3.1423898,8.622119
1456952902166,-0.8690952,3.2004492,8.415619
1456952902170,-0.8870517,3.2626984,8.336012
1456952902175,-0.931943,3.2872388,8.359954
1456952902180,-1.0307038,3.233968,8.550293
1456952902184,-1.110311,3.1322143,8.999206
1456952902192,-1.0899603,2.9251158,9.580399
1456952902193,-1.0845734,2.6222494,9.677961
1456952902225,-1.2000936,2.3720553,9.682152
1456952902226,-1.1569979,2.1051018,10.800842
1456952902227,-1.0247183,1.8644845,11.574169
1456952902227,-0.9247604,1.6364368,11.862671
1456952902228,-0.82360536,1.620276,11.7627125
1456952902229,-0.7020996,1.6340426,11.744757
1456952902230,-0.61890113,1.6998832,11.605294
1456952902236,-0.56323594,1.7884687,11.306618
1456952902238,-0.51954174,1.882441,10.970232
1456952902254,-0.46986207,1.9321208,10.67395
1456952902254,-0.41240123,1.9446903,10.615292
1456952902255,-0.38606504,1.9099745,10.490793
1456952902313,-0.3800795,1.9806033,10.207081
1456952902314,-0.27114335,2.1152773,9.784504
1456952902314,-0.11192893,2.2319946,9.346365
1456952902315,0.01616086,2.2876596,8.901642
1456952902316,0.090381116,2.3068132,8.495825
1456952902316,0.09816227,2.31639,8.204929
1456952902317,0.03232172,2.3289597,8.080431
1456952902318,-0.08619126,2.405574,8.025364
1456952902321,-0.24899697,2.497751,8.052299
1456952902321,-0.44113165,2.5635915,8.207922
1456952902322,-0.57041854,2.5875335,8.331821
1456952902323,-0.5614403,2.5629928,8.415619
1456952902323,-0.5590461,2.570774,8.522759
1456952902324,-0.587178,2.5821466,8.687361
1456952902355,-0.6847417,2.598906,8.865729
1456952902358,-0.7930793,2.566584,9.053674
1456952902358,-0.85293436,2.5677812,9.19972
1456952902358,-0.85293436,2.5677812,9.19972
1456952902358,-0.85652566,2.5617957,9.366715
1456952902358,-0.8110358,2.5498247,9.578603
1456952902359,-0.7529764,2.5552118,9.773131
1456952902362,-0.79487497,2.546832,9.947908
1456952902371,-0.8643068,2.5558102,10.155006
1456952902371,-0.94570965,2.6396074,10.263344
1456952902376,-0.9923966,2.6862943,10.31901
1456952902444,-1.0223241,2.7575219,10.356119
1456952902444,-1.0336965,2.825158,10.421362
1456952902445,-1.0378864,2.915539,10.409989
1456952902445,-1.0085574,2.9658175,10.388441
1456952902445,-0.985214,3.0101101,10.301651
1456952902445,-0.9271546,3.05141,10.203489
1456952902445,-0.92775315,3.0921116,10.149021
1456952902446,-0.87927055,3.1028855,10.062231
1456952902446,-0.84096336,3.1064768,9.950302
1456952902446,-0.7942764,3.104681,9.870695
1456952902446,-0.7529764,3.0735564,9.776124
1456952902446,-0.724246,3.0496144,9.611523
1456952902446,-0.66139823,3.0412347,9.461287
1456952902447,-0.5602432,2.9933507,9.322423
1456952902450,-0.49679685,2.9771898,9.173983
1456952902602,-0.42916065,2.9712043,9.005191
1456952902602,-0.3752911,2.9646204,8.862138
1456952902603,-0.35254622,2.9724014,8.740632
1456952902603,-0.3597288,2.9616275,8.684368
1456952902604,-0.36032736,2.966416,8.634688
1456952902604,-0.41718966,2.9346926,8.626907
1456952902605,-0.4309563,2.9400797,8.655638
1456952902605,-0.41838676,2.9317,8.626308
1456952902605,-0.41718966,2.9670146,8.62152
1456952902606,-0.40521863,2.9418752,8.672397
1456952902606,-0.3585317,2.918532,8.766968
1456952902607,-0.33638534,2.9179332,8.834604
1456952902607,-0.34476504,2.8802247,8.851364
1456952902608,-0.32321724,2.8089972,8.878299
1456952902608,-0.32920274,2.8353333,8.941745
1456952902609,-0.32022446,2.801216,9.033921
1456952902609,-0.28790274,2.7694929,9.129689
1456952902610,-0.24720132,2.7335799,9.191938
1456952902610,-0.18794483,2.6880898,9.205706
1456952902611,-0.18195933,2.6138697,9.290101
1456952902611,-0.12330139,2.5157075,9.290101
1456952902612,-0.0724246,2.4720132,9.357139
1456952902612,0.005985504,2.4073699,9.372103
1456952902613,0.0664391,2.3888147,9.44333
1456952902613,0.08559271,2.372654,9.461287
1456952902613,0.08259996,2.3241713,9.452309
1456952902614,0.02873042,2.284667,9.424775
1456952902614,-0.0053869537,2.2122424,9.446921
1456952902614,-0.031124622,2.2098482,9.512762
1456952902615,-0.019752163,2.224812,9.618107
1456952902615,-0.02633622,2.2517467,9.73662
1456952902615,-0.017956512,2.2732944,9.883863
1456952902616,-0.107140526,2.409764,9.970653
1456952902629,-0.19033903,2.4510639,10.102334
1456952902629,-0.22984336,2.3104045,10.266336
1456952902630,-0.24600422,2.2266076,10.427347
1456952902634,-0.26515785,2.2098482,10.499771
1456952902679,-0.29807812,2.207454,10.553042
1456952902680,-0.33758244,2.255338,10.545261
1456952902680,-0.45489833,2.259528,10.475829
1456952902680,-0.50996494,2.2667105,10.383653
1456952902681,-0.5907693,2.27928,10.238205
1456952902681,-0.5722142,2.4241292,10.095152
1456952902681,-0.45250413,2.6372132,9.892841
1456952902681,-0.39264908,2.7988217,9.606734
1456952902682,-0.3764882,2.8802247,9.349358
1456952902687,-0.4213795,2.9215245,9.052477
1456952902687,-0.47884035,2.932897,8.802282
1456952902692,-0.5734113,2.9604304,8.589797
1456952902740,-0.6218939,2.947861,8.441956
1456952902741,-0.6218939,2.947861,8.441956
1456952902741,-0.6147113,3.0011318,8.355764
1456952902741,-0.61890113,3.0232782,8.350377
1456952902742,-0.6159084,3.0256724,8.378509
1456952902744,-0.57879823,3.0131028,8.403049
1456952902744,-0.5291186,2.942474,8.457518
1456952902744,-0.44951138,2.8209682,8.474277
1456952902745,-0.4189853,2.7449522,8.509591
1456952902745,-0.40222588,2.6886885,8.529344
1456952902749,-0.38845924,2.6479871,8.522759
1456952902752,-0.38845924,2.606687,8.579023
1456952902757,-0.43754035,2.582745,8.7292595
1456952902765,-0.45070848,2.541445,8.851364
1456952902766,-0.46208093,2.5354595,8.932767
1456952902771,-0.41479546,2.5192988,8.98484
1456952902776,-0.35434186,2.496554,9.052477
1456952902781,-0.320823,2.4223335,9.110536
1456952902786,-0.31304187,2.3223755,9.251794
1456952902791,-0.29747957,2.2577322,9.371504
1456952902795,-0.2777274,2.220622,9.48044
1456952902801,-0.25019407,2.1757307,9.553463
1456952902806,-0.26635495,2.1535845,9.558251
1456952902811,-0.2741361,2.15538,9.565434
1456952902816,-0.29628247,2.1416135,9.519944
1456952902822,-0.32022446,2.1691468,9.495404
1456952902826,-0.33638534,2.1643584,9.411607
1456952902831,-0.36990416,2.1984756,9.31105
1456952902836,-0.39683893,2.1865046,9.218874
1456952902841,-0.41120413,2.1883004,9.159617
1456952902845,-0.4429273,2.204461,9.103952
1456952902851,-0.46627077,2.3008277,9.140464
1456952902856,-0.5386954,2.368464,9.118916
1456952902863,-0.62608373,2.4103625,9.184756
1456952902865,-0.7152678,2.5049336,9.257181
1456952902870,-0.78888947,2.621651,9.379884
1456952902875,-0.842759,2.7234044,9.512163
1456952902882,-0.93254155,2.8119898,9.575011
1456952902886,-0.9600749,2.8485014,9.631275
1456952902890,-0.9475053,2.8862102,9.648034
1456952902895,-0.9367314,2.8987796,9.689933
1456952902901,-0.89902276,2.8999767,9.688137
1456952902904,-0.8283938,2.9346926,9.698911
1456952902910,-0.8086416,2.983774,9.667787
1456952902915,-0.7553706,3.0137014,9.630676
1456952902920,-0.7044938,3.0490158,9.586384
1456952902927,-0.6560113,3.0711622,9.524135
1456952902929,-0.6326678,3.0963013,9.45171
1456952902934,-0.6015432,3.1040826,9.399037
1456952902939,-0.57760113,3.0639796,9.411008
1456952902944,-0.54647654,3.0017304,9.391854
1456952902950,-0.51355624,2.9418752,9.349358
1456952902955,-0.45250413,2.8766334,9.3499565
1456952902960,-0.3776853,2.854487,9.382876
1456952902970,-0.3357868,2.8233624,9.422979
1456952902971,-0.33518824,2.8179753,9.541492
1456952902974,-0.36750996,2.8095956,9.603742
1456952902979,-0.4973954,2.8030117,9.685144
1456952902984,-0.5614403,2.813187,9.685144
1456952902989,-0.55605334,2.871845,9.661202
1456952902994,-0.51714754,2.9167361,9.574412
1456952902999,-0.49559975,2.9107506,9.503783
1456952903004,-0.5009867,2.8939912,9.450513
1456952903009,-0.53211135,2.896984,9.491813
1456952903014,-0.54527944,2.883816,9.5385
1456952903020,-0.5351041,2.8909986,9.541492
1456952903024,-0.5267244,2.8365304,9.522339
1456952903029,-0.4878186,2.8101943,9.532514
1456952903033,-0.47345337,2.782661,9.478644
1456952903041,-0.4417302,2.7509377,9.401431
1456952903046,-0.4141969,2.7299886,9.347562
1456952903048,-0.3800795,2.712032,9.293693
1456952903054,-0.3669114,2.6761189,9.266758
1456952903059,-0.3705027,2.633622,9.22426
1456952903064,-0.3705027,2.633622,9.22426
1456952903069,-0.33399114,2.618658,9.27394
1456952903074,-0.3184288,2.6192567,9.303867
1456952903080,-0.36870706,2.6234465,9.288904
1456952903084,-0.40222588,2.6234465,9.294291
1456952903088,-0.45130703,2.6090813,9.361329
1456952903093,-0.4902128,2.6300306,9.417592
1456952903099,-0.54168814,2.6264393,9.51755
1456952903104,-0.5626374,2.6431987,9.57561
1456952903109,-0.5506664,2.6803088,9.615114
1456952903114,-0.4985925,2.665345,9.603143
1456952903118,-0.4866215,2.6635494,9.555259
1456952903122,-0.45429978,2.6623523,9.498995
1456952903129,-0.43155485,2.6803088,9.5253315
1456952903133,-0.39803603,2.6719291,9.524135
1456952903138,-0.39743748,2.6898856,9.476251
1456952903143,-0.3645172,2.7132292,9.455301
1456952903147,-0.3549404,2.7593174,9.412206
1456952903152,-0.34835634,2.801216,9.348161
1456952903158,-0.3561375,2.8496985,9.314642
1456952903162,-0.35553896,2.9083564,9.324817
1456952903168,-0.3824737,2.9418752,9.352949
1456952903172,-0.3441665,2.9574378,9.409811
1456952903179,-0.350152,2.9592333,9.443929
1456952903184,-0.30107087,2.9634233,9.507375
1456952903187,-0.28191724,2.9592333,9.496002
1456952903192,-0.29149407,2.9514523,9.501988
1456952903199,-0.3172317,2.9514523,9.510966
1456952903202,-0.37110126,2.973,9.516354
1456952903207,-0.37828386,3.0107086,9.451111
1456952903215,-0.39145198,3.0693667,9.466075
1456952903219,-0.39145198,3.104681,9.478046
1456952903221,-0.41838676,3.1010897,9.441534
1456952903226,-0.40821138,3.0825348,9.403227
1456952903231,-0.41120413,3.1082723,9.3583355
1456952903237,-0.39264908,3.1184478,9.320627
1456952903241,-0.3824737,3.115455,9.266159
1456952903246,-0.36750996,3.1112652,9.288904
1456952903251,-0.33638534,3.0693667,9.35235
1456952903258,-0.29927522,3.0400376,9.412206
1456952903261,-0.31483752,2.9999347,9.4295635
1456952903267,-0.31244332,2.9622262,9.463681
1456952903271,-0.32142156,2.966416,9.536105
1456952903276,-0.36511576,2.9622262,9.628283
1456952903282,-0.40880993,2.943671,9.68275
1456952903286,-0.42197806,2.9777884,9.744401
1456952903291,-0.40162733,3.016694,9.663596
1456952903296,-0.35673606,3.0699651,9.602545
1456952903301,-0.32800564,3.0711622,9.510966
1456952903306,-0.26276365,3.0478187,9.426571
1456952903312,-0.2136825,3.0346506,9.437943
1456952903316,-0.15143326,3.0005333,9.3260145
1456952903321,-0.08619126,2.9735985,9.266758
1456952903325,0.009576807,2.9616275,9.165603
1456952903330,0.10295067,2.902371,9.070433
1456952903337,0.1945289,2.8485014,8.978855
1456952903340,0.25318682,2.7802668,8.913014
1456952903346,0.2621651,2.7132292,8.9279785
1456952903351,0.23942018,2.6641479,8.97287
1456952903356,0.22625206,2.6252422,9.009381
1456952903360,0.18555063,2.6168625,9.0794115
1456952903370,0.1340753,2.6970682,9.177573
1456952903371,0.050876785,2.7281928,9.159617
1456952903375,-0.02873042,2.7994204,9.139865
1456952903382,-0.055066638,2.8658595,9.087193
1456952903384,-0.0700304,2.92751,9.04709
1456952903389,-0.077811554,2.9652188,9.011775
1456952903395,-0.05925649,2.9843724,8.979453
1456952903398,-0.05267244,2.9747956,9.042301
1456952903403,-0.040102877,2.9975405,9.081805
1456952903408,-0.053869538,2.9825768,9.099164
1456952903413,-0.078410104,2.9861681,9.115324
1456952903418,-0.06943185,2.956839,9.122507
1456952903423,-0.06943185,2.956839,9.122507
1456952903428,-0.04309563,2.942474,9.150639
1456952903433,-0.03172317,2.92751,9.211691
1456952903438,-0.032920275,2.9233203,9.226655
1456952903443,-0.051475335,2.9059622,9.2865095
1456952903448,-0.08020575,2.8921957,9.3733
1456952903453,-0.12090719,2.8993783,9.455899
1456952903458,-0.16400282,2.9257145,9.59177
1456952903463,-0.25797522,2.9251158,9.670779
1456952903468,-0.3369839,2.942474,9.736021
1456952903473,-0.37469256,2.9724014,9.802461
1456952903478,-0.3890578,3.0160956,9.774328
1456952903483,-0.39803603,3.0250738,9.794679
1456952903488,-0.41838676,3.027468,9.770737
1456952903493,-0.39923313,3.0430303,9.764751
1456952903498,-0.4237737,3.0412347,9.712678
1456952903503,-0.4237737,3.0496144,9.620501
1456952903508,-0.3752911,3.0801406,9.572019
1456952903518,-0.3309984,3.0615854,9.566631
1456952903519,-0.2801216,3.0412347,9.546879
1456952903523,-0.260968,2.9987376,9.546879
1456952903530,-0.24301147,2.9813797,9.522339
1456952903533,-0.2112883,2.9753942,9.527725
1456952903539,-0.16220717,2.9400797,9.541492
1456952903543,-0.11133038,2.8981812,9.49301
1456952903548,-0.10175357,2.8538885,9.476251
1456952903553,-0.089782566,2.8233624,9.486425
1456952903558,-0.078410104,2.8078,9.514558
1456952903564,-0.0700304,2.8101943,9.466674
1456952903568,-0.05626374,2.8353333,9.463681
1456952903576,-0.017357962,2.8269536,9.3822775
1456952903579,0.017357962,2.8161798,9.272743
1456952903583,0.035314474,2.8413188,9.19553
1456952903588,0.074220255,2.8616695,9.150639
1456952903593,0.088585466,2.8832173,9.065046
1456952903598,0.08259996,2.8742392,8.972271
1456952903603,0.08499416,2.9334955,8.934562
1456952903608,0.0700304,2.9538465,8.901043
1456952903614,0.0700304,2.9574378,8.943541
1456952903617,0.073023155,2.9358897,8.996812
1456952903622,0.061650693,2.8951883,9.056067
1456952903627,0.06404489,2.8933928,9.075222
1456952903633,0.027533319,2.8856115,9.109339
1456952903637,-0.021547815,2.882619,9.188348
1456952903642,-0.077213004,2.8987796,9.251794
1456952903647,-0.12928689,2.9191303,9.341577
1456952903652,-0.19093758,2.9400797,9.364322
1456952903658,-0.22266077,2.939481,9.406818
1456952903664,-0.20949265,2.9125464,9.371504
1456952903674,-0.1604115,2.9131448,9.382876
1456952903675,-0.14963761,2.9173348,9.430161
1456952903677,-0.14604631,2.9173348,9.52174
1456952903685,-0.15203181,2.9161377,9.554661
1456952903686,-0.12569559,2.9251158,9.531317
1456952903703,-0.11192893,2.926313,9.451111
1456952903707,-0.09995792,2.9406781,9.43076
1456952903707,-0.11911154,2.944868,9.413403
1456952903707,-0.11971009,2.9550436,9.406818
1456952903725,-0.055066638,3.0101101,9.379884
1456952903725,-0.05805939,3.0424318,9.346964
1456952903725,-0.1364695,3.0430303,9.312247
1456952903726,-0.19812019,3.0178912,9.365519
1456952903769,-0.219668,3.0029275,9.346964
1456952903769,-0.2220622,3.0113072,9.331401
1456952903769,-0.24361002,3.0190883,9.370307
1456952903769,-0.2837129,2.9873652,9.454702
1456952903769,-0.31064767,2.973,9.510367
1456952903770,-0.2896984,2.9340942,9.539697
1456952903770,-0.23822308,2.926313,9.588778
1456952903770,-0.17417817,2.9251158,9.55885
1456952903771,-0.14185645,2.9107506,9.495404
1456952903792,-0.130484,2.8927941,9.469068
1456952903792,-0.10175357,2.8939912,9.457695
1456952903792,-0.10175357,2.8939912,9.457695
1456952903792,-0.08499416,2.919729,9.434352
1456952903794,-0.073023155,2.9400797,9.419388
1456952903806,-0.06404489,2.9412768,9.433753
1456952903806,-0.031124622,2.9538465,9.4062195
1456952903819,-0.004189853,2.944868,9.388264
1456952903820,0.013766659,2.9442697,9.409811
1456952903820,0.013766659,2.9137435,9.420585
1456952903824,-0.012569559,2.9041667,9.509769
1456952903829,-0.025737667,2.9053638,9.619304
1456952903834,-0.0724246,2.8904,9.677363
1456952903839,-0.0688333,2.8886044,9.704298
1456952903844,-0.050876785,2.8802247,9.658808
1456952903848,-0.033518825,2.8538885,9.595961
1456952903854,-0.031124622,2.8574798,9.508572
1456952903888,-0.054468088,2.8604724,9.448118
1456952903889,-0.04249708,2.8526914,9.421184
1456952903889,-0.022744916,2.8335378,9.34397
1456952903889,-0.022146367,2.818574,9.367912
1456952903890,-0.046686932,2.825158,9.281123
1456952903892,-0.037110128,2.8443117,9.246407
1456952903893,-0.035314474,2.8502972,9.263166
1456952903893,-0.05327099,2.8365304,9.267356
1456952903900,-0.044891283,2.8107927,9.288904
1456952903903,-0.053869538,2.790442,9.254189
1456952903910,-0.036511578,2.790442,9.269152
1456952903913,-0.008978256,2.830545,9.235035
1456952903918,0.03172317,2.8496985,9.184157
1456952903922,0.037708677,2.8904,9.160814
1456952903930,0.08619126,2.8760347,9.179369
1456952903933,0.077811554,2.8526914,9.153631
1456952903938,0.109534726,2.830545,9.124901
1456952903944,0.1340753,2.8634653,9.166202
1456952903949,0.11731588,2.8502972,9.233837
1456952903953,0.06703765,2.8377275,9.3182335
1456952903958,-0.011971008,2.8137856,9.483433
1456952903963,-0.06703765,2.8287494,9.592369
1456952903969,-0.09636662,2.8574798,9.656414
1456952903973,-0.11192893,2.846706,9.662998
1456952903979,-0.08499416,2.859874,9.657611
1456952903984,-0.078410104,2.8341362,9.613917
1456952903988,-0.04070143,2.837129,9.527127
1456952903993,-0.037110128,2.855684,9.446921
1456952903999,-0.034117375,2.8682537,9.383475
1456952904003,-0.039504327,2.9059622,9.356541
1456952904008,-0.037708677,2.9203274,9.330204
1456952904014,-0.024540568,2.9047651,9.333197
1456952904023,-0.014963761,2.9011738,9.300277
1456952904024,-0.009576807,2.873042,9.363723
1456952904029,-0.022744916,2.8580782,9.368511
1456952904032,-0.044292733,2.830545,9.436746
1456952904040,-0.07182605,2.8245595,9.4696665
1456952904043,-0.035913024,2.801216,9.494206
1456952904047,-0.007182605,2.7670987,9.470264
1456952904058,0.01436521,2.771887,9.44752
1456952904058,0.065242,2.7371712,9.427169
1456952904062,0.07062895,2.7629087,9.362526
1456952904067,0.049081136,2.7754784,9.391256
1456952904073,0.050278235,2.7820623,9.374496
1456952904076,0.037110128,2.7940333,9.379884
1456952904081,0.032920275,2.8083985,9.385271
1456952904088,0.023343466,2.8060043,9.395446
1456952904091,-0.0035913025,2.7994204,9.438541
1456952904096,0.0017956513,2.8167782,9.449914
1456952904101,-0.013766659,2.8353333,9.46847
1456952904109,-0.031124622,2.8365304,9.486425
1456952904113,-0.010175358,2.8323407,9.488221
1456952904117,-0.008379706,2.8508956,9.440936
1456952904121,-0.017357962,2.8856115,9.355343
1456952904126,-0.047884032,2.9167361,9.285912
1456952904131,-0.0724246,2.9287071,9.260772
1456952904136,-0.05925649,2.9095535,9.287108
1456952904145,-0.037110128,2.89459,9.266758
1456952904147,-0.037110128,2.89459,9.266758
1456952904151,0.008978256,2.8520927,9.27394
1456952904156,0.02633622,2.7964275,9.27394
1456952904161,0.04369418,2.7868507,9.365519
1456952904166,0.020350715,2.7808652,9.417592
1456952904178,0.002992752,2.767697,9.490616
1456952904178,-0.01616086,2.791639,9.466674
1456952904180,-0.020350715,2.8042088,9.460688
1456952904185,-0.010773907,2.8269536,9.397242
1456952904191,0.008379706,2.8101943,9.339781
1456952904194,0.022744916,2.8323407,9.293094
1456952904201,0.03172317,2.8311436,9.283517
1456952904207,0.023942016,2.8407204,9.31524
1456952904209,0.02873042,2.8502972,9.323022
1456952904215,-5.985504E-4,2.8802247,9.3026705
1456952904219,0.0,2.858677,9.270349
1456952904224,-0.011971008,2.8335378,9.270947
1456952904230,-0.019752163,2.7844565,9.31943
1456952904235,-0.023942016,2.7868507,9.3421755
1456952904239,-0.040102877,2.8042088,9.409811
1456952904245,-0.049081136,2.791639,9.452907
1456952904250,-0.047285482,2.8078,9.4696665
1456952904254,-0.06344634,2.8377275,9.46009
1456952904259,-0.05207389,2.806603,9.442133
1456952904264,-0.050876785,2.8089972,9.45171
1456952904269,-0.046088383,2.8054059,9.474455
1456952904274,-0.046088383,2.7844565,9.53012
1456952904279,-0.07062895,2.7802668,9.598354
1456952904286,-0.04249708,2.7808652,9.663596
1456952904290,-0.047884032,2.791639,9.698911
1456952904294,-0.025139118,2.8167782,9.725247
1456952904299,-0.030526072,2.819771,9.72824
1456952904308,0.01316811,2.8209682,9.667188
1456952904309,0.02873042,2.8072014,9.619304
1456952904315,0.045489833,2.7964275,9.603143
1456952904319,0.06584055,2.8107927,9.569624
1456952904323,0.037708677,2.8149827,9.521142
1456952904328,0.029927522,2.8562827,9.45171
1456952904333,0.01316811,2.8862102,9.409213
1456952904339,0.010773907,2.919729,9.332599
1456952904344,-0.018555064,2.9239187,9.264363
1456952904348,-0.035314474,2.914342,9.261371
1456952904353,-0.06344634,2.896984,9.229648
1456952904358,-0.077811554,2.8886044,9.233837
1456952904363,-0.08559271,2.8880057,9.238028
1456952904369,-0.077811554,2.885013,9.227852
1456952904374,-0.088585466,2.9071593,9.230247
1456952904377,-0.08259996,2.9029696,9.215881
1456952904384,-0.073023155,2.8532898,9.247005
1456952904387,-0.037708677,2.8323407,9.317635
1456952904398,-0.037110128,2.822764,9.374496
1456952904398,-0.05267244,2.8323407,9.361329
1456952904403,-0.044891283,2.873042,9.324219
1456952904408,-0.027533319,2.915539,9.285912
1456952904412,-0.0077811554,2.919729,9.242217
1456952904417,0.026934769,2.9454668,9.211093
1456952904424,0.018555064,2.9526494,9.150041
1456952904429,0.044891283,2.938284,9.12131
1456952904432,0.034715924,2.955642,9.08001
1456952904437,0.023942016,2.926313,9.045893
1456952904442,0.025139118,2.9317,8.9998045
1456952904447,0.01616086,2.9161377,8.920197
1456952904451,0.03172317,2.9245174,8.823831
1456952904457,0.0712275,2.9107506,8.7125
1456952904463,0.10474633,2.870648,8.635885
1456952904467,0.12988544,2.822764,8.637681
1456952904471,0.11971009,2.7760768,8.692149
1456952904476,0.10414778,2.7287915,8.75799
1456952904481,0.10115502,2.6886885,8.807071
1456952904486,0.073023155,2.6779146,8.877101
1456952904491,0.037708677,2.689287,8.911219
1456952904496,0.0053869537,2.7048495,8.909423
1456952904501,-0.008379706,2.7581203,8.830415
1456952904506,-0.008379706,2.7581203,8.830415
1456952904511,-5.985504E-4,2.7940333,8.787917
1456952904515,-0.031124622,2.8455088,8.718486
1456952904526,-0.046686932,2.906561,8.658031
1456952904526,-0.1436521,2.8993783,8.704121
1456952904530,-0.08140286,2.8886044,8.9519205
1456952904536,-0.11133038,2.867655,9.211093
1456952904543,-0.19572599,2.7814639,9.408015
1456952904546,-0.2908955,2.705448,9.651027
1456952904550,-0.59136784,2.7970262,9.8515415
1456952904555,-0.57760113,2.765303,10.3770685
1456952904560,-0.65242,2.712032,10.778696
1456952904566,-0.8499416,2.7275944,10.951078
1456952904571,-1.0570401,2.8083985,10.914567
1456952904575,-1.1827357,2.8485014,10.815806
1456952904580,-1.2922704,2.8832173,10.626065
1456952904585,-1.6944963,3.0771477,10.371083
1456952904590,-1.4478935,3.2172086,9.753379
1456952904595,-0.9427169,3.2519245,9.454104
1456952904600,-0.676362,3.245939,9.4295635
1456952904604,-0.58657944,3.1346085,9.290101
1456952904609,-0.5374983,3.0172927,8.969278
1456952904614,-0.53689975,2.938284,8.7292595
1456952904619,-0.5614403,2.9694088,8.711902
1456952904625,-0.6835446,3.0370448,9.018958
1456952904630,-0.9648633,3.1136594,9.578603
1456952904635,-1.3515269,3.2495303,10.183139
1456952904641,-1.7782934,3.4051533,10.7673235
1456952904646,-2.1883004,3.5715504,11.140819
1456952904649,-2.468422,3.7379475,11.257536
1456952904654,-2.5540147,3.8187518,11.036073
1456952904659,-2.44448,3.8313212,10.5362835
1456952904665,-1.9416976,3.7576995,9.818023
1456952904670,-1.2204443,3.6134489,9.090784
1456952904674,-0.53211135,3.401562,8.573636
1456952904679,-0.029927522,3.1854854,8.243237
1456952904684,0.25378537,3.0298622,8.041525
1456952904689,0.3369839,2.9233203,8.024766
1456952904694,0.26755205,2.8999767,8.033145
1456952904699,0.11133038,2.9239187,8.142081
1456952904703,-0.11492168,2.9460652,8.361151
1456952904708,-0.30466217,3.0178912,8.752005
1456952904713,-0.47884035,3.1280246,9.078215
1456952904719,-0.66618663,3.2279825,9.232041
1456952904723,-0.79367787,3.277662,9.379884
1456952904728,-0.90021986,3.3225534,9.461287
1456952904733,-0.9343372,3.3482912,9.513959
1456952904738,-0.9576807,3.3662477,9.523536
1456952904743,-0.9516952,3.3572693,9.51336
1456952904748,-0.9103952,3.3387144,9.491813
1456952904752,-0.8475474,3.3153708,9.439739
1456952904758,-0.8439561,3.2956185,9.473258
1456952904762,-0.9103952,3.3171666,9.495404
1456952904767,-1.0187328,3.3494883,9.536105
1456952904772,-1.0779893,3.4075475,9.594165
1456952904778,-1.0977415,3.4326868,9.631275
1456952904782,-1.0755951,3.4368765,9.61272
1456952904787,-0.93134445,3.4153287,9.498995
1456952904792,-0.7703344,3.323152,9.345766
1456952904797,-0.5835867,3.2291796,9.185953
1456952904802,-0.46387658,3.1376014,9.051878
1456952904807,-0.39264908,3.0951042,8.959702
1456952904812,-0.4165911,3.063381,8.887277
1456952904822,-0.46028528,3.1052797,8.904634
1456952904822,-0.53570265,3.1471782,8.973468
1456952904826,-0.61112,3.2387564,9.051279
1456952904831,-0.6823475,3.2944214,9.109339
1456952904837,-0.75956047,3.347094,9.172785
1456952904841,-0.79367787,3.3812113,9.20391
1456952904846,-0.78529817,3.3913867,9.20391
1456952904851,-0.79128367,3.394978,9.178172
1456952904856,-0.7445967,3.4105403,9.166202
1456952904861,-0.7230489,3.4171243,9.144653
1456952904867,-0.6727707,3.394978,9.136872
1456952904871,-0.6727707,3.394978,9.136872
1456952904877,-0.6410475,3.366846,9.144653
1456952904881,-0.63206923,3.354875,9.152434
1456952904886,-0.641646,3.34051,9.185953
1456952904891,-0.641646,3.3039982,9.233239
1456952904896,-0.6548142,3.301604,9.279327
1456952904901,-0.6422446,3.293823,9.320028
1456952904906,-0.6015432,3.2680852,9.305065
1456952904910,-0.56084174,3.2477345,9.298481
1456952904916,-0.50876784,3.2483332,9.3343935
1456952904921,-0.50757074,3.2202013,9.285912
1456952904927,-0.55365914,3.2309752,9.316438
1456952904933,-0.59615624,3.2495303,9.297882
1456952904935,-0.6338649,3.2800562,9.3260145
1456952904941,-0.6979098,3.3141737,9.336788
1456952904945,-0.7266402,3.3387144,9.363124
1456952904950,-0.7457938,3.329736,9.366715
1456952904955,-0.7164649,3.3393128,9.312247
1456952904960,-0.6775591,3.3039982,9.272144
1456952904965,-0.62249243,3.2728736,9.264363
1456952904970,-0.58119243,3.252523,9.285313
1456952904975,-0.52852005,3.2094274,9.257181
1456952904980,-0.5315128,3.145981,9.297284
1456952904985,-0.52852005,3.1663318,9.251794
1456952904990,-0.5602432,3.2076318,9.256582
1456952904996,-0.587178,3.2321723,9.288904
1456952905000,-0.6087258,3.2770636,9.276335
1456952905004,-0.56443304,3.2746694,9.235633
1456952905009,-0.5057751,3.2794578,9.23264
1456952905015,-0.45609543,3.2573113,9.1350765
1456952905020,-0.40581718,3.229778,9.088988
1456952905025,-0.37828386,3.1830912,9.070433
1456952905029,-0.35673606,3.1693244,9.078813
1456952905035,-0.36750996,3.1783028,9.100959
1456952905039,-0.3812766,3.1651347,9.100361
1456952905044,-0.39624038,3.176507,9.008782
1456952905049,-0.3878607,3.1920695,8.935161
1456952905055,-0.3776853,3.2094274,8.913613
1456952905059,-0.36990416,3.2028434,8.948928
1456952905064,-0.3465607,3.1824925,8.996812
1456952905069,-0.3561375,3.1370027,9.102157
1456952905074,-0.41180268,3.1124623,9.159617
1456952905079,-0.45250413,3.1190462,9.251794
1456952905084,-0.5189432,3.1591492,9.323022
1456952905089,-0.56323594,3.17531,9.31524
1456952905094,-0.59136784,3.196858,9.355343
1456952905098,-0.5943606,3.233968,9.301474
1456952905104,-0.6171055,3.2632968,9.337985
1456952905108,-0.6206968,3.3051953,9.332599
1456952905115,-0.6398504,3.3237505,9.370307
1456952905119,-0.6476316,3.34051,9.367314
1456952905125,-0.6099229,3.3153708,9.342773
1456952905130,-0.5267244,3.2920272,9.312846
1456952905135,-0.4818331,3.2668881,9.240421
1456952905139,-0.43035775,3.233968,9.223063
1456952905144,-0.40521863,3.1956608,9.212888
1456952905151,-0.3890578,3.1669302,9.218874
1456952905154,-0.338181,3.1387985,9.204509
1456952905159,-0.338181,3.13401,9.21229
1456952905164,-0.35553896,3.1741128,9.226056
1456952905169,-0.41000703,3.2082303,9.20391
1456952905176,-0.44592008,3.2082303,9.166202
1456952905179,-0.47046062,3.228581,9.130887
1456952905184,-0.4890157,3.2668881,9.109938
1456952905189,-0.56982,3.2902317,9.10455
1456952905193,-0.6063316,3.2746694,9.103952
1456952905199,-0.6362591,3.2704794,9.1033535
1456952905203,-0.6739678,3.2770636,9.095572
1456952905208,-0.6901286,3.276465,9.174581
1456952905215,-0.7248446,3.2668881,9.231443
1456952905219,-0.7517793,3.256713,9.267955
1456952905223,-0.75477207,3.2626984,9.321824
1456952905228,-0.7457938,3.2902317,9.316438
1456952905233,-0.7457938,3.2902317,9.316438
1456952905238,-0.7134721,3.268684,9.321824
1456952905243,-0.6703765,3.2399535,9.280524
1456952905249,-0.6278794,3.2202013,9.280524
1456952905253,-0.581791,3.1585505,9.304466
1456952905257,-0.4961983,3.0963013,9.305663
1456952905262,-0.4333505,3.071761,9.317635
1456952905267,-0.3764882,3.0190883,9.329605
1456952905272,-0.36152446,2.9879637,9.3260145
1456952905277,-0.36870706,2.9987376,9.370906
1456952905281,-0.39444473,3.0083144,9.3822775
1456952905286,-0.4225766,3.0532057,9.411607
1456952905291,-0.53091425,3.122039,9.494206
1456952905296,-0.6817489,3.180697,9.592369
1456952905301,-0.81163436,3.2597055,9.676167
1456952905306,-0.9056068,3.3512838,9.722853
1456952905312,-0.9672575,3.38181,9.687539
1456952905316,-0.99179804,3.4063504,9.592968
1456952905321,-0.9660604,3.4033577,9.484032
1456952905326,-0.96067345,3.3806129,9.390657
1456952905332,-0.9103952,3.3758245,9.322423
1456952905336,-0.8499416,3.369839,9.261371
1456952905341,-0.8146271,3.3452983,9.197326
1456952905346,-0.7745243,3.341707,9.109938
1456952905356,-0.75357497,3.316568,9.074623
1456952905357,-0.6967127,3.2752678,9.015965
1456952905362,-0.66259533,3.244742,9.018958
1456952905366,-0.65182143,3.2441432,9.039907
1456952905371,-0.61770403,3.2273839,9.04709
1456952905378,-0.5758055,3.2094274,9.069236
1456952905381,-0.5482722,3.2208,9.054871
1456952905386,-0.49320555,3.1992521,9.04709
1456952905391,-0.4878186,3.192668,9.098565
1456952905396,-0.4950012,3.1747115,9.148245
1456952905403,-0.52373165,3.1824925,9.260772
1456952905407,-0.6266823,3.2243912,9.370307
1456952905411,-0.7290344,3.25791,9.476251
1456952905415,-0.81522566,3.3033998,9.507375
1456952905420,-0.86490536,3.3159695,9.460688
1456952905425,-0.8487445,3.3093853,9.443929
1456952905434,-0.7918822,3.3039982,9.43914
1456952905437,-0.7565677,3.277662,9.359533
1456952905442,-0.7529764,3.2513258,9.330803
1456952905445,-0.7302315,3.2249897,9.283517
1456952905451,-0.6607997,3.229778,9.165004
1456952905470,-0.6290765,3.2231941,9.081805
1456952905470,-0.61052144,3.2136173,9.072228
1456952905471,-0.60333884,3.2453403,9.058462
1456952905471,-0.6003461,3.2620997,9.087193
1456952905474,-0.66139823,3.2860417,9.094376
1456952905479,-0.694917,3.3141737,9.168595
1456952905485,-0.7032967,3.328539,9.187749
1456952905489,-0.6907272,3.3375173,9.156026
1456952905494,-0.6398504,3.3333273,9.086594
1456952905499,-0.61890113,3.335123,9.088988
1456952905504,-0.6051345,3.2968156,9.1350765
1456952905509,-0.6171055,3.309984,9.14585
1456952905515,-0.6242881,3.3315318,9.180567
1456952905520,-0.6536171,3.3506854,9.19972
1456952905525,-0.6961141,3.3321302,9.290101
1456952905535,-0.74639237,3.3315318,9.324219
1456952905536,-0.7918822,3.2968156,9.352949
1456952905540,-0.82240826,3.2501287,9.363723
1456952905545,-0.82240826,3.269881,9.331401
1456952905549,-0.82360536,3.2848446,9.287707
1456952905555,-0.8230068,3.311181,9.227253
1456952905560,-0.80086046,3.3225534,9.1590185
1456952905564,-0.79128367,3.3010056,9.084799
1456952905570,-0.7787141,3.2890346,9.032724
1456952905575,-0.7320272,3.2770636,8.956709
1456952905579,-0.7308301,3.2752678,8.920795
1456952905584,-0.741604,3.2824504,8.929175
1456952905589,-0.7517793,3.2932243,8.953117
1456952905594,-0.7721301,3.29502,8.986636
1456952905599,-0.7721301,3.29502,8.986636
1456952905604,-0.7529764,3.3117795,9.0315275
1456952905609,-0.7577648,3.3506854,9.088988
1456952905616,-0.75596917,3.3716345,9.114127
1456952905619,-0.7835025,3.3842041,9.151836
1456952905624,-0.8002619,3.3686419,9.168595
1456952905629,-0.8230068,3.3919852,9.218874
1456952905634,-0.80325466,3.3854012,9.309854
1456952905639,-0.8146271,3.366846,9.43914
1456952905643,-0.81642276,3.3267434,9.476849
1456952905649,-0.80684596,3.323152,9.400234
1456952905653,-0.7517793,3.281852,9.296086
1456952905659,-0.6907272,3.2908301,9.285912
1456952905672,-0.6584055,3.2543187,9.2907
1456952905673,-0.6572084,3.228581,9.302073
1456952905674,-0.6841431,3.245939,9.259575
1456952905679,-0.7104794,3.2465374,9.293693
1456952905682,-0.74998367,3.2507274,9.294291
1456952905688,-0.79128367,3.2848446,9.296086
1456952905693,-0.81881696,3.292626,9.272743
1456952905700,-0.8355764,3.3195608,9.264962
1456952905719,-0.8283938,3.2962172,9.183559
1456952905720,-0.7954735,3.2998085,9.131485
1456952905720,-0.79607207,3.268684,9.114127
1456952905721,-0.7954735,3.2746694,9.099762
1456952905722,-0.8086416,3.2722752,9.138069
1456952905743,-0.85054016,3.2728736,9.136872
1456952905743,-0.8559271,3.283049,9.208698
1456952905744,-0.86969376,3.2615013,9.263166
1456952905744,-0.8367735,3.2375593,9.301474
1456952905794,-0.85772276,3.280655,9.317036
1456952905795,-0.91697925,3.221997,9.36073
1456952905795,-0.9415198,3.2267854,9.374496
1456952905795,-0.92895025,3.2740707,9.363723
1456952905796,-0.9247604,3.3033998,9.300277
1456952905796,-0.9391256,3.329736,9.247604
1456952905797,-0.9008184,3.2908301,9.191938
1456952905797,-0.86011696,3.2603042,9.100959
1456952905797,-0.7858967,3.2070332,9.041104
1456952905798,-0.76434886,3.1950622,9.032125
1456952905798,-0.7541735,3.1711202,9.056666
1456952905804,-0.8265981,3.1729157,9.100959
1456952905812,-0.85293436,3.1998506,9.105149
1456952905812,-0.85173726,3.2465374,9.081207
1456952905815,-0.95349085,3.277662,8.986037
1456952905828,-1.0875661,3.3141737,9.018359
1456952905829,-1.1623849,3.2615013,9.299678
1456952905830,-1.2384008,3.2650926,9.598953
1456952905851,-1.271321,3.3225534,9.761759
1456952905852,-1.2276269,3.3877954,9.802461
1456952905852,-1.1378443,3.4476504,9.844358
1456952905853,-1.0486604,3.457826,9.87668
1456952905857,-1.0259154,3.4644098,9.821015
1456952905860,-1.0133458,3.4476504,9.742006
1456952905865,-1.0474633,3.4165258,9.620501
1456952905870,-1.021127,3.3770216,9.516354
1456952905875,-0.97862995,3.3303347,9.387665
1456952905880,-0.866701,3.2788591,9.269152
1456952905886,-0.74639237,3.2249897,9.155427
1456952905890,-0.66020113,3.1603463,9.078813
