1424794721079,-2.3819966,3.5525625,9.054521
1424794721087,-2.352059,3.5874398,9.06934
1424794721095,-2.4388783,3.3374598,9.340876
1424794721104,-2.3373895,3.5539095,9.336235
1424794721113,-2.5456064,3.6884797,9.301657
1424794721123,-2.5595274,3.4389486,9.297765
1424794721133,-2.5601263,3.554209,9.317075
1424794721144,-2.5966501,3.428321,9.309291
1424794721153,-2.5252488,3.4784665,9.231453
1424794721163,-2.4854314,3.566783,9.230106
1424794721173,-2.4363337,3.3880546,9.249415
1424794721183,-2.5114775,3.5390904,9.25241
1424794721195,-2.4719596,3.4362543,9.400901
1424794721204,-2.3218217,3.545527,9.276509
1424794721214,-2.2330563,3.3807197,8.93971
1424794721223,-2.4590864,3.5429823,9.042397
1424794721234,-2.4459138,3.4021254,8.948242
1424794721245,-2.5206084,3.3784745,8.954679
1424794721254,-2.616409,3.2525861,9.296867
1424794721265,-2.726131,3.371439,9.280401
1424794721273,-2.5441096,3.342549,9.178613
1424794721284,-2.4132814,3.3648527,9.1588545
1424794721293,-2.353406,3.492687,9.340726
1424794721305,-2.3700216,3.5675313,9.443562
1424794721314,-2.3278093,3.4376016,9.100176
1424794721323,-2.6204507,3.5348992,9.187445
1424794721334,-2.5306375,3.515739,9.150621
1424794721343,-2.3523583,3.2976425,9.366173
1424794721354,-2.4602838,3.4853523,9.154513
1424794721365,-2.4867787,3.590733,9.114696
1424794721374,-2.4535477,3.4817595,9.209599
1424794721383,-2.4197183,3.4379008,9.100026
1424794721393,-2.3902295,3.4530194,9.389524
1424794721404,-2.4426205,3.2796798,9.286838
1424794721415,-2.5418642,3.478167,9.206904
1424794721424,-2.413132,3.4313145,9.119336
1424794721434,-2.1706362,3.3259337,9.156159
1424794721443,-2.1465364,3.2028894,9.331894
1424794721455,-2.4809408,3.528313,9.282048
1424794721466,-2.449057,3.3196468,9.217382
1424794721474,-2.2324576,3.3831148,9.057365
1424794721485,-2.3730154,3.474275,9.166189
1424794721494,-2.3257136,3.2699502,9.134604
1424794721503,-2.3408322,3.3786242,9.049282
1424794721513,-2.4768991,3.4654436,9.318422
1424794721523,-2.4424708,3.3705409,9.188942
1424794721534,-2.264491,3.5016682,9.215286
1424794721543,-2.516417,3.4754727,9.285341
1424794721554,-2.407743,3.2120206,9.546548
1424794721563,-2.5078847,3.1653178,9.11784
1424794721574,-2.5060885,3.016976,9.072185
1424794721583,-2.4201672,3.3606615,8.943302
1424794721593,-2.4375312,3.6086957,9.070687
1424794721603,-2.7114615,3.4953814,9.003327
1424794721614,-2.5777895,3.6083963,9.174421
1424794721624,-2.3415806,3.437302,9.109158
1424794721634,-2.253414,3.605702,9.0953865
1424794721644,-2.27946,3.589835,9.10766
1424794721654,-2.373165,3.5353482,9.316775
1424794721664,-2.5279431,3.8014948,9.395212
1424794721674,-2.3781047,3.6031573,9.491313
1424794721684,-2.3861878,3.4822087,9.272168
1424794721694,-2.3522086,3.418591,9.455537
1424794721705,-2.3590941,3.506009,9.474697
1424794721719,-2.439028,3.5121465,9.419911
1424794721741,-2.4384294,3.512446,9.298963
1424794721745,-2.522255,3.42862,9.160051
1424794721754,-2.53902,3.3386571,8.970995
1424794721759,-2.3013144,3.2915053,9.078321
1424794721764,-2.4472609,3.3861086,9.18011
1424794721775,-2.40445,3.4441879,9.272767
1424794721784,-2.3379881,3.5738182,9.212592
1424794721794,-2.2574556,3.465743,9.30016
1424794721804,-2.2043161,3.3919463,9.123677
1424794721814,-2.3309526,3.764821,9.1886425
1424794721824,-2.1710851,3.614384,9.152866
1424794721834,-2.3336473,3.4440382,9.241482
1424794721844,-2.3604414,3.429668,9.451944
1424794721854,-2.2671854,3.758085,9.235944
1424794721864,-2.123185,3.470084,9.118438
1424794721874,-2.0625608,3.3664994,9.089398
1424794721884,-2.2318587,3.4992733,9.184751
1424794721894,-2.2547612,3.5076559,9.384884
1424794721904,-2.4128325,3.4670901,9.37695
1424794721914,-2.3210733,3.200794,9.187295
1424794721925,-2.366429,3.3648527,9.283844
1424794721934,-2.422263,3.290757,9.116343
1424794721944,-2.4441175,3.502267,9.147328
1424794721956,-2.339934,3.4217346,9.094937
1424794721964,-2.2382956,3.4480796,9.1572075
1424794721974,-1.9648142,3.6793487,9.136251
1424794721984,-2.027384,3.447032,9.163344
1424794721994,-2.066902,3.5116973,9.319321
1424794722004,-1.9719992,3.506009,9.165291
1424794722015,-1.9697539,3.6110907,8.9883585
1424794722024,-2.4210653,3.5857933,9.064101
1424794722034,-2.3343956,3.6148329,9.15137
1424794722046,-2.156266,3.4828074,8.991951
1424794722055,-2.176025,3.4013767,9.354497
1424794722064,-2.1791685,3.4600549,9.313183
1424794722074,-2.3876848,3.3359628,9.32411
1424794722085,-2.2296135,3.484903,9.187145
1424794722094,-2.26973,3.440296,9.062454
1424794722104,-2.2715263,3.3456926,9.383537
1424794722114,-2.1405487,3.5284624,9.200617
1424794722124,-2.0914507,3.5088532,9.342671
1424794722134,-1.9601738,3.9529798,9.392219
1424794722144,-2.046544,3.5155892,9.271869
1424794722154,-2.1344116,3.3621583,9.350156
1424794722165,-2.1857548,3.1421158,9.42051
1424794722174,-2.0505857,3.3922458,9.30974
1424794722184,-2.0314257,3.233875,9.859397
1424794722194,-2.1035757,3.4953814,10.231074
1424794722206,-2.433789,3.4106574,8.706196
1424794722215,-2.2619462,3.4712815,9.134904
1424794722225,-2.2475762,3.551365,9.591155
1424794722235,-2.1071682,3.0520034,10.201436
1424794722246,-2.0383112,2.7086174,10.229427
1424794722254,-2.2824535,2.6002429,9.682466
1424794722264,-2.1818628,2.7888505,9.446556
1424794722275,-2.1686902,2.9909303,9.448651
1424794722285,-2.0196002,2.6283844,9.194929
1424794722294,-1.8429675,2.667453,9.213341
1424794722306,-1.8820363,2.8133996,8.868009
1424794722315,-1.4560221,2.4954607,9.092841
1424794722324,-1.6856446,2.2420378,8.954978
1424794722335,-1.6962726,2.2326074,9.049582
1424794722345,-1.898951,2.3460712,8.998089
1424794722354,-1.7577946,2.3643334,9.268725
1424794722365,-1.9920574,2.6123676,9.612411
1424794722375,-2.1189935,2.5807831,9.604627
1424794722384,-2.135609,2.4825873,9.726773
1424794722395,-2.0288808,2.364034,9.852811
1424794722405,-1.9766395,2.515519,9.744736
1424794722414,-2.0431013,2.6279352,9.627829
1424794722425,-2.069746,2.5578809,9.661209
1424794722434,-2.0794756,2.5051904,9.742341
1424794722444,-2.0155587,2.4984543,9.636361
1424794722455,-1.9696041,2.2143452,9.638008
1424794722465,-2.0942948,2.6312284,9.653126
1424794722474,-2.0505857,2.5236022,9.681717
1424794722485,-2.1109104,2.3552024,9.640103
1424794722494,-1.9073337,2.6226962,9.644594
1424794722505,-1.8655705,2.51028,9.816736
1424794722515,-2.0938458,2.397714,9.506432
1424794722525,-2.0161574,2.5300388,9.533076
1424794722534,-1.9308348,2.669399,9.196725
1424794722545,-1.6495697,2.7167006,9.344618
1424794722555,-1.5247293,2.7187963,9.250314
1424794722564,-1.7318985,2.7081683,9.235195
1424794722575,-1.9607725,2.7508297,9.692494
1424794722585,-2.2873933,2.5700057,9.741592
1424794722594,-2.3948698,2.4541466,9.890083
1424794722605,-2.735262,2.562671,9.8712225
1424794722615,-2.7337651,2.245181,9.642348
1424794722624,-2.652035,2.1466858,9.535022
1424794722635,-2.5256977,2.1315675,8.981772
1424794722645,-2.515519,2.2059627,9.173374
1424794722655,-2.3646326,2.3556514,9.003777
1424794722670,-2.235152,2.1884491,8.884175
1424794722677,-2.2055137,2.528991,8.519533
1424794722684,-1.778302,2.5017476,8.18453
1424794722694,-1.3867164,2.6810746,8.349637
1424794722705,-1.405128,2.6484425,8.546477
1424794722714,-1.7134868,2.778073,8.542585
1424794722725,-1.624422,2.6378145,8.753198
1424794722734,-2.009571,2.8012748,8.48765
1424794722744,-2.1865032,2.48618,8.608748
1424794722755,-1.9603235,2.8136988,9.061707
1424794722764,-1.7241147,2.5319848,8.981323
1424794722774,-1.9173628,2.7168503,8.8895645
1424794722784,-1.995201,2.6695487,9.010063
1424794722794,-2.0181034,2.5577312,9.095087
1424794722805,-2.023492,2.739603,9.131311
1424794722814,-2.1032763,2.7156527,9.169632
1424794722824,-2.1263282,2.6414073,9.085357
1424794722834,-2.0585194,2.6101222,9.4297905
1424794722844,-1.6317568,2.9720695,9.376801
1424794722854,-1.5326629,2.9758117,9.3872795
1424794722864,-1.8354831,2.8383975,9.316925
1424794722874,-1.6043637,2.7137067,9.117989
1424794722887,-1.834585,2.8026218,9.235644
1424794722894,-1.5828085,2.8153455,9.307645
1424794722904,-1.5775695,2.6653574,9.220675
1424794722929,-1.3602214,2.8283684,9.227411
1424794722930,-1.4512322,2.4983048,9.161099
1424794722934,-1.4188994,2.5605752,8.981772
1424794722950,-1.4132112,2.4300468,8.7455635
1424794722954,-1.4150075,2.735711,8.917406
1424794722964,-1.3269905,2.6252408,8.998387
1424794722975,-1.5615528,2.6521847,8.748407
1424794722984,-1.4949412,2.80831,9.24223
1424794722994,-1.5069164,2.6951454,9.110056
1424794723004,-1.3977933,2.7931914,9.129814
1424794723014,-1.4293776,2.8449838,9.276958
1424794723026,-1.4242882,2.7592123,9.156908
1424794723034,-1.4305751,2.6864634,9.200916
1424794723048,-1.4072237,2.726131,9.2995615
1424794723056,-1.5867004,2.633324,9.224567
1424794723065,-1.4940431,2.9171338,9.135203
1424794723077,-1.736988,2.6937983,9.290131
1424794723085,-1.6642392,2.550097,9.17038
1424794723095,-1.5943346,2.6939478,9.11769
1424794723105,-1.6748672,2.709216,9.01201
1424794723115,-1.4379098,2.7637029,9.368269
1424794723125,-1.3000466,2.4093897,9.234297
1424794723135,-1.3689034,2.345772,9.378597
1424794723146,-1.5182927,2.5664132,9.404493
1424794723155,-1.4521303,2.9077034,9.175769
1424794723165,-1.685495,2.7190957,9.304951
1424794723175,-1.4684464,2.5147705,9.014105
1424794723185,-1.6625926,2.7741811,9.043743
1424794723196,-1.3877641,2.6677523,9.217083
1424794723205,-1.2181668,2.5167165,8.990753
1424794723215,-1.3178595,2.6173072,9.169632
1424794723225,-1.4127622,2.4929159,9.130563
1424794723235,-1.64942,2.4849825,9.203911
1424794723247,-1.4581178,2.7276278,9.27606
1424794723255,-1.5611037,2.6225464,9.199869
1424794723265,-1.5872992,2.759811,9.196426
1424794723275,-1.5069164,2.6758356,9.047935
1424794723285,-1.6579523,2.7686427,9.275461
1424794723297,-1.5444882,2.9105475,9.436377
1424794723305,-1.7586927,2.7601104,9.372909
1424794723316,-1.5233821,2.8455825,9.303304
1424794723325,-1.7060024,2.795886,9.437574
1424794723335,-1.7531543,2.7849586,9.261091
1424794723346,-1.4822177,2.76505,9.145382
1424794723355,-1.4289285,2.7942393,9.376651
1424794723366,-1.5769707,2.5182133,9.2625885
1424794723375,-1.6741186,2.5936565,9.3928175
1424794723385,-1.5346087,2.7584639,9.562116
1424794723394,-1.5194902,2.7638526,9.215286
1424794723406,-1.5187417,2.6629624,9.145532
1424794723417,-1.5617024,2.565964,9.157357
1424794723426,-1.4970369,2.5484505,9.15571
1424794723435,-1.3479469,3.063679,9.349109
1424794723445,-1.3603711,2.8768675,9.153765
1424794723455,-1.5027251,2.7584639,9.327553
1424794723467,-1.3138179,2.8110044,9.154963
1424794723475,-1.3695021,2.605033,9.086854
1424794723485,-1.5548167,2.7159522,9.145981
1424794723494,-1.4967375,2.6393116,9.29058
1424794723505,-1.6488212,2.5970993,9.574689
1424794723515,-1.3442047,2.5285418,9.45883
1424794723525,-1.4699433,2.5123756,9.376053
1424794723535,-1.40902,2.5288413,9.522747
1424794723545,-1.6275655,2.632875,9.346713
1424794723556,-1.4528787,2.4870782,9.312734
1424794723565,-1.515748,2.6502388,9.3541975
1424794723576,-1.4992822,2.511627,9.519604
1424794723587,-1.7607884,2.511627,9.430389
1424794723596,-1.7061521,2.6622138,9.366173
1424794723606,-1.6907341,2.899171,9.462124
1424794723616,-1.5052698,2.849774,9.537416
1424794723626,-1.5245796,2.6734405,9.315129
1424794723635,-1.6051122,2.7297235,9.203911
1424794723646,-1.561403,2.6463468,9.241781
1424794723658,-1.6432828,2.7714868,9.59819
1424794723666,-1.391207,2.8181896,9.453442
1424794723677,-1.5817608,2.6397605,9.287586
1424794723686,-1.6205301,2.5412655,9.522897
1424794723696,-1.7169297,2.687212,9.473649
1424794723706,-1.7967137,2.552043,9.574539
1424794723716,-1.527274,2.752027,9.506132
1424794723726,-1.491199,2.5828788,9.580228
1424794723738,-1.5777191,2.7514284,9.388177
1424794723746,-1.4913487,2.8000772,9.527537
1424794723757,-1.6872913,2.7851083,9.428593
1424794723766,-1.5995736,2.446812,9.333691
1424794723776,-1.5913408,2.6119184,9.348809
1424794723785,-1.6081059,2.417323,9.222622
1424794723796,-1.6862434,2.7481353,9.276958
1424794723806,-1.8920654,2.68811,9.219328
1424794723816,-1.7338444,2.5906627,9.414372
1424794723826,-1.7049545,2.7000852,9.292227
1424794723836,-1.6369958,2.479444,9.146879
1424794723845,-1.6230748,2.6842182,9.163794
1424794723856,-1.6548088,2.616409,9.469907
1424794723866,-1.5573615,2.817441,9.634564
1424794723876,-1.6259189,2.7707381,9.734557
1424794723886,-1.4591657,2.6999354,9.397308
1424794723896,-1.5417938,2.683769,9.388177
1424794723906,-1.6423846,2.7668464,9.134155
1424794723916,-1.5438895,2.676135,9.109457
1424794723926,-1.4338683,2.9062066,9.217981
1424794723936,-1.491199,2.7533743,9.416469
1424794723946,-1.979783,2.6152117,9.608519
1424794723956,-1.4584172,2.991529,9.421557
1424794723966,-1.6019686,2.8970754,9.772129
1424794723977,-1.7118402,2.899171,9.601184
1424794723986,-1.1729608,3.163671,9.610465
1424794723995,-1.2641213,3.016976,9.567953
1424794724005,-1.6209792,3.02955,9.411229
1424794724015,-1.6932788,2.8000772,9.26199
1424794724027,-1.6622932,2.9635372,9.278755
1424794724035,-1.6414865,3.2678545,9.460177
1424794724045,-1.8705102,2.9249177,9.328751
1424794724066,-1.6705261,3.3069232,9.129215
1424794724067,-1.5838563,3.5266662,9.085656
1424794724076,-1.373394,2.7928922,9.425449
1424794724085,-1.5120058,2.8987222,9.2239685
1424794724095,-1.7098943,3.1144235,9.350156
1424794724105,-1.8371297,3.1415172,9.173224
1424794724115,-1.5462844,3.2524366,9.216634
1424794724125,-1.6209792,3.0511053,9.354048
1424794724135,-1.7127384,3.1148727,9.293724
1424794724146,-1.8136286,2.9975166,9.177116
1424794724155,-1.6313077,3.5338514,9.322165
1424794724165,-1.7862355,3.2081287,9.051527
1424794724175,-1.591191,3.214715,9.135802
1424794724185,-1.5995736,3.3632061,9.296568
1424794724195,-1.56769,3.4260755,9.45449
1424794724205,-1.6286132,3.3944912,9.356443
1424794724216,-1.6700771,3.332969,9.66585
1424794724225,-1.7106427,3.0957124,9.716743
1424794724236,-1.5964302,3.4567616,9.3470125
1424794724246,-1.7223184,3.4173934,9.456884
1424794724255,-1.506617,3.325335,9.238338
1424794724265,-1.4386582,3.3382082,9.015303
1424794724275,-1.6784596,3.1711555,9.230854
1424794724285,-1.7754579,3.3676968,9.032217
1424794724299,-1.4897021,3.3100667,9.025182
1424794724305,-1.4765296,3.3697925,9.052875
1424794724316,-1.5039226,3.2500415,9.217532
1424794724325,-1.4879059,3.203638,9.070388
1424794724336,-1.5367044,3.3950899,9.263487
1424794724345,-1.4186,3.3672478,9.126222
1424794724355,-1.5937358,3.3165033,9.053174
1424794724365,-1.7952168,3.447481,9.254056
1424794724375,-1.783092,3.290158,9.342821
1424794724385,-1.8770965,3.3429983,9.39641
1424794724395,-1.7310004,3.3992813,9.4419155
1424794724406,-1.679208,3.204087,9.467662
1424794724415,-1.7540524,3.1154714,9.496851
1424794724425,-1.9080821,3.5715728,9.642199
1424794724435,-1.8827847,3.082989,9.696237
1424794724445,-1.6539106,3.2302825,9.685759
1424794724455,-1.8604811,3.0865815,9.659413
1424794724466,-1.5904427,2.9638367,9.613159
1424794724475,-1.4510825,3.134482,9.393866
1424794724485,-1.5414945,3.129542,9.448352
1424794724495,-1.7197738,3.1292427,9.459429
1424794724505,-1.5904427,3.1808853,9.298663
1424794724516,-1.6058606,3.1144235,9.360036
1424794724525,-1.8022522,3.2359707,9.154214
1424794724535,-1.5081139,3.340603,9.327553
1424794724545,-1.817221,3.2356713,9.395811
1424794724556,-1.5949333,3.3061748,9.265582
1424794724566,-1.6319064,3.0707145,9.395062
1424794724576,-1.7432748,3.2254925,9.396859
1424794724586,-1.6667839,3.0735586,9.388177
1424794724596,-1.6847465,3.0234127,9.230854
1424794724606,-1.6317568,3.2082784,9.346264
1424794724616,-1.5864011,3.2533348,9.362281
1424794724626,-1.6444802,3.0382318,9.474847
1424794724636,-1.7675244,3.1745985,9.411229
1424794724646,-1.8074913,3.3033307,9.354497
1424794724656,-1.6482224,3.1437626,9.295969
1424794724666,-1.5398479,3.2696507,9.250314
1424794724676,-1.8164726,3.090623,9.349109
1424794724686,-1.7217196,3.1124775,9.448352
1424794724696,-1.7280066,3.1650183,9.457184
1424794724706,-1.6079563,3.1975007,9.320068
1424794724716,-1.6453785,3.2549813,9.421258
1424794724727,-1.651366,3.1672637,9.533375
1424794724737,-1.7012123,3.139721,9.491313
1424794724747,-1.5121554,3.0587394,9.280701
1424794724757,-1.3850697,3.16906,9.314081
1424794724767,-1.4566209,3.1139746,9.287586
1424794724777,-1.5352075,3.0919702,9.325158
1424794724786,-1.4916481,3.2006443,9.24732
1424794724796,-1.3735437,3.2615676,9.2609415
1424794724808,-1.6389418,3.2213013,9.52604
1424794724816,-1.5093113,3.1163695,9.321116
1424794724827,-1.4645544,3.2684531,9.453442
1424794724837,-1.5721806,3.2819252,9.18011
1424794724846,-1.7169297,3.4265244,9.34821
1424794724856,-1.6245717,3.0978081,9.416019
1424794724866,-1.5817608,3.4352064,9.275162
1424794724877,-1.592688,3.235821,9.303004
1424794724892,-1.6447797,3.3663497,9.140891
1424794724905,-1.696572,3.1918125,9.187145
1424794724909,-1.7139359,3.4009278,9.352701
1424794724929,-1.5557148,3.2600706,9.422755
1424794724929,-1.6730708,3.4513729,9.28624
1424794724936,-1.4377601,3.2515383,9.436826
1424794724949,-1.5108082,3.1585817,9.437275
1424794724956,-1.7312998,3.3111145,9.33414
1424794724966,-1.5178436,3.1527438,9.239087
1424794724977,-1.5187417,3.306624,9.211096
1424794724985,-1.7187259,3.1696587,9.304352
1424794724996,-1.676364,3.1075377,9.390423
1424794725005,-1.6829503,3.3239877,9.254655
1424794725016,-1.6467257,3.2500415,9.573043
1424794725027,-1.7741107,3.3370106,9.383388
1424794725035,-1.6187339,3.394641,9.456435
1424794725045,-1.5878979,3.380121,9.277108
1424794725056,-1.7971628,3.3795223,9.49236
1424794725066,-1.6283139,3.1924114,9.562415
1424794725077,-1.7130377,3.2677047,9.419462
1424794725086,-1.6137941,3.1894176,9.541907
1424794725096,-1.7660276,3.1707065,9.5217
1424794725105,-1.5730788,3.3290772,9.301507
1424794725116,-1.5082636,3.2115715,9.104367
1424794725128,-1.6021184,3.2427068,8.998537
1424794725136,-1.5313156,3.2097752,9.16559
1424794725147,-1.7386345,3.43835,9.211993
1424794725157,-1.5718813,3.3112643,9.149723
1424794725166,-1.5040723,3.2838712,9.286538
1424794725176,-1.5675403,3.5084043,9.110056
1424794725186,-1.4630575,3.4627492,9.224567
1424794725198,-1.6452287,3.3037798,9.440418
1424794725206,-1.5569124,3.3867073,9.573043
1424794725216,-1.6366965,3.3067734,9.546847
1424794725226,-1.3564792,3.4793646,9.427396
1424794725236,-1.5477813,3.510949,9.460477
1424794725247,-1.5524217,3.3124616,9.298663
1424794725256,-1.6729212,3.2624657,9.160051
1424794725266,-1.461411,3.2106733,9.278306
1424794725276,-1.531166,3.3221915,9.481732
1424794725286,-1.6096028,3.4197886,9.288934
1424794725297,-1.5488292,3.3447945,9.512269
1424794725306,-1.6362474,3.4789155,9.283844
1424794725316,-1.599424,3.1174173,9.18954
1424794725326,-1.6774118,3.296445,9.1958275
1424794725337,-1.6422349,3.199297,8.948991
1424794725346,-1.7738113,3.3045282,9.165441
1424794725357,-1.7304016,3.2727942,9.358239
1424794725369,-1.640289,3.38536,9.470206
1424794725377,-1.8362316,3.33252,9.473351
1424794725387,-1.4989829,3.4009278,9.370364
1424794725398,-1.5715818,3.3847613,9.369765
1424794725408,-1.5275733,3.53445,9.526789
1424794725421,-1.7362394,3.2941997,9.465117
1424794725427,-1.5847545,3.246449,9.432186
1424794725437,-1.7110918,3.3109648,9.389824
1424794725446,-1.6974701,3.4365537,9.43518
1424794725456,-1.52922,3.4293685,9.306148
1424794725467,-1.5988252,3.3730857,9.30016
1424794725476,-1.481619,3.3168027,9.293425
1424794725486,-1.5364051,3.3831148,9.2609415
1424794725496,-1.5732285,3.493585,9.158405
1424794725506,-1.5771203,3.3889527,9.248219
1424794725516,-1.5365547,3.4013767,9.254505
1424794725526,-1.6980689,3.513793,9.254805
1424794725536,-1.6667839,3.4200878,9.407487
1424794725546,-1.6115488,3.3082705,9.418863
1424794725556,-1.7338444,3.225792,9.498947
1424794725566,-1.7609382,3.4476306,9.687405
1424794725576,-1.7986597,3.2428565,9.481133
1424794725586,-1.6606467,3.2269895,9.361981
1424794725596,-1.6220269,3.2886612,9.549991
1424794725606,-1.663341,3.3087194,9.421108
1424794725617,-1.8609302,3.2946486,9.425899
1424794725627,-1.5711328,3.2659085,9.421857
1424794725636,-1.6007712,3.1850767,9.2625885
1424794725647,-1.4537768,3.4566119,9.308991
1424794725658,-1.6039146,3.3271313,9.296119
1424794725667,-1.6925304,3.3470397,9.389974
1424794725677,-1.791325,3.1780412,9.316925
1424794725687,-1.557062,3.3142579,9.201815
1424794725696,-1.7333953,3.3441956,9.273815
1424794725707,-1.6640896,3.4617014,9.22337
1424794725717,-1.5512242,3.417693,9.2360935
1424794725727,-1.6256195,3.3295262,9.204509
1424794725738,-1.631158,3.2289355,9.3083935
1424794725747,-1.5669415,3.4197886,9.407786
1424794725758,-1.3533357,3.4823585,9.803563
1424794725767,-1.627266,3.2509396,9.69938
1424794725777,-1.8763481,3.4143996,9.6300745
1424794725786,-1.8791922,3.2241454,9.680669
1424794725796,-1.6621436,3.0090427,9.519604
1424794725807,-1.7682729,3.211871,9.520652
1424794725817,-1.6528629,3.2084281,9.333691
1424794725827,-1.4647042,3.3651521,9.374556
1424794725837,-1.6925304,3.3422499,9.417217
1424794725846,-1.6859441,3.3885036,9.182804
1424794725858,-1.5350578,3.418591,9.202114
1424794725867,-1.6958236,3.351231,9.119037
1424794725877,-1.6236736,3.4512231,9.220526
1424794725887,-1.6289127,3.5203793,9.257499
1424794725897,-1.5453863,3.3386571,9.398954
1424794725907,-1.4361136,3.3302746,9.487271
1424794725917,-1.5579602,3.291206,9.388177
1424794725927,-1.5097604,3.0485604,9.3470125
1424794725937,-1.617237,3.2933016,9.508527
1424794725947,-1.5727794,3.4076638,9.296568
1424794725957,-1.6567547,3.223846,9.426647
1424794725967,-1.7079483,3.1701078,9.398207
1424794725977,-1.6564554,3.4193394,9.334589
1424794725987,-1.6476238,3.4910402,9.632619
1424794725997,-1.5828085,3.4319134,9.50224
1424794726008,-1.9904109,3.3410523,9.461974
1424794726017,-2.0672011,3.281027,9.513766
1424794726027,-2.0686982,2.966531,9.707463
1424794726036,-1.7827927,3.0916708,9.634714
1424794726046,-1.993255,3.146906,9.726025
1424794726057,-1.1127859,3.3106654,9.64624
1424794726067,-1.207539,3.599864,9.642648
1424794726077,-1.2678635,3.482059,9.296268
1424794726087,-1.3180091,3.345543,9.387877
1424794726096,-1.2557387,3.1585817,9.1814575
1424794726107,-1.2443624,3.4359548,9.58891
1424794726117,-1.4157559,3.468138,9.384135
1424794726128,-1.3678555,3.5298097,9.2134905
1424794726136,-1.6021184,3.8401144,9.022937
1424794726147,-1.348396,3.4136512,9.138796
1424794726158,-2.0053797,3.4154475,9.040899
1424794726167,-1.8164726,3.3187487,8.941806
1424794726177,-1.7474661,3.4175432,9.178014
1424794726187,-1.7100439,3.4844542,9.055569
1424794726197,-1.9532881,3.3370106,9.0004835
1424794726207,-1.7732126,3.1581326,9.178463
1424794726217,-1.7519568,3.3326697,9.56945
1424794726227,-1.7187259,3.4417927,9.71869
1424794726241,-1.9429595,3.526367,9.714798
1424794726248,-1.7812958,3.2636633,9.705966
1424794726258,-1.7565972,3.3676968,9.59819
1424794726266,-1.8049465,3.3961377,9.412577
1424794726276,-1.721121,3.3093183,9.419013
1424794726286,-1.8398241,3.3656013,9.479487
1424794726296,-1.7700691,3.3121624,9.514664
1424794726306,-1.5389497,3.1763947,9.393716
1424794726316,-1.6530125,3.3744328,9.411678
1424794726326,-1.619632,3.3727863,9.268576
1424794726337,-1.572929,3.2995884,9.32411
1424794726346,-1.4976356,3.517685,9.045091
1424794726357,-1.4274316,3.5019677,9.221574
1424794726367,-1.5102096,3.5485208,9.360785
1424794726377,-1.6881894,3.2947984,9.253307
1424794726387,-1.6383431,3.3003368,9.29552
1424794726397,-1.730701,3.3908987,9.3470125
1424794726409,-1.4039305,3.339256,9.416019
1424794726417,-1.6338524,3.3798215,9.472901
1424794726428,-1.4961388,3.1859748,9.393866
1424794726438,-1.6425344,3.3533268,9.402996
1424794726447,-1.696572,3.3783247,9.315429
1424794726457,-1.6495697,3.2073803,9.468261
1424794726467,-1.6904347,3.014731,9.501192
1424794726477,-1.4169534,3.3862581,9.496252
1424794726487,-1.8300943,3.209925,9.592802
1424794726497,-1.4579681,3.2985406,9.586514
1424794726508,-1.559008,3.2832725,9.599089
1424794726517,-1.5593075,3.149301,9.68995
1424794726527,-1.5636483,3.229085,9.616752
1424794726537,-1.4735358,3.430566,9.508078
1424794726547,-1.4004877,3.201243,9.425599
1424794726557,-1.5304174,3.4013767,9.383088
1424794726567,-1.6010705,3.3569193,9.441317
1424794726577,-1.6622932,3.408562,9.431138
1424794726588,-1.6437318,3.2368689,9.437125
1424794726597,-1.5739769,3.235372,9.329948
1424794726607,-1.5235318,3.22669,9.378747
1424794726617,-1.7060024,3.482059,9.260492
1424794726627,-1.6305592,3.2078292,9.4314375
1424794726637,-1.5519726,3.1759455,9.430689
1424794726647,-1.472937,3.090623,9.486523
1424794726658,-1.7166302,3.3274305,9.349408
1424794726667,-1.6934285,3.114723,9.459129
1424794726677,-1.5849042,3.1543903,9.470655
1424794726688,-1.7883312,3.1433134,9.628128
1424794726697,-1.653761,3.0696666,9.671987
1424794726708,-1.5013778,3.145858,9.661059
1424794726717,-1.5910414,3.2826736,9.623937
1424794726728,-1.5952327,3.1879206,9.278306
1424794726738,-1.6964222,3.5468743,9.225765
1424794726748,-1.6108003,3.2474968,9.126671
1424794726759,-1.6197816,3.1713052,9.229507
1424794726767,-1.547033,3.1805859,9.3911705
1424794726777,-1.5329622,3.290757,9.301956
1424794726787,-1.5796651,3.2184572,9.401051
1424794726797,-1.6182847,3.2193553,9.405541
1424794726807,-1.6329542,3.2989898,9.521999
1424794726817,-1.5540683,3.2660582,9.318722
1424794726827,-1.5569124,3.2280374,9.591005
1424794726838,-1.5269747,3.2347732,9.306896
1424794726847,-1.4847624,3.3813186,9.495953
1424794726858,-1.5643969,3.1666648,9.386381
1424794726867,-1.4865587,3.131039,9.267379
1424794726877,-1.5000306,3.2196548,9.472602
1424794726887,-1.560954,3.2925532,9.572294
1424794726903,-1.533561,3.2356713,9.372609
1424794726929,-1.7580941,3.1277459,9.326955
1424794726930,-1.4760804,3.4129028,9.378597
1424794726930,-1.3620176,3.0714629,9.258397
1424794726937,-1.5868502,3.2856674,9.145382
1424794726952,-1.2274475,3.1192136,9.314231
1424794726959,-1.3355228,3.2235465,9.485475
1424794726967,-1.5232325,3.3121624,9.697734
1424794726978,-1.237327,3.1033466,10.031988
1424794726987,-1.5660434,3.310815,10.00235
1424794726996,-1.6004719,3.4064662,9.8784075
1424794727007,-1.5419436,3.223846,9.67064
1424794727017,-1.4618601,3.2454011,9.762099
1424794727027,-1.3915063,3.1927106,9.667347
1424794727037,-1.4784755,3.194507,9.445957
1424794727047,-1.5771203,3.162324,9.523795
1424794727057,-1.4784755,3.1437626,9.359736
1424794727068,-1.359922,3.1729517,9.586514
1424794727078,-1.4039305,3.357069,9.31962
1424794727087,-1.3328284,3.1720536,9.466464
1424794727097,-1.4973363,3.161276,9.464519
1424794727107,-1.38013,3.119962,9.434281
1424794727117,-1.4284794,3.2858171,9.546847
1424794727129,-1.4178516,3.4353561,9.38219
1424794727137,-1.5807129,3.1519954,9.211246
1424794727149,-1.5539186,3.2379167,9.353898
1424794727159,-1.4365627,3.336412,9.336834
1424794727168,-1.6009209,3.3774266,9.316626
1424794727181,-1.2924124,3.3299754,9.457633
1424794727189,-1.364263,3.2804284,9.481283
1424794727200,-1.4944922,3.0868807,9.512568
1424794727208,-1.4768289,3.2391143,9.565558
1424794727218,-1.6134948,3.0139823,9.591754
1424794727228,-1.3425581,3.0530512,9.524095
1424794727239,-1.4741346,3.2612681,9.5898075
1424794727251,-1.4199471,3.3117132,9.640103
1424794727261,-1.6798068,3.3268318,9.7112055
1424794727269,-1.504671,3.2933016,9.591904
1424794727278,-1.5976278,3.1970518,9.500443
1424794727289,-1.6685802,3.2528856,9.575737
1424794727300,-1.5858023,3.2446527,9.676028
1424794727308,-1.4982344,3.1130762,9.510773
1424794727318,-1.5479311,3.0942156,9.406439
1424794727328,-1.5696359,3.1169682,9.4402685
1424794727338,-1.4329702,3.0361364,9.267677
1424794727354,-1.5148499,3.2433054,9.48323
1424794727358,-1.3445041,3.0570927,9.349258
1424794727371,-1.3645624,3.196902,9.201066
1424794727378,-1.481619,3.229085,9.452244
1424794727388,-1.1472144,3.189717,9.42081
1424794727403,-1.3983921,2.8912377,9.582772
1424794727410,-1.3239968,3.1075377,9.5666065
1424794727422,-1.3786331,3.2078292,9.565858
1424794727428,-1.4456936,3.4124537,9.589508
1424794727444,-1.5949333,3.355123,9.674382
1424794727447,-1.5524217,3.1117291,9.648187
1424794727458,-1.4751823,3.3736844,9.556726
1424794727468,-1.4672488,3.1792388,9.574091
1424794727477,-1.4906002,3.3379087,9.602831
1424794727487,-1.6206797,3.300187,9.479487
1424794727497,-1.5492783,3.1629226,9.465117
1424794727507,-1.6233742,3.0404773,9.458082
1424794727517,-1.411864,3.1144235,9.77153
1424794727527,-1.3569282,3.1909144,9.553883
1424794727537,-1.64463,3.0181737,9.664204
1424794727548,-1.5310162,3.1606774,9.639205
1424794727558,-1.5021263,3.0533504,9.685309
1424794727568,-1.5781682,2.992427,9.577833
1424794727580,-1.4355148,3.103646,9.568552
1424794727587,-1.3644127,3.3473392,9.639055
1424794727598,-1.3332775,3.3091686,9.665999
1424794727607,-1.5790663,3.3374598,9.594149
1424794727617,-1.4548247,3.2614179,9.36288
1424794727627,-1.4491365,3.253634,9.356593
1424794727637,-1.5822098,3.2683036,9.345516
1424794727647,-1.429228,3.2259417,9.39656
1424794727658,-1.5705341,3.258424,9.267827
1424794727667,-1.364263,3.2061827,9.418863
1424794727677,-1.3202546,3.074756,9.365574
1424794727688,-1.5998731,3.2772849,9.610315
1424794727698,-1.4645544,3.1855257,9.578581
1424794727708,-1.698967,3.1124775,9.74279
1424794727718,-1.6173866,3.1928604,9.703122
1424794727733,-1.7426761,3.121459,9.567953
1424794727745,-1.6193326,3.2042367,9.522897
1424794727749,-1.5685881,3.1025982,9.587563
1424794727758,-1.4265335,3.214116,9.495953
1424794727767,-1.6973205,3.1460078,9.459429
1424794727777,-1.5935861,3.2096255,9.455687
1424794727788,-1.4254857,3.4274225,9.427546
1424794727797,-1.6865429,3.2096255,9.406738
1424794727807,-1.3802797,3.195405,9.562864
1424794727817,-1.411415,3.224744,9.413026
1424794727827,-1.5374528,3.14017,9.489965
1424794727837,-1.3561798,3.2221994,9.452693
1424794727847,-1.3521382,3.163671,9.623039
1424794727857,-1.2681628,3.2705488,9.673933
1424794727867,-1.4964381,3.2885115,9.717043
1424794727878,-1.4102174,3.2268398,9.572893
1424794727888,-1.513802,3.2326777,9.2995615
1424794727898,-1.5271243,3.1103818,9.618099
1424794727908,-1.5579602,3.13059,9.514515
1424794727918,-1.4926959,3.2518377,9.739796
1424794727928,-1.6573535,3.2316298,9.745934
1424794727939,-1.4283298,3.1942077,9.625883
1424794727948,-1.6823516,3.162324,9.650432
1424794727958,-1.5929874,3.0641282,9.7288685
1424794727968,-1.4534775,3.1498997,9.551937
1424794727978,-1.4512322,3.082989,9.584569
1424794727988,-1.5006294,3.200195,9.390423
1424794727998,-1.6275655,3.06802,9.426647
1424794728008,-1.4356645,3.180137,9.447603
1424794728018,-1.540746,3.084336,9.459429
1424794728028,-1.6660354,3.0154793,9.384584
1424794728039,-1.441652,3.081043,9.43488
1424794728048,-1.3539345,3.1958542,9.420061
1424794728059,-1.3907579,3.0979578,9.432335
1424794728068,-1.6118481,3.2418087,9.407038
1424794728078,-1.4370117,3.0871801,9.517658
1424794728088,-1.4311738,3.12086,9.514215
1424794728098,-1.4501843,3.2750394,9.436676
1424794728108,-1.5220349,2.9618907,9.766291
1424794728118,-1.6564554,3.1903157,9.600884
1424794728132,-1.6411872,3.1986983,9.73306
1424794728138,-1.4706917,3.0615835,9.599388
1424794728148,-1.2930112,3.1626234,9.69429
1424794728157,-1.4739848,3.287763,9.275013
1424794728167,-1.5361056,3.0527518,9.412726
1424794728177,-1.5626006,3.0418246,9.500743
1424794728188,-1.6368462,3.2048354,9.530531
1424794728197,-1.3371693,3.2724948,9.383686
1424794728207,-1.5620018,3.0714629,9.4176655
1424794728219,-1.3401631,3.2298336,9.442964
1424794728229,-1.3470488,3.2736924,9.487122
1424794728239,-1.3711487,3.1552885,9.428892
1424794728249,-1.3593233,3.1669643,9.320817
1424794728260,-1.3350737,3.0943651,9.584719
1424794728268,-1.4995816,3.3340168,9.620494
1424794728278,-1.4618601,3.0978081,9.574839
1424794728289,-1.4064752,2.990182,9.828562
1424794728298,-1.429677,3.0626311,9.769434
1424794728308,-1.6437318,3.0725107,9.813892
1424794728318,-1.7610878,3.0557456,9.671987
1424794728328,-1.893263,3.0786479,9.602981
1424794728338,-1.6844472,3.0515542,9.696686
1424794728348,-1.9263442,3.035388,9.63202
1424794728358,-1.6536113,3.0883777,9.607621
1424794728368,-1.7980609,3.1768436,9.748328
1424794728378,-1.7230668,3.1229558,9.703272
1424794728388,-1.7173787,3.1955547,9.73785
1424794728398,-1.5967296,2.951712,9.702823
1424794728408,-1.7179774,3.0371842,9.67543
1424794728419,-1.5473323,3.0755045,9.517209
1424794728429,-1.300795,3.1225066,9.430389
1424794728439,-1.4700929,2.9720695,9.389824
1424794728448,-1.486409,3.1025982,9.430839
1424794728458,-1.4763799,3.2010932,9.553134
1424794728474,-1.3340259,2.9455748,9.425449
1424794728479,-1.2436138,2.8972251,9.430389
1424794728488,-1.5446379,3.0412257,9.5037365
1424794728499,-1.5500267,2.961741,9.616752
1424794728510,-1.6233742,3.1085856,9.563911
1424794728519,-1.8073416,3.3153057,9.668993
1424794728529,-1.7600399,3.2302825,9.736203
1424794728539,-1.9341279,3.2241454,9.7393465
1424794728548,-1.7229172,3.2798295,9.616901
1424794728559,-1.6443306,3.2953973,9.76165
1424794728569,-1.5868502,3.1798375,9.635014
1424794728578,-1.7218693,2.884352,9.54535
1424794728589,-1.710942,2.90935,9.571396
1424794728599,-1.7727635,3.1298416,9.437125
1424794728608,-1.545536,3.1163695,9.510473
1424794728618,-1.5028747,2.9135413,9.503139
1424794728629,-1.5503261,2.9817994,9.532927
1424794728639,-1.5459851,2.8493247,9.420361
1424794728649,-1.2126284,3.0217662,9.419462
1424794728659,-1.3111235,2.9479697,9.352701
1424794728669,-1.4554235,3.084336,9.480685
1424794728678,-1.5329622,2.8648925,9.228609
1424794728689,-1.7193246,3.2567775,9.300909
1424794728711,-1.4206957,3.1296918,9.39147
1424794728722,-1.7357904,3.1916628,9.388027
1424794728731,-1.728755,3.1751971,9.585617
1424794728740,-1.7500108,3.0669723,9.386231
1424794728750,-1.6884887,2.9994626,9.55972
1424794728759,-1.7351917,2.9018655,9.623787
1424794728768,-1.898502,3.015629,9.708362
1424794728778,-1.8157241,2.8250751,9.836794
1424794728789,-1.8335371,2.9883857,9.6300745
1424794728800,-1.705254,2.795886,9.657018
1424794728808,-1.8498532,3.0279036,9.821675
1424794728818,-1.8931133,2.9418325,9.773326
1424794728828,-1.8844314,2.982997,9.874366
1424794728838,-1.780697,2.8129504,9.685459
1424794728848,-1.825454,2.9490175,9.414372
1424794728858,-1.6512163,2.8177404,9.421258
1424794728868,-1.8431172,2.8677366,9.561367
1424794728878,-1.8218614,2.887196,9.604477
1424794728888,-1.6102016,2.821333,9.621392
1424794728904,-1.7809964,2.9086015,9.488917
1424794728910,-1.6663349,2.8095076,9.469757
1424794728918,-1.6524138,2.8951294,9.428144
1424794728928,-1.6582516,2.795886,9.413325
1424794728938,-1.5425422,2.8472292,9.3050995
1424794728949,-1.6036153,3.0066476,9.650581
1424794728959,-1.8881736,2.893483,9.696686
1424794728968,-1.7314495,2.9184809,9.507479
1424794728978,-1.8273998,2.9130921,9.591155
1424794728988,-1.7049545,3.1515462,9.523945
1424794728999,-1.8155745,2.8508217,9.551039
1424794729011,-1.88503,2.9594958,9.655521
1424794729018,-2.1076171,3.0181737,9.636661
1424794729029,-1.9007474,3.0639784,9.648636
1424794729039,-1.8782941,2.8123517,9.698781
1424794729048,-1.823508,2.7319689,9.647288
1424794729058,-1.8553917,2.9388387,9.806108
1424794729075,-1.7944684,3.0581405,9.723181
1424794729081,-1.8303937,2.799179,9.532328
1424794729088,-1.6428337,2.782863,9.650282
1424794729098,-1.5696359,2.9047096,9.696536
1424794729109,-1.8329384,2.7663972,9.681567
1424794729118,-1.8386265,2.9705727,9.5455
1424794729130,-1.5958314,2.8681855,9.416618
1424794729138,-1.5416441,2.9946725,9.55044
1424794729148,-1.5456858,2.8865974,9.683513
1424794729158,-1.5694863,2.9547057,9.330547
1424794729168,-1.6028668,2.7470875,9.320667
1424794729180,-1.561403,2.8235784,9.393416
1424794729188,-1.6024177,3.065625,9.605226
1424794729199,-1.6645386,3.01024,9.642947
1424794729208,-1.7190253,2.874323,9.87257
1424794729219,-1.8935623,2.8401937,9.620793
1424794729228,-1.7705182,2.7632537,9.594298
1424794729238,-1.678759,2.9855416,9.700428
1424794729250,-1.850901,2.8129504,9.520502
1424794729258,-1.7750088,2.8759694,9.759405
1424794729268,-1.7757573,2.820884,9.68022
1424794729278,-1.8660196,2.8913872,9.560469
1424794729289,-1.8357825,2.9720695,9.671089
1424794729298,-1.7979112,3.0618827,9.650282
1424794729308,-1.6822019,2.7628047,9.55044
1424794729319,-1.7736616,2.8351045,9.337283
1424794729328,-1.4789245,2.9865894,9.372609
1424794729338,-1.6588504,2.9205766,9.434431
1424794729349,-1.7510587,2.7497818,9.359886
1424794729358,-1.7444724,2.9138405,9.577833
1424794729368,-1.6151413,2.893483,9.452543
1424794729378,-1.6350499,2.7614574,9.663904
1424794729388,-1.7434245,2.880011,9.57903
1424794729398,-1.8238074,2.7845097,9.815838
1424794729408,-1.8037491,2.8403435,9.708661
1424794729419,-1.9598744,2.963238,9.645493
1424794729428,-1.7842896,2.891537,9.545949
1424794729438,-1.8836828,3.1591804,9.812245
1424794729448,-1.8001566,2.9027636,9.729917
1424794729459,-1.7402811,2.9446764,9.706715
1424794729469,-1.6880397,2.6219475,9.540261
1424794729479,-1.8318906,2.7961853,9.56466
1424794729488,-1.7073495,2.9139903,9.426048
1424794729499,-1.7726139,2.8505223,9.613159
1424794729508,-1.6465759,2.8669882,9.608818
1424794729518,-1.5031742,2.7689419,9.333541
1424794729528,-1.4471905,2.7858567,9.488468
1424794729540,-1.6208295,2.7286756,9.719289
1424794729549,-1.5621514,3.02476,9.732012
1424794729559,-1.6432828,2.9202774,9.739048
1424794729569,-1.5158976,2.8551626,9.831855
1424794729579,-1.664838,2.9380903,9.720037
1424794729589,-1.6545094,2.924768,9.609567
1424794729599,-1.7142352,2.829566,9.714049
1424794729609,-1.723516,2.8918364,9.460926
1424794729619,-1.5540683,2.9957204,9.548045
1424794729629,-1.7805474,2.8177404,9.554332
1424794729639,-1.853296,2.9020152,9.578281
1424794729649,-1.8824854,2.7683432,9.519155
1424794729659,-1.7140856,2.6890082,9.456285
1424794729669,-1.8996996,2.766996,9.747879
1424794729679,-1.7792001,2.5792863,9.649533
1424794729689,-1.7694703,2.7641518,9.617051
1424794729699,-1.7690213,2.7834618,9.5423565
1424794729709,-1.6464262,2.8874955,9.414372
1424794729721,-1.7610878,2.8214827,9.5158615
1424794729730,-1.7428257,2.7925928,9.499097
1424794729743,-1.6645386,2.894381,9.665999
1424794729754,-1.6115488,2.845433,9.583371
1424794729759,-1.7359401,2.7334657,9.515113
1424794729769,-1.9092796,2.8680358,9.499097
1424794729779,-1.7431252,2.9602442,9.562715
1424794729789,-1.9526894,2.8613,9.415271
1424794729798,-2.0224442,3.0072465,9.595496
1424794729809,-1.8902692,2.8677366,9.485624
1424794729819,-1.9681073,2.7473867,9.532028
1424794729828,-2.0017872,2.7955866,9.652528
1424794729839,-1.9323317,2.6774821,9.586964
1424794729849,-1.7636325,2.7922933,9.6163025
1424794729859,-1.7622854,2.6750872,9.667197
1424794729869,-1.7063017,2.6352699,9.658814
1424794729879,-1.581162,2.723736,9.772279
1424794729889,-1.6054115,2.7042763,9.547446
1424794729899,-1.5097604,2.7741811,9.597292
1424794729909,-1.6215779,2.8333082,9.683363
1424794729919,-1.4525794,2.8125014,9.534722
1424794729929,-1.6447797,2.6782305,9.654773
1424794729939,-1.68789,2.6870623,9.602232
1424794729949,-1.8232086,2.8831544,9.270822
1424794729960,-1.6423846,2.922223,9.275013
1424794729969,-1.683549,2.9627888,9.275162
1424794729979,-1.6983682,2.9023147,9.296568
1424794729989,-1.6625926,2.9446764,9.41572
1424794730001,-1.8414706,2.9443772,9.333092
1424794730009,-1.8625767,2.6047335,9.574539
1424794730019,-1.7474661,2.739603,9.856553
1424794730029,-1.7185762,2.6897566,9.770632
1424794730040,-1.773063,2.6918523,9.650581
1424794730049,-1.7562977,2.743495,9.73321
1424794730059,-1.8673668,2.7072701,9.788594
1424794730070,-1.850901,2.6668541,9.595496
1424794730079,-1.7899777,2.7057734,9.702673
1424794730090,-1.7097446,2.6710455,9.518406
1424794730099,-1.7296531,2.841541,9.709858
1424794730110,-1.8962567,2.78915,9.634864
1424794730120,-1.9360739,2.8942313,9.601334
1424794730130,-1.9336789,2.896926,9.664204
1424794730139,-1.8044975,2.7595115,9.716595
1424794730149,-1.7169297,2.8262727,9.45883
1424794730159,-1.7342935,2.6810746,9.26199
1424794730169,-1.5331119,2.642006,9.409882
1424794730179,-1.6979191,2.807861,9.16095
1424794730190,-1.8366807,2.8521688,9.388027
1424794730199,-1.7462686,2.7360106,9.484577
1424794730210,-1.6582516,2.7949877,9.553433
1424794730220,-1.7768052,2.7310708,9.657766
1424794730236,-1.8381774,2.8786638,9.595945
1424794730240,-1.8517991,2.7436445,9.640403
1424794730252,-1.8824854,2.9695249,9.655372
1424794730260,-1.9699036,3.0789473,9.238937
1424794730270,-1.737437,3.0344896,9.262738
1424794730280,-1.8085392,2.8883936,9.431587
1424794730290,-1.9987935,2.9654832,9.490864
1424794730300,-1.8633252,2.7346632,9.396859
1424794730310,-1.7024099,2.752027,9.639804
1424794730320,-1.7185762,2.8903396,9.745634
1424794730330,-1.6935782,2.640958,9.563462
1424794730340,-1.7095948,2.7304718,9.744287
1424794730350,-1.7597406,2.5712032,9.640702
1424794730360,-1.6459771,2.79394,9.631721
1424794730370,-1.737437,2.7719357,9.3839855
1424794730380,-1.591191,2.906356,9.407038
1424794730390,-1.681154,2.9018655,9.302705
1424794730400,-1.7133371,2.9575498,9.383836
1424794730410,-1.9341279,2.9686267,9.320967
1424794730420,-1.7034576,3.0466146,9.352402
1424794730430,-1.8197658,2.8589048,9.3453665
1424794730440,-1.7712666,2.9770093,9.293425
1424794730449,-1.6658858,2.8879445,9.402846
1424794730460,-1.7642312,2.8794122,9.56481
1424794730470,-1.6828007,2.9048593,9.565858
1424794730480,-1.5844551,2.8975246,9.724977
1424794730490,-1.7045054,3.013234,9.682915
1424794730500,-1.9229013,2.8443851,9.655072
1424794730511,-1.9136206,2.7720854,9.638756
1424794730520,-1.8594333,2.9472213,9.455237
1424794730530,-1.8871257,2.7681935,9.455387
1424794730540,-1.8152751,2.9234207,9.674682
1424794730550,-1.807641,2.893932,9.444011
1424794730560,-1.8245559,2.8797116,9.579629
1424794730570,-1.7651294,2.8683352,9.68486
1424794730580,-1.7516574,2.8849506,9.655222
1424794730590,-1.6627423,2.6923013,9.619446
1424794730600,-1.53401,2.6662555,9.521101
1424794730610,-1.5281721,2.7681935,9.467063
1424794730620,-1.5858023,2.839595,9.613009
1424794730630,-1.6295114,2.9761112,9.501342
1424794730640,-1.6250207,2.9394374,9.509126
1424794730650,-1.6290623,2.8409421,9.4772415
1424794730660,-1.7968634,2.7138565,9.525292
1424794730670,-1.7637821,2.9015663,9.527388
1424794730680,-1.7923727,2.5920098,9.632769
1424794730690,-1.8260527,2.9755125,9.551787
1424794730700,-1.8275496,2.7394533,9.59325
1424794730710,-1.9179616,2.932851,9.586514
1424794730720,-1.9220031,2.877167,9.513018
1424794730730,-1.7953665,2.5306375,9.58921
1424794730743,-1.8196161,2.8372,9.60343
1424794730750,-1.7283059,2.7867548,9.462124
1424794730760,-1.8940114,2.833907,9.541758
1424794730770,-1.8392253,2.6060805,9.397159
1424794730780,-1.7871337,2.7288253,9.56451
1424794730790,-1.6257691,2.650688,9.28624
1424794730800,-1.6398399,2.6470954,9.322913
1424794730810,-1.857637,2.9135413,9.483829
1424794730820,-1.8805394,2.8268714,9.488917
1424794730830,-1.900897,2.7390041,9.742939
1424794730840,-1.6911832,2.7909462,9.636361
1424794730850,-1.6063097,2.8836036,9.655072
1424794730860,-1.8152751,2.8491752,9.5721445
1424794730870,-1.8290465,2.7614574,9.29522
1424794730880,-1.7824932,2.5661137,9.383537
1424794730890,-1.8598824,2.6946964,9.269474
1424794730900,-1.6699274,2.8726761,9.375903
1424794730910,-1.7774038,2.8508217,9.726923
1424794730920,-1.7800983,2.7294242,9.706565
1424794730930,-1.7329463,2.8592043,9.542207
1424794730940,-1.8726059,2.7276278,9.2681265
1424794730950,-1.8080901,2.6247916,9.543554
1424794730960,-1.6245717,2.8544142,9.358389
1424794730970,-1.5429913,2.7810667,9.31977
1424794730980,-1.511407,2.7755282,9.348061
1424794730990,-1.7441729,2.9301567,9.323662
1424794731000,-1.6516653,2.8792624,9.378448
1424794731010,-1.7914746,2.8424392,9.701326
1424794731020,-1.7248632,2.8407927,9.455986
1424794731030,-1.7003142,2.8729756,9.638157
1424794731041,-1.8497036,2.8937824,9.562715
1424794731050,-1.7360898,2.7399023,9.638756
1424794731060,-1.8233583,2.9544063,9.595047
1424794731070,-1.9284397,2.8674371,9.60807
1424794731080,-1.6730708,2.7967842,9.623787
1424794731090,-1.7344432,2.8172915,9.749077
1424794731100,-1.7501606,2.6418562,9.862541
1424794731110,-1.6842974,2.6917026,9.736503
1424794731120,-1.9113753,2.605931,9.58876
1424794731130,-1.7389339,2.8020232,9.472302
1424794731140,-1.554667,2.6454487,9.533674
1424794731150,-1.9073337,2.919978,9.471853
1424794731160,-1.4786252,2.7647507,9.374556
1424794731170,-1.5685881,2.8135493,9.477541
1424794731180,-1.529669,2.562072,9.445658
1424794731190,-1.5214362,2.8407927,9.639954
1424794731200,-1.6350499,2.7138565,9.599388
1424794731210,-1.6337028,2.6908045,9.657766
1424794731220,-1.5262262,2.8360026,9.550739
1424794731235,-1.5922389,3.008294,9.636062
1424794731240,-1.6640896,2.9237201,9.459429
1424794731251,-1.5878979,2.9864397,9.227711
1424794731260,-1.762884,2.8518696,9.279353
1424794731269,-1.8288968,2.9702733,9.313931
1424794731279,-1.9179616,2.8660898,9.631571
1424794731290,-1.7887802,2.8677366,9.652678
1424794731299,-1.6624429,2.7366092,9.666598
1424794731311,-1.7381854,2.8252249,9.600735
1424794731323,-1.6299605,2.786306,9.561068
1424794731330,-1.8098863,2.8382478,9.567803
1424794731340,-1.493594,2.739603,9.744436
1424794731359,-1.6100519,2.692002,9.4193125
1424794731360,-1.3187577,2.687661,9.481732
1424794731369,-1.4751823,2.6617649,9.592053
1424794731379,-1.5533198,2.881957,9.412277
1424794731389,-1.6386424,2.8512707,9.3050995
1424794731399,-1.7543519,2.7744803,9.624835
1424794731409,-1.4823674,2.8268714,9.364377
1424794731419,-1.8073416,2.9412336,9.377998
1424794731430,-1.710493,2.8216324,9.451795
1424794731440,-1.71678,2.7753785,9.360635
1424794731450,-1.7170793,2.8398943,9.330547
1424794731460,-1.5602056,2.9159362,9.475446
1424794731470,-1.6024177,2.8205845,9.361682
1424794731480,-1.5549664,2.7860065,9.517658
1424794731490,-1.6429834,2.851121,9.436826
1424794731502,-1.8534458,2.8605514,9.568552
1424794731510,-1.7793498,2.676135,9.482182
1424794731521,-1.775907,2.6783803,9.521251
1424794731530,-1.7886305,2.792443,9.488618
1424794731541,-1.8537451,2.720293,9.5452
1424794731550,-1.6890875,2.7577152,9.618698
1424794731561,-1.8555413,2.8476782,9.370514
1424794731570,-1.6934285,2.776576,9.43009
1424794731580,-1.7633331,2.8548632,9.566008
1424794731590,-1.8224602,2.8177404,9.548643
1424794731600,-1.5543677,2.7321186,9.494157
1424794731610,-1.6967217,2.7023306,9.779763
1424794731620,-1.5958314,2.8235784,9.614507
1424794731630,-1.5115567,2.7023306,9.514365
1424794731641,-1.4410533,2.8837533,9.490415
1424794731650,-1.4507831,3.031945,9.117391
1424794731660,-1.593137,2.7226882,9.302256
1424794731670,-1.6124469,2.757865,9.465567
1424794731680,-1.6971707,2.808909,9.460177
1424794731690,-1.7097446,2.7167006,9.373957
1424794731700,-1.6479231,2.67374,9.447304
1424794731710,-1.7139359,2.7900481,9.386231
1424794731720,-1.7212706,2.7373576,9.521101
1424794731730,-1.8871257,2.958448,9.73785
1424794731743,-1.9378701,2.9042606,9.636211
1424794731751,-1.832639,2.7318192,9.582024
1424794731765,-1.7676741,2.7110124,9.549392
1424794731781,-1.9516416,2.4993525,9.565109
1424794731792,-1.8203645,2.5906627,9.733659
1424794731792,-1.76483,2.6830206,9.515562
1424794731800,-1.6848962,2.9861403,9.679621
1424794731813,-1.6661851,2.8839028,9.547446
1424794731821,-1.5642471,2.8921359,9.427396
1424794731830,-1.6369958,2.6581724,9.443413
1424794731840,-1.8510507,2.8172915,9.263487
1424794731851,-1.6136444,2.8827055,9.321865
1424794731864,-1.5402969,2.868485,9.339678
1424794731870,-1.7089962,2.7839108,9.467213
1424794731880,-1.5964302,2.687661,9.434431
1424794731890,-1.7310004,2.771337,9.486672
1424794731900,-1.6660354,3.0138328,9.2890835
1424794731912,-1.7685722,2.8551626,9.4369755
1424794731922,-1.7259109,2.8133996,9.55987
1424794731930,-1.6465759,2.8695328,9.464519
1424794731941,-1.9203566,2.850672,9.705218
1424794731950,-1.6232245,2.6929002,9.421857
1424794731960,-1.805246,2.7866051,9.559272
1424794731970,-1.9341279,2.870431,9.597891
1424794731979,-1.69268,2.8270211,9.537267
1424794731990,-1.6664845,2.7690916,9.396859
1424794732000,-1.7922231,2.734214,9.575288
1424794732010,-1.7076489,2.788551,9.519005
1424794732021,-1.6736696,2.7653494,9.604477
1424794732030,-1.798959,2.6330247,9.438622
1424794732042,-1.6606467,2.9065058,9.379496
1424794732050,-1.3317806,2.8589048,9.230405
1424794732060,-1.6434325,2.7770252,9.144035
1424794732070,-1.5739769,2.753973,9.342223
1424794732080,-1.5170952,2.8151958,9.349109
1424794732090,-1.7616866,3.0740075,9.310788
1424794732102,-1.7299526,2.9374914,9.470206
1424794732111,-1.5844551,2.8409421,9.585168
1424794732120,-1.6486716,2.9009674,9.530231
1424794732130,-1.6064594,2.783312,9.7040205
1424794732141,-1.701362,2.7306216,9.705517
1424794732150,-1.578767,2.753973,9.606723
1424794732160,-1.5774198,2.868934,9.647288
1424794732170,-1.7902771,2.6807754,9.554631
1424794732180,-1.7269588,2.9451256,9.655671
1424794732190,-1.5843054,2.684368,9.376501
1424794732200,-1.7712666,2.9324021,9.303453
1424794732210,-1.719624,3.1072385,9.3172245
1424794732220,-1.6441809,2.848726,9.416918
1424794732235,-1.5826589,2.8798614,9.455836
1424794732241,-1.6443306,2.8187883,9.440418
1424794732252,-1.518143,2.848277,9.327852
1424794732261,-1.6284636,2.7743309,9.559122
1424794732271,-1.6441809,2.618355,9.477391
1424794732281,-1.5611037,2.6605673,9.5037365
1424794732291,-1.4540763,2.8259733,9.455537
1424794732300,-1.6597486,2.6788294,9.638157
1424794732311,-1.6714243,2.8999195,9.255254
1424794732321,-1.8288968,2.8563602,9.540859
1424794732331,-1.9565812,2.933899,9.62708
1424794732341,-1.8271005,3.004103,9.637559
1424794732352,-1.8856288,3.0374835,9.506881
1424794732361,-1.8883232,2.9960198,9.455687
1424794732371,-1.6754658,2.772684,9.657467
1424794732381,-1.7217196,2.9193792,9.570049
1424794732391,-1.6464262,2.7303224,9.45853
1424794732400,-1.640738,2.8313622,9.700727
1424794732411,-1.5932868,2.893932,9.608668
1424794732421,-1.5887961,2.7292745,9.471105
1424794732431,-1.371448,2.6614654,9.466913
1424794732441,-1.5012282,2.6690996,9.432335
1424794732450,-1.5416441,2.7167006,9.267229
1424794732461,-1.4832655,2.6695487,9.309141
1424794732471,-1.540746,2.6586213,9.096134
1424794732481,-1.3627661,2.8623476,9.524843
1424794732491,-1.565295,2.8568091,9.174721
1424794732501,-1.6714243,2.6973908,9.311387
1424794732511,-1.8160236,2.7846594,9.50254
1424794732521,-1.7238153,2.9542565,9.500593
1424794732531,-1.771117,2.9512627,9.506881
1424794732541,-1.7389339,3.0888267,9.567354
1424794732551,-1.814826,2.9187803,9.439072
1424794732561,-1.9001486,2.7690916,9.639654
1424794732571,-1.8588345,2.7493327,9.762698
1424794732581,-1.7151333,2.7032287,9.804911
1424794732591,-1.9556831,2.6473947,9.57903
1424794732602,-1.685046,2.7220893,9.491313
1424794732611,-1.6383431,2.7319689,9.672136
1424794732621,-1.5522721,2.6444008,9.409583
1424794732631,-1.4965879,2.700534,9.483379
1424794732641,-1.5004797,2.7461894,9.424552
1424794732651,-1.509461,2.8020232,9.301357
1424794732661,-1.5483801,2.8669882,9.342971
1424794732671,-1.4986835,2.7042763,9.250164
1424794732681,-1.5867004,2.8990214,9.3083935
1424794732691,-1.4681469,2.7659483,9.34327
1424794732701,-1.5530205,2.845882,9.45883
1424794732711,-1.5892452,2.8903396,9.124426
1424794732721,-1.567241,2.632276,9.395062
1424794732731,-1.6435821,2.7408004,9.46347
1424794732743,-1.6793578,2.855462,9.7095585
1424794732751,-1.7992585,2.910248,9.841285
1424794732761,-1.7402811,2.8761191,9.537716
1424794732771,-1.868714,2.7478359,9.72797
1424794732781,-1.6703764,2.7613077,9.448651
1424794732791,-1.8848804,2.847828,9.532627
1424794732801,-1.6516653,2.7873538,9.661059
1424794732811,-1.7678238,2.6210494,9.520802
1424794732821,-1.7323476,2.632875,9.527238
1424794732831,-1.6381934,2.792443,9.3856325
1424794732841,-1.6167879,2.831961,9.4242525
1424794732851,-1.5383509,2.8166926,9.432485
1424794732861,-1.5497273,2.588118,9.628577
1424794732871,-1.432072,2.6656568,9.570947
1424794732881,-1.721121,2.8132498,9.529484
1424794732891,-1.6979191,2.6890082,9.360036
1424794732901,-1.73115,2.7800188,9.326356
1424794732911,-1.558559,2.8422894,9.3806925
1424794732921,-1.5464342,2.6988876,9.320817
1424794732931,-1.4898518,2.926714,9.404044
1424794732941,-1.7432748,2.932851,9.5455
1424794732951,-1.8753003,2.8514204,9.420959
1424794732961,-1.5889457,2.8433373,9.660162
1424794732971,-1.7519568,2.8731253,9.59819
1424794732981,-1.7015117,2.8680358,9.560918
1424794732991,-1.619632,2.6613157,9.535471
1424794733001,-1.669628,2.8647428,9.581575
1424794733011,-1.8589842,2.7922933,9.570797
1424794733021,-1.7601897,2.6750872,9.529484
1424794733031,-1.7492623,2.8116033,9.51691
1424794733042,-1.791774,2.6652076,9.443263
1424794733051,-1.606609,2.77463,9.289383
1424794733061,-1.6991167,2.8032207,9.585467
1424794733071,-1.6819024,2.8389962,9.629176
1424794733081,-1.5822098,2.8062143,9.534423
1424794733091,-1.6765137,2.9553044,9.577384
1424794733101,-1.60137,2.854564,9.712553
1424794733111,-1.5956818,2.7509794,9.422156
1424794733121,-1.5524217,2.7397528,9.400152
1424794733131,-1.5697856,2.6747878,9.321715
1424794733142,-1.497486,2.785707,9.22786
1424794733151,-1.470542,2.9177325,9.255853
1424794733161,-1.4691948,2.887196,9.285042
1424794733171,-1.5271243,2.7418482,9.413176
1424794733181,-1.3922548,2.842589,9.455687
1424794733191,-1.6655864,2.638713,9.377998
1424794733201,-1.6308587,2.6981392,9.557176
1424794733211,-1.5691868,2.7180479,9.558972
1424794733221,-1.6093035,2.6888585,9.821377
1424794733231,-1.6670833,2.6123676,9.579779
1424794733242,-1.6524138,2.6990373,9.418264
1424794733252,-1.7206719,2.8642936,9.604328
1424794733261,-1.7259109,2.904111,9.700877
1424794733271,-1.6401393,2.8651917,9.548493
1424794733282,-1.6555573,2.884801,9.569301
1424794733291,-1.6476238,2.8255243,9.43488
1424794733301,-1.6343014,2.7518775,9.336235
1424794733311,-1.4403049,2.6990373,9.3381815
1424794733321,-1.6742684,2.6836195,9.198522
1424794733331,-1.4377601,2.809807,9.192085
1424794733341,-1.6353493,2.7297235,9.318572
1424794733353,-1.7027092,2.7625053,9.494307
1424794733361,-1.5100598,2.718946,9.519604
1424794733371,-1.5979271,2.6479936,9.583072
1424794733381,-1.728755,2.778073,9.532328
1424794733392,-1.7004639,2.7818153,9.521251
1424794733401,-1.6260686,2.6831703,9.486373
1424794733411,-1.4462924,2.5475523,9.530082
1424794733421,-1.6810043,2.8937824,9.873768
1424794733431,-1.6293617,2.8087592,9.728419
1424794733441,-1.7194743,2.6177564,9.523945
1424794733451,-1.7064514,2.9057574,9.697285
1424794733461,-1.6757653,2.6803262,9.608519
1424794733471,-1.7453705,2.7021809,9.557176
1424794733482,-1.7549505,2.7074199,9.595496
1424794733492,-1.6929795,2.7979815,9.412427
1424794733501,-1.6859441,2.640958,9.438473
1424794733511,-1.3522879,2.7777736,9.424552
1424794733522,-1.4982344,2.7668464,9.153016
1424794733531,-1.4168037,2.8223808,9.146879
1424794733541,-1.4516813,2.6421556,9.370214
1424794733551,-1.4016852,2.6767337,9.169931
1424794733561,-1.5434403,2.6933491,9.474547
1424794733571,-1.7220191,2.8252249,9.45419
1424794733581,-1.547482,2.8315117,9.737102
1424794733591,-1.7200731,2.5521927,9.483529
1424794733602,-1.9172131,2.8897407,9.770482
1424794733611,-1.7241147,2.7720854,9.461375
1424794733621,-1.6938776,2.719395,9.65133
1424794733631,-1.8622774,2.8803103,9.557026
1424794733642,-1.9130218,2.737208,9.657916
1424794733651,-1.7928218,2.861749,9.795929
1424794733661,-1.7034576,2.7190957,9.529184
1424794733671,-1.5036232,2.7490335,9.673783
1424794733681,-1.513802,2.842888,9.401051
1424794733691,-1.660497,2.8065138,9.411978
1424794733702,-1.6091537,2.8090584,9.309291
1424794733711,-1.4519806,2.8048673,9.474547
1424794733721,-1.5929874,2.7831624,9.441317
1424794733731,-1.5587087,2.6875112,9.4805355
1424794733743,-1.5678396,2.898273,9.351204
1424794733751,-1.4500346,2.7553203,9.461375
1424794733761,-1.4983841,2.8389962,9.505084
1424794733772,-1.5221846,2.862198,9.300759
1424794733781,-1.7145346,2.5536895,9.504186
1424794733792,-1.6503181,2.8770173,9.476943
1424794733801,-1.5850539,2.9090507,9.574689
1424794733811,-1.629212,2.7557693,9.441616
1424794733822,-1.6958236,2.7916946,9.790241
1424794733832,-1.8753003,2.7695408,9.754765
1424794733842,-1.7803977,2.6696982,9.710008
1424794733853,-1.8059944,2.5253985,9.708062
1424794733862,-1.8094373,2.578987,9.735754
1424794733872,-1.5000306,2.495311,9.455537
1424794733881,-1.5802639,2.7322683,9.526489
1424794733892,-1.7107924,2.6315277,9.540411
1424794733901,-1.7232165,2.7149043,9.40135
1424794733912,-1.6399896,2.7681935,9.511071
1424794733922,-1.857637,2.8460317,9.32905
1424794733931,-1.5774198,2.8131,9.402248
1424794733942,-1.6247214,2.7620564,9.244476
1424794733952,-1.3365706,2.6393116,9.202713
1424794733962,-1.3813275,2.7369087,9.473799
1424794733972,-1.4415023,2.66401,9.550889
1424794733982,-1.4313235,2.748734,9.504934
1424794733992,-1.4437478,2.7138565,9.642648
1424794734002,-1.6250207,2.9553044,9.679023
1424794734011,-1.5730788,2.7149043,9.30016
1424794734021,-1.660946,2.746788,9.409583
1424794734031,-1.5232325,2.8750713,9.58876
1424794734041,-1.9146684,2.614463,9.566906
1424794734051,-1.5627502,2.759362,9.61765
1424794734061,-1.6886384,2.8928843,9.561816
1424794734071,-1.728755,2.645299,9.544303
1424794734081,-1.590742,2.7135572,9.4981985
1424794734091,-1.5543677,2.583328,9.472452
1424794734102,-1.6106507,2.6569748,9.546398
1424794734112,-1.8196161,2.823728,9.44461
1424794734122,-1.7089962,2.8828552,9.611961
1424794734132,-1.7425264,2.7523265,9.634564
1424794734142,-1.6215779,2.8259733,9.7023735
1424794734152,-1.5019766,2.7454407,9.507628
1424794734162,-1.5567627,2.6149123,9.642797
1424794734172,-1.4236894,2.5593777,9.455537
1424794734182,-1.5208374,2.593357,9.210347
1424794734192,-1.499432,2.7755282,9.386082
1424794734203,-1.5414945,2.874323,9.585467
1424794734212,-1.4596148,2.7283764,9.36258
1424794734222,-1.5376025,2.7345135,9.457633
1424794734232,-1.5798148,2.8422894,9.5737915
1424794734242,-1.7344432,2.8235784,9.493109
1424794734252,-1.5545174,2.8184888,9.480685
1424794734262,-1.7697698,2.775229,9.501791
1424794734272,-1.5260766,2.8936327,9.401649
1424794734282,-1.551374,2.8883936,9.491612
1424794734292,-1.7289047,2.8794122,9.568851
1424794734302,-1.7112415,2.8145971,9.593999
1424794734312,-1.7103434,2.6524842,9.530531
1424794734322,-1.7125887,2.8449838,9.637409
1424794734332,-1.8244061,2.8301647,9.612111
1424794734342,-1.5501764,2.7822642,9.477691
1424794734353,-1.5310162,2.7605593,9.671538
1424794734362,-1.6096028,2.8154953,9.525592
1424794734372,-1.7401314,2.6611662,9.269474
1424794734382,-1.5654446,2.7485843,9.302855
1424794734392,-1.4542259,2.7117608,9.534423
1424794734402,-1.4491365,3.0111382,9.441766
1424794734412,-1.3780344,2.762655,9.244027
1424794734422,-1.3724959,2.9380903,9.394165
1424794734432,-1.5850539,2.9118948,9.418115
1424794734456,-1.6615448,3.0826895,9.526789
1424794734457,-1.5188915,2.8906388,9.452244
1424794734462,-1.4714401,2.8451335,9.390722
1424794734472,-1.439257,2.8259733,9.467512
1424794734481,-1.5408957,2.7562184,9.397907
1424794734492,-1.5563136,2.662663,9.717342
1424794734501,-1.6022681,2.9786558,9.732012
1424794734511,-1.8085392,2.7524762,9.418714
1424794734521,-1.8654208,2.8301647,9.642947
1424794734531,-1.6810043,3.0229638,9.775871
1424794734541,-1.7863852,2.8383975,9.72827
1424794734551,-1.4171032,2.68811,9.751921
1424794734561,-1.7356408,2.657424,9.408834
1424794734573,-1.6277151,2.8451335,9.2554035
1424794734583,-1.4227912,2.7764263,9.4419155
1424794734592,-1.4218931,2.6830206,9.366622
1424794734602,-1.4799724,2.8485763,9.2063055
1424794734612,-1.3665084,2.7271788,9.282646
1424794734622,-1.6343014,2.6957443,9.443113
1424794734632,-1.5069164,2.8770173,9.4419155
1424794734642,-1.5482304,2.7584639,9.514963
1424794734652,-1.4814693,2.6628127,9.503288
1424794734662,-1.5837066,2.748734,9.403894
1424794734672,-1.6980689,2.7505302,9.517658
1424794734682,-1.4732364,2.7075696,9.512119
1424794734692,-1.5661931,2.6562264,9.546248
1424794734703,-1.6413368,2.8322604,9.528436
1424794734712,-1.816772,2.8855495,9.430839
1424794734722,-1.637894,2.7074199,9.652079
1424794734732,-1.8101857,2.8475285,9.662257
1424794734744,-1.5408957,2.9657826,9.5423565
1424794734752,-1.769171,2.8894415,9.777667
1424794734762,-1.8119819,2.6451495,9.532627
1424794734772,-1.8139279,2.7909462,9.441766
1424794734782,-1.635499,2.7997777,9.342971
1424794734792,-1.4274316,2.9162357,9.486822
1424794734802,-1.3811778,2.809807,9.278456
1424794734812,-1.6134948,2.929558,9.389225
1424794734822,-1.6564554,2.8512707,9.230854
1424794734833,-1.4949412,2.7809172,9.346264
1424794734842,-1.457519,2.9175828,9.489067
1424794734854,-1.4256353,2.713108,9.392518
1424794734862,-1.6842974,2.7638526,9.430988
1424794734872,-1.648971,2.8092082,9.359736
1424794734882,-1.5807129,2.7961853,9.435928
1424794734892,-1.685046,3.0451176,9.600735
1424794734902,-1.7155824,2.9490175,9.517958
1424794734912,-1.626817,2.8951294,9.606723
1424794734922,-1.6226257,2.8153455,9.559272
1424794734932,-1.7793498,2.7858567,9.567803
1424794734942,-1.6060103,2.9264145,9.669143
1424794734952,-1.7485139,2.793042,9.626482
1424794734962,-1.615291,2.6708958,9.577384
1424794734972,-1.6522641,2.791994,9.486822
1424794734982,-1.4132112,2.7267296,9.45898
1424794734992,-1.7073495,2.9086015,9.373957
1424794735002,-1.6973205,2.8223808,9.434431
1424794735012,-1.52922,3.056943,9.476045
1424794735022,-1.4676979,2.9861403,9.301507
1424794735032,-1.445544,2.9657826,9.497749
1424794735043,-1.4617103,2.9303064,9.422905
1424794735052,-1.6881894,2.8039691,9.44955
1424794735062,-1.5524217,2.7916946,9.457334
1424794735072,-1.5955321,2.8879445,9.313632
1424794735082,-1.6341518,2.8321106,9.498348
1424794735092,-1.7025595,2.9048593,9.6035795
1424794735104,-1.746568,2.942581,9.804162
1424794735112,-1.8109342,2.7722352,9.867031
1424794735122,-1.659,2.674189,9.749526
1424794735132,-1.6477734,2.9190798,9.623787
1424794735142,-1.6408877,2.8163934,9.718989
1424794735152,-1.7738113,2.6524842,9.566457
1424794735162,-1.627266,2.7740314,9.499247
1424794735172,-1.6699274,2.8333082,9.283245
1424794735182,-1.4462924,2.7393036,9.432485
1424794735192,-1.60137,2.8618987,9.475895
1424794735203,-1.6988173,2.8933332,9.404793
1424794735212,-1.5872992,2.905458,9.547746
1424794735222,-1.5627502,2.7834618,9.410331
1424794735232,-1.4691948,2.8768675,9.545799
1424794735243,-1.5959811,3.012186,9.405841
1424794735253,-1.7824932,2.775678,9.481133
1424794735262,-1.4835649,2.8571086,9.658665
1424794735272,-1.5235318,2.8113039,9.359437
1424794735283,-1.5018269,2.9081526,9.713301
1424794735292,-1.6383431,2.8761191,9.484577
1424794735302,-1.4962884,2.934797,9.519155
1424794735312,-1.6639398,2.8107052,9.619596
1424794735322,-1.660946,2.841541,9.394165
1424794735332,-1.8070422,2.7375073,9.564361
1424794735342,-1.6953745,2.5586293,9.585168
1424794735354,-1.7892293,2.8794122,9.52589
1424794735362,-1.6560063,2.6017396,9.460776
1424794735372,-1.7573456,2.6490412,9.67064
1424794735382,-1.7060024,2.64485,9.443861
1424794735392,-1.8693128,2.8553123,9.323662
1424794735402,-1.6338524,2.751129,9.161249
1424794735412,-1.5670912,2.941982,9.237591
1424794735422,-1.667233,2.8238778,9.241183
1424794735432,-1.5578105,2.6550288,9.312136
1424794735443,-1.703308,2.7547216,9.414372
1424794735453,-1.6067587,2.8518696,9.365424
1424794735463,-1.615291,2.7014322,9.406139
1424794735472,-1.6801062,2.619403,9.487571
1424794735483,-1.6079563,2.8154953,9.347312
1424794735493,-1.6991167,2.7449918,9.325757
1424794735502,-1.6732205,3.09212,9.378448
1424794735513,-1.7387842,2.9942236,9.393866
1424794735523,-1.7633331,2.9144394,9.297765
1424794735533,-1.7923727,2.8183393,9.5600195
1424794735543,-1.7140856,2.6354196,9.578581
1424794735552,-1.8266515,2.790497,9.428892
1424794735563,-1.5480808,2.8985724,9.45853
1424794735573,-1.6534616,2.7080185,9.492062
1424794735583,-1.5271243,2.836751,9.5217
1424794735593,-1.7384849,2.9265642,9.492959
1424794735604,-1.6384927,2.9608428,9.3453665
1424794735613,-1.5973283,2.8656409,9.551488
1424794735623,-1.778302,2.7708879,9.504934
1424794735633,-1.7070502,2.7408004,9.395362
1424794735643,-1.8091378,2.5930576,9.407487
1424794735652,-1.667682,2.465972,9.332792
1424794735663,-1.5750247,2.78915,9.486223
1424794735673,-1.6202307,2.8512707,9.398805
1424794735682,-1.5534695,2.8412416,9.242081
1424794735693,-1.5869998,2.7955866,9.348809
1424794735704,-1.7154328,2.7677445,9.347312
1424794735713,-1.6245717,2.8136988,9.329948
1424794735723,-1.7687219,2.5879683,9.428144
1424794735733,-1.7818946,2.6226962,9.372459
1424794735743,-1.7223184,3.247796,9.924512
1424794735753,-1.4808705,2.6767337,9.634116
1424794735763,-1.5706837,2.5729995,9.5368185
1424794735773,-1.8523979,2.9638367,9.377549
1424794735783,-1.7061521,3.014132,9.443263
1424794735793,-1.750909,2.9433293,9.349558
1424794735803,-1.7467177,2.699187,9.149573
1424794735813,-1.6410375,3.040627,9.480086
1424794735823,-1.5932868,2.6714945,9.484577
1424794735833,-1.6404387,2.878065,9.448202
1424794735843,-1.3437556,2.5521927,9.455088
1424794735854,-1.407523,2.7370582,9.307046
1424794735863,-1.4362633,2.8660898,9.141041
1424794735873,-1.4482384,2.7708879,9.144184
1424794735883,-1.5735278,2.9472213,9.08416
1424794735893,-1.4374608,2.8005264,9.444759
1424794735903,-1.7923727,2.905458,9.506581
1424794735913,-1.6839981,2.7190957,9.962982
1424794735923,-1.9348764,2.6415567,9.825119
1424794735933,-1.9229013,2.893932,9.833651
1424794735943,-1.7094452,2.8560607,10.059831
1424794735953,-1.7060024,2.7812164,10.199341
1424794735963,-1.9101777,2.6165588,9.663904
1424794735973,-1.8592836,2.7379563,9.899364
1424794735983,-1.6161891,2.6940975,9.873618
1424794735993,-1.7254618,2.6791286,9.719738
1424794736003,-1.76483,2.8870463,9.327852
1424794736013,-1.9429595,2.6149123,9.483978
1424794736023,-1.9339783,2.9270132,9.418115
1424794736033,-1.7658778,2.7714868,9.462273
1424794736043,-1.4656023,2.6032364,9.524544
1424794736053,-1.5227834,2.7653494,9.527388
1424794736063,-1.3726456,2.7081683,9.443711
1424794736073,-1.2991484,2.8045678,9.1130495
1424794736083,-1.5388,2.826123,9.185947
1424794736093,-1.4831158,2.5412655,9.354796
1424794736104,-1.6009209,2.9472213,9.414223
1424794736113,-1.4581178,2.7488837,9.451345
1424794736123,-1.7353413,2.6752367,9.504635
1424794736133,-1.651366,2.5923092,9.608219
1424794736142,-1.8107845,2.7066715,9.641002
1424794736155,-1.6741186,2.7378068,9.535022
1424794736162,-1.8248552,2.805915,9.7321615
1424794736172,-1.5286212,2.7854078,9.50254
1424794736182,-1.6847465,2.6704469,9.668394
1424794736192,-1.6919316,2.7425966,9.523346
1424794736203,-1.6492703,2.7093658,9.587563
1424794736213,-1.5182927,2.6068292,9.577534
1424794736223,-1.5982264,2.7267296,9.585766
1424794736233,-1.6214283,2.6613157,9.7796135
1424794736248,-1.4697936,2.6023383,9.620943
1424794736257,-1.4067746,2.74589,9.443711
1424794736263,-1.3287867,2.6729915,9.426947
1424794736273,-1.3659096,2.5191114,9.492809
1424794736283,-1.5417938,2.6990373,9.6657
1424794736292,-1.7262104,2.703079,9.630672
1424794736302,-1.427282,2.8171418,9.5452
1424794736312,-1.4780264,2.7449918,9.429341
1424794736322,-1.7426761,2.6449997,9.379046
1424794736332,-1.7956659,2.7907965,9.548793
1424794736343,-1.6669335,2.8039691,9.442514
1424794736355,-1.6783099,2.8927345,9.263487
1424794736363,-1.715283,2.9527597,9.321865
1424794736373,-1.7127384,2.8330088,9.255703
1424794736383,-1.5965799,2.842589,9.3839855
1424794736393,-1.7480649,2.5764422,9.710157
1424794736403,-1.7422271,2.6716442,9.828412
1424794736413,-1.6622932,2.6759853,9.651031
1424794736423,-1.5512242,2.570754,9.75252
1424794736433,-1.6901354,2.6454487,9.576635
1424794736443,-1.5482304,2.7090664,9.667347
1424794736455,-1.679208,2.6906548,9.389974
1424794736463,-1.6594491,2.943479,9.484577
1424794736473,-1.4908997,2.8777657,9.542806
1424794736483,-1.5368541,2.6984386,9.384285
1424794736494,-1.6551082,2.7373576,9.37695
1424794736503,-1.6217276,2.6984386,9.460477
1424794736513,-1.4289285,2.7244844,9.597591
1424794736523,-1.585503,2.6441016,9.457633
1424794736533,-1.4573693,2.6403594,9.453442
1424794736543,-1.4750327,2.8916867,9.577833
1424794736553,-1.607058,2.6990373,9.360036
1424794736563,-1.8561401,2.653532,9.552086
1424794736573,-1.7901274,2.7783723,9.376053
1424794736583,-1.6366965,2.7475364,9.324859
1424794736593,-1.7199234,2.926714,9.731114
1424794736604,-1.8806891,2.6834698,9.812245
1424794736613,-1.7247134,2.7689419,9.706265
1424794736623,-1.5777191,2.7493327,9.647588
1424794736633,-1.6375946,2.5978477,9.462124
1424794736643,-1.6296611,2.7026298,9.754615
1424794736653,-1.597029,2.8472292,9.714349
1424794736663,-1.5696359,2.7378068,9.622141
1424794736673,-1.3641133,2.7134075,9.794283
1424794736683,-1.6384927,2.5445585,9.862391
1424794736693,-1.567241,2.616409,9.740844
1424794736705,-1.4844631,2.5831783,9.580378
1424794736713,-1.4398558,2.5149202,9.459129
1424794736723,-1.4720389,2.5978477,9.240584
1424794736733,-1.3359718,2.6553283,9.404643
1424794736744,-1.542692,2.8214827,9.395062
1424794736753,-1.5564634,2.6828709,9.323662
1424794736764,-1.5376025,2.6399102,9.501042
1424794736773,-1.6422349,2.7583141,9.676777
1424794736787,-1.6341518,2.6563761,9.669891
1424794736819,-1.6401393,2.737657,9.6654005
1424794736820,-1.7372873,2.6854157,9.686507
1424794736821,-1.7847387,2.635719,9.580078
1424794736823,-1.7546512,2.6077273,9.76644
1424794736833,-1.585503,2.6601183,9.708362
1424794736843,-1.6486716,2.6797276,9.531579
1424794736853,-1.5871495,2.5194108,9.463321
1424794736863,-1.5347584,2.7979815,9.627829
1424794736873,-1.4485377,2.7656488,9.465567
1424794736883,-1.6681311,2.499652,9.617201
1424794736894,-1.5278728,2.575544,9.499396
1424794736903,-1.5621514,2.6478438,9.653126
1424794736913,-1.5100598,2.567461,9.61286
1424794736923,-1.4516813,2.4971073,9.307944
1424794736933,-1.3458513,2.6485922,9.336834
1424794736943,-1.4462924,2.498604,9.486523
1424794736953,-1.3542339,2.8485763,9.568702
1424794736963,-1.5477813,2.5960515,9.57888
1424794736973,-1.6468753,2.924169,9.772877
1424794736984,-1.4429992,2.6038353,9.670041
1424794736993,-1.6443306,2.7330167,9.751322
1424794737004,-1.6772621,2.6143136,9.896969
1424794737014,-1.637894,2.6454487,9.813293
1424794737023,-1.730701,2.724185,9.689052
1424794737033,-1.8317409,2.5149202,9.780212
1424794737044,-1.6988173,2.728975,9.964928
1424794737054,-1.7097446,2.8291168,9.792786
1424794737064,-1.6802559,2.5262966,9.703122
1424794737074,-1.7583934,2.6670039,9.490564
1424794737089,-1.6351995,2.5617728,9.497899
1424794737095,-1.6208295,2.4559429,9.405841
1424794737103,-1.6202307,2.5134232,9.328451
1424794737113,-1.5557148,2.4535477,9.251811
1424794737123,-1.557062,2.6099725,9.573043
1424794737133,-1.443149,2.692451,9.441616
1424794737143,-1.5777191,2.8253746,9.719289
1424794737153,-1.6010705,2.6701474,9.749227
1424794737163,-1.7548009,2.75547,9.7377
1424794737174,-1.6974701,2.8195367,9.913435
1424794737184,-1.7462686,2.7536738,9.8656845
1424794737194,-1.5013778,2.653981,9.803264
1424794737204,-1.771566,2.4773483,9.793983
1424794737214,-1.8851798,2.9335995,9.707613
1424794737224,-1.5958314,2.6213489,9.71854
1424794737234,-1.6212785,2.6565256,9.78575
1424794737244,-1.5664924,2.78915,9.945767
1424794737254,-1.6477734,2.6405091,9.746831
1424794737264,-1.5569124,2.6616151,9.791289
1424794737274,-1.6709752,2.6797276,9.5934
1424794737285,-1.5301181,2.5860224,9.683213
1424794737294,-1.6955241,2.5816813,9.674532
1424794737304,-1.6236736,2.6825716,9.564361
1424794737314,-1.5235318,2.7023306,9.578731
1424794737324,-1.2954062,2.4903712,9.482631
1424794737334,-1.4245876,2.547253,9.392219
1424794737344,-1.4197975,2.6831703,9.47829
1424794737354,-1.5507752,2.5432115,9.561816
1424794737364,-1.7395326,2.6334736,9.585018
1424794737374,-1.653761,2.7644513,9.575438
1424794737384,-1.5465839,2.7297235,9.811497
1424794737394,-1.6962726,2.8183393,9.813743
1424794737404,-1.7527052,2.7623556,9.895622
1424794737414,-1.6413368,2.5426126,9.675729
1424794737424,-1.6125966,2.9496162,9.753717
1424794737434,-1.6844472,2.6436524,9.63696
1424794737445,-1.685495,2.6339228,9.848619
1424794737456,-1.6016693,2.715054,9.744436
1424794737464,-1.612896,2.6673033,9.696686
1424794737474,-1.3425581,2.5402176,9.984687
1424794737485,-1.5471826,2.4269032,9.798025
1424794737494,-1.5178436,2.628085,9.808803
1424794737504,-1.4069242,2.594405,9.7233305
1424794737514,-1.3501923,2.6637108,9.536519
1424794737524,-1.3175601,2.6325755,9.60328
1424794737534,-1.4256353,2.6764343,9.455687
1424794737544,-1.5917898,2.7599607,9.433982
1424794737555,-1.7155824,2.7123597,9.583371
1424794737564,-1.6504679,2.8240273,9.680669
1424794737574,-1.7914746,2.6851163,9.783955
1424794737584,-1.7419276,2.8099566,9.773775
1424794737594,-1.8021026,2.9210258,9.715247
1424794737604,-1.7640816,2.7928922,9.585617
1424794737614,-1.805246,2.7848089,9.743089
1424794737624,-1.6179854,2.646796,9.556876
1424794737634,-1.9276913,2.7220893,9.731114
1424794737644,-1.6365467,2.6954448,9.889484
1424794737654,-1.8467097,2.655478,9.67977
1424794737664,-1.7101936,2.7482848,9.906549
1424794737674,-1.7339941,2.793491,9.837393
1424794737684,-1.5889457,2.5783882,9.501042
1424794737694,-1.6940273,2.5942552,9.515562
1424794737706,-1.5828085,2.5756938,9.453891
1424794737714,-1.6076568,2.6372159,9.786499
1424794737724,-1.5185921,2.814148,9.627679
1424794737734,-1.443598,2.6330247,9.708511
1424794737744,-1.6485219,2.6441016,9.45853
1424794737754,-1.5612533,2.8187883,9.548045
1424794737765,-1.3939013,2.5729995,9.582173
1424794737774,-1.5367044,2.748734,9.435479
1424794737784,-1.4528787,2.6580226,9.512568
1424794737795,-1.5759228,2.8086095,9.677376
1424794737804,-1.5536193,2.7812164,9.657018
1424794737814,-1.477278,2.7583141,9.668993
1424794737824,-1.6265177,2.6455984,9.643696
1424794737834,-1.7774038,2.6747878,9.51152
1424794737844,-1.7522562,2.9126432,9.586964
1424794737854,-1.8154248,2.8397448,9.508826
1424794737864,-1.7839901,3.064278,9.475146
1424794737874,-2.089954,2.7800188,9.538015
1424794737884,-1.7967137,2.7110124,9.472153
1424794737894,-1.8003062,2.6777816,9.817485
1424794737904,-1.8586849,2.717,9.62259
1424794737914,-1.798959,2.7382557,9.667497
1424794737924,-1.7510587,2.5951533,9.839339
1424794737934,-1.7444724,2.4553442,9.746233
1424794737944,-1.4281801,2.612218,9.746233
1424794737954,-1.6242723,2.7075696,9.490265
1424794737964,-1.463357,2.5292902,9.689201
1424794737974,-1.5527211,2.6285338,9.377998
1424794737984,-1.5504757,2.777175,9.413176
1424794737994,-1.4901512,2.9044104,9.352402
1424794738004,-1.7173787,2.9361444,9.46362
1424794738014,-1.493594,2.8042686,9.675131
1424794738024,-1.7262104,2.9142897,9.351503
1424794738034,-1.760489,2.9000692,9.394764
1424794738044,-1.7621356,2.8198361,9.454788
1424794738055,-1.6718733,2.6656568,9.75207
1424794738064,-1.773063,2.688559,9.877659
1424794738074,-1.5048207,2.7628047,9.799521
1424794738084,-1.6836988,2.7532246,10.008786
1424794738094,-1.4919475,2.8259733,9.874516
1424794738104,-1.6422349,2.9044104,9.702673
1424794738114,-1.6771125,2.658771,9.778565
1424794738124,-1.9044896,2.6604176,9.782008
1424794738134,-1.7321979,2.7012827,9.547895
1424794738144,-1.6576529,2.866539,9.4253
1424794738154,-1.6477734,2.9774582,9.426048
1424794738164,-1.8236576,2.6964927,9.144484
1424794738174,-1.7220191,2.7566674,9.322913
1424794738184,-1.6742684,2.982997,9.470805
1424794738194,-1.598975,2.9096494,9.451795
1424794738206,-1.6621436,2.766547,9.32411
1424794738214,-1.6049625,3.0135334,9.688004
1424794738224,-1.7634828,2.7476861,9.590856
1424794738235,-1.5193405,2.7204428,9.687405
1424794738245,-1.520987,2.7319689,9.782308
1424794738255,-1.7595909,2.7087672,9.685459
1424794738264,-1.7298028,2.7873538,9.812245
1424794738275,-1.7176781,2.8812084,9.717043
1424794738285,-1.8311421,2.7845097,9.622291
1424794738294,-1.8297949,2.7134075,9.600735
1424794738305,-1.7997075,3.0606852,9.711505
1424794738314,-1.9402652,2.8099566,9.368419
1424794738324,-1.7597406,2.791994,9.539662
1424794738334,-1.7019608,2.7740314,9.491612
1424794738344,-1.7530046,2.7795699,9.616153
1424794738354,-1.6822019,2.7068212,9.325158
1424794738364,-1.5693365,2.8753707,9.408535
1424794738374,-1.4501843,2.7949877,9.474847
1424794738384,-1.599424,2.7418482,9.520802
1424794738394,-1.5247293,2.905009,9.49715
1424794738404,-1.5190412,2.7834618,9.6830635
1424794738414,-1.6284636,2.760709,9.655072
1424794738424,-1.592688,2.7725344,9.668993
1424794738434,-1.6447797,3.0225146,9.643696
1424794738444,-1.8104851,2.9114456,9.3823395
1424794738455,-1.5838563,2.869832,9.486523
1424794738464,-1.6572038,2.7345135,9.607322
1424794738474,-1.5402969,2.9755125,9.518257
1424794738490,-1.6208295,2.7846594,9.572294
1424794738494,-1.6890875,2.8509715,9.843531
1424794738504,-1.95239,2.8412416,9.593699
1424794738514,-1.9450552,2.8794122,9.603729
1424794738525,-1.8200651,2.8017237,9.604178
1424794738534,-1.7477655,2.5896149,9.505234
1424794738544,-1.7744101,2.9303064,9.5696
1424794738557,-1.8702109,2.9008176,9.626183
1424794738564,-1.6597486,2.7360106,9.5214
1424794738574,-1.7381854,2.6252408,9.402547
1424794738585,-1.6170872,2.749183,9.442215
1424794738594,-1.4221926,2.632276,9.50224
1424794738604,-1.6563057,2.6140141,9.4877205
1424794738614,-1.6455281,2.6560767,9.405392
1424794738625,-1.7031583,2.8580067,9.24238
1424794738634,-1.5530205,2.8178902,9.247769
1424794738644,-1.782643,2.8955786,9.508227
1424794738654,-1.5202386,3.041076,9.432036
1424794738664,-1.6780106,3.0285022,9.432784
1424794738675,-1.8764977,2.9246182,9.398506
1424794738684,-1.8212627,2.805915,9.566756
1424794738694,-1.8788928,2.9551547,9.619596
1424794738706,-1.8535954,2.9449759,9.604926
1424794738714,-1.7835411,2.8153455,9.673035
1424794738725,-1.8899698,2.7643015,9.719289
1424794738734,-1.783092,2.8394454,9.512718
1424794738745,-1.8233583,2.780468,9.660162
1424794738754,-1.4983841,2.7410998,9.589508
1424794738765,-1.593137,2.7178981,9.670191
1424794738777,-1.6146922,2.6803262,9.781409
1424794738785,-1.4458433,2.8762689,9.446706
1424794738795,-1.5305672,2.9562025,9.506581
1424794738806,-1.5515236,2.8783643,9.345965
1424794738815,-1.5739769,2.8853998,9.469757
1424794738825,-1.8158739,3.0148804,9.2818985
1424794738835,-1.6592995,3.0594878,9.438922
1424794738844,-1.6500188,2.977608,9.493408
1424794738855,-1.6194823,2.9524603,9.562565
1424794738865,-1.7019608,2.992128,9.542057
1424794738875,-1.8519489,2.7961853,9.487421
1424794738884,-1.9598744,2.9310548,9.64175
1424794738895,-1.8314415,2.5740473,9.969269
1424794738905,-1.7310004,2.746788,9.646839
1424794738915,-1.8101857,2.7848089,9.812545
1424794738925,-1.8761984,2.610272,9.74713
1424794738935,-1.8276993,2.7592123,9.299112
1424794738945,-1.9480491,2.6478438,9.482631
1424794738955,-1.8351837,2.7437942,9.577085
1424794738965,-1.7095948,2.7695408,9.41587
1424794738975,-1.7296531,2.740651,9.829759
1424794738985,-1.5649955,2.9092002,9.5737915
1424794738995,-1.6027172,2.6524842,9.495355
1424794739005,-1.6215779,2.7547216,9.425
1424794739015,-1.6826509,2.9356952,9.393716
1424794739025,-1.7262104,2.716102,9.54071
1424794739035,-1.715283,2.8264225,9.476494
1424794739045,-1.637445,2.7798693,9.615555
1424794739056,-1.7027092,2.7068212,9.501492
1424794739065,-1.4627582,2.888244,9.416618
1424794739075,-1.5807129,2.647245,9.3289
1424794739085,-1.8140776,2.4878266,9.46886
1424794739095,-1.6269667,2.5234525,9.507628
1424794739105,-1.7601897,2.6369164,9.5696
1424794739115,-1.8523979,2.7259812,9.342373
1424794739125,-1.7727635,2.8827055,9.432934
1424794739135,-1.7627344,2.8490255,9.447903
1424794739145,-1.7321979,2.8433373,9.351953
1424794739155,-1.7802479,2.8322604,9.485025
1424794739165,-1.6769627,2.743495,9.392219
1424794739175,-1.8980529,2.6514363,9.628727
1424794739185,-1.8179696,2.816992,9.484876
1424794739195,-1.8378781,2.79873,9.613758
1424794739206,-1.6281642,2.7205925,9.750873
1424794739215,-1.8785934,2.667453,9.8044615
1424794739225,-1.6471747,2.7424471,9.7531185
1424794739235,-1.6643889,2.5653653,9.641151
1424794739245,-1.574875,2.7613077,9.44461
1424794739255,-1.6461269,2.6671536,9.343121
1424794739265,-1.5139518,2.665058,9.1621475
1424794739275,-1.5615528,2.785258,9.321416
1424794739285,-1.5572118,2.9606931,9.208401
1424794739295,-1.6000228,2.8461814,9.426797
1424794739306,-1.4837146,2.810855,9.423953
1424794739315,-1.5838563,2.8092082,9.359437
1424794739325,-1.6485219,2.7791207,9.380094
1424794739335,-1.612896,2.8572583,9.286388
1424794739345,-1.7961149,2.8608508,9.342373
1424794739355,-1.8175205,2.8373497,9.531878
1424794739365,-1.984124,2.7437942,9.396709
1424794739375,-1.8348843,2.8147466,9.710756
1424794739385,-1.8193167,2.8825557,9.621991
1424794739395,-1.814377,2.8856993,9.852212
1424794739406,-1.8227595,2.6321266,9.665101
1424794739415,-1.8875748,2.9235704,9.596245
1424794739425,-1.8453625,2.9648845,9.577983
1424794739435,-1.6649877,2.7195446,9.656719
1424794739445,-1.6845969,2.8178902,9.393716
1424794739455,-1.5823594,2.542912,9.431138
1424794739465,-1.6786094,2.6399102,9.462872
1424794739475,-1.5283219,2.717449,9.464369
1424794739485,-1.7256116,2.8307633,9.470955
1424794739495,-1.5347584,2.883304,9.342223
1424794739505,-1.5688875,2.7373576,9.3663225
1424794739515,-1.6371455,2.8080108,9.513617
1424794739525,-1.7070502,2.738106,9.4860735
1424794739535,-1.5402969,2.8918364,9.562116
1424794739545,-1.7863852,2.75068,9.507628
1424794739557,-1.9137703,2.8623476,9.606274
1424794739565,-1.8015038,3.0373337,9.481732
1424794739575,-1.7574953,2.7681935,9.521101
1424794739585,-1.5254778,2.7493327,9.488618
1424794739595,-1.8244061,2.7225385,9.514963
1424794739605,-1.8446141,2.7277775,9.613009
1424794739615,-1.9035915,2.6312284,9.677675
1424794739625,-1.631158,2.869832,9.431288
1424794739635,-1.5905924,2.590513,9.449999
1424794739645,-1.5414945,2.6056316,9.349857
1424794739657,-1.5521224,2.690056,9.27636
1424794739665,-1.9525397,2.6961932,9.380543
1424794739675,-1.6979191,2.6168582,9.374556
1424794739685,-1.6925304,2.7637029,9.53128
1424794739695,-1.6816031,2.7297235,9.648037
1424794739705,-1.7842896,2.700235,9.709409
1424794739715,-1.6341518,2.8493247,9.634864
1424794739725,-1.687441,2.602488,9.758207
1424794739735,-1.6125966,2.9996123,9.824221
1424794739745,-1.4585669,2.6351202,9.560618
1424794739755,-1.6664845,2.627037,9.501192
1424794739766,-1.6503181,2.927612,9.52634
1424794739777,-1.7205222,2.7996283,9.510324
1424794739786,-1.932182,3.002157,9.619297
1424794739795,-1.7055533,3.1835797,9.68022
1424794739807,-1.7359401,2.805017,9.736652
1424794739815,-1.7717156,2.798281,9.715696
1424794739825,-1.7733623,2.9139903,9.484726
1424794739835,-1.7218693,2.7086174,9.602981
1424794739845,-1.6613951,2.7809172,9.191337
1424794739856,-1.8844314,2.7304718,9.406589
1424794739865,-1.570085,2.6979895,9.571396
1424794739875,-1.5941849,2.556833,9.402697
1424794739885,-1.6383431,2.6599686,9.397159
1424794739895,-1.5587087,2.9118948,9.465567
1424794739907,-1.5464342,2.766547,9.225915
1424794739915,-1.7866845,2.9190798,9.313632
1424794739925,-1.8193167,2.949766,9.489666
1424794739935,-2.0056791,3.2177088,9.392518
1424794739945,-1.9002984,2.9333003,9.392219
1424794739955,-1.8717078,3.016976,9.47829
1424794739965,-1.8338366,2.9392877,9.591904
1424794739976,-1.8923649,3.0172756,9.416618
1424794739985,-1.9251466,3.0231135,9.378448
1424794739995,-1.8857785,2.9008176,9.3679695
1424794740012,-1.8646724,2.9359946,9.472901
1424794740018,-1.8229092,3.0343401,9.675579
1424794740025,-1.7284557,3.1355295,9.7321615
1424794740036,-1.8338366,3.0177245,9.595047
1424794740045,-1.6687299,2.833907,9.440418
1424794740055,-1.9685564,2.8662395,9.2569
1424794740065,-1.8276993,2.9859905,9.315129
1424794740074,-1.8684146,2.9892838,9.227561
1424794740085,-1.6875906,3.0431716,9.283694
1424794740095,-1.902843,3.0285022,9.075627
1424794740105,-1.9450552,3.0171258,9.34327
1424794740115,-2.06301,3.0187724,9.585766
1424794740125,-1.9287392,3.106939,9.489367
1424794740135,-2.1612058,3.2271392,9.325757
1424794740145,-1.8708097,3.067122,9.324709
1424794740157,-2.051035,3.1522949,9.204359
1424794740166,-1.9196081,3.1539414,9.299711
1424794740176,-2.1091142,3.0937665,9.420361
1424794740185,-1.87066,3.0674212,9.273216
1424794740195,-1.9240988,2.9759614,9.38683
1424794740206,-1.875001,3.17385,9.387728
1424794740215,-1.8556911,3.041076,9.531878
1424794740226,-1.8160236,2.9596453,9.568552
1424794740235,-2.0678,3.1106813,9.456285
1424794740245,-1.9655626,3.1519954,9.494157
1424794740255,-1.7974621,2.9539573,9.556128
1424794740266,-1.8627264,2.9662316,9.361233
1424794740276,-1.979783,2.926115,9.586514
1424794740286,-1.9356248,2.818938,9.34327
1424794740295,-1.8497036,2.897824,9.480236
1424794740307,-1.9489472,3.1014006,9.398506
1424794740316,-1.8309925,3.0289512,9.282946
1424794740326,-1.8320403,2.9741652,9.316326
1424794740336,-1.8621277,3.1350806,9.195229
1424794740345,-1.7066011,3.1424153,9.234746
1424794740355,-1.7253122,3.013683,9.344169
1424794740365,-1.8529967,3.123854,9.211694
1424794740376,-2.0565734,3.098856,9.222771
1424794740385,-2.0251386,3.0633798,9.337133
1424794740395,-1.9678079,2.9928763,9.271569
1424794740413,-2.0447478,2.7767258,9.386681
1424794740416,-1.9946022,3.0549972,9.407187
1424794740426,-1.9815793,3.0463152,9.532777
1424794740435,-2.1743784,3.0329928,9.424552
1424794740445,-2.1639001,3.0581405,9.395961
1424794740455,-2.1290226,3.1774426,9.540859
1424794740465,-2.1618044,2.9960198,9.644295
1424794740475,-2.307302,2.9984148,9.513617
1424794740485,-2.1140537,2.9469218,9.522597
1424794740495,-2.113904,2.9638367,9.714349
1424794740506,-1.991309,2.8421397,9.501791
1424794740516,-2.035168,2.8966265,9.416618
1424794740526,-1.9317329,2.9657826,9.475146
1424794740536,-1.9161654,2.945425,9.462722
1424794740546,-1.9993923,2.8047175,9.191337
1424794740558,-1.895658,2.981051,9.256152
1424794740566,-2.1016297,2.963238,9.259146
1424794740576,-2.119742,2.9344976,9.121731
1424794740586,-1.9808308,2.8042686,9.175619
1424794740596,-2.0411553,2.821782,9.191037
1424794740606,-2.1104612,2.6979895,9.411079
1424794740616,-2.19758,2.7653494,9.532927
1424794740626,-2.2703288,3.0759535,9.446107
1424794740636,-2.0544777,3.05365,9.6163025
1424794740646,-2.1477337,3.0870304,9.630524
1424794740657,-2.339036,2.9403355,9.635463
1424794740666,-2.3134391,3.0195208,9.607771
1424794740676,-2.288591,2.8662395,9.273216
1424794740686,-2.1477337,2.9301567,9.419013
1424794740696,-2.233655,2.8921359,9.28609
1424794740706,-2.1064196,2.8087592,9.383088
1424794740716,-2.0748353,2.9596453,9.394015
1424794740726,-2.2926323,2.9945228,9.431138
1424794740736,-1.9694545,2.8005264,9.27591
1424794740746,-1.8986517,2.7892997,9.397758
1424794740757,-1.8244061,2.82762,9.274264
1424794740766,-1.7651294,2.588567,9.229957
1424794740777,-1.7946181,2.9452753,9.541758
1424794740786,-1.9399658,2.8842022,9.418564
1424794740796,-1.9618204,2.8985724,9.32905
1424794740806,-1.9649638,2.87567,9.256002
1424794740816,-2.214495,2.8144474,9.254954
1424794740826,-2.0754342,2.753524,9.121582
1424794740836,-1.9853215,2.9120443,9.328301
1424794740845,-2.1444407,3.0289512,9.385034
1424794740856,-2.1174967,2.8214827,9.370514
1424794740866,-2.2171893,3.029101,9.412876
1424794740876,-2.0820205,2.875221,9.388926
1424794740892,-2.3123913,2.9520113,9.531878
1424794740896,-2.2305117,2.667453,9.553583
1424794740907,-2.1686902,2.7747798,9.444909
1424794740916,-2.430346,2.9538076,9.82467
1424794740926,-1.9715501,2.744842,9.614357
1424794740936,-2.0707939,2.7481353,9.821825
1424794740946,-2.2043161,2.7783723,9.472452
1424794740956,-2.0577707,2.9346473,9.368119
1424794740966,-2.0854633,2.9009674,9.1869955
1424794740976,-2.1727319,2.7984307,9.094788
1424794740986,-2.0865111,2.8517199,9.245224
1424794740996,-1.9598744,2.8304641,9.202713
1424794741006,-1.9863694,2.7608588,9.241781
1424794741016,-2.3294559,2.9596453,8.811276
1424794741026,-2.0872595,2.893483,9.505234
1424794741036,-2.2932312,3.1720536,9.578133
1424794741045,-2.5306375,3.169958,9.708212
1424794741056,-2.3932233,3.1590307,9.824071
1424794741065,-2.3761587,3.2726445,9.779913
1424794741075,-2.3194268,2.9853919,9.717642
1424794741086,-2.518962,3.2946486,9.562116
1424794741095,-2.4292982,3.0831385,9.462422
