1581013680799,991.0262
1581013680840,991.0262
1581013680876,991.0262
1581013680914,991.0262
1581013680953,991.0101
1581013680991,991.0101
1581013681030,991.0101
1581013681068,991.0101
1581013681107,991.0101
1581013681146,991.0047
1581013681183,991.0047
1581013681222,991.0047
1581013681261,991.0047
1581013681299,990.9976
1581013681339,990.9976
1581013681376,990.9976
1581013681416,990.9976
1581013681454,991.001
1581013681492,991.001
1581013681530,991.001
1581013681568,991.001
1581013681610,990.98944
1581013681648,990.98944
1581013681685,990.98944
1581013681723,990.98944
1581013681763,990.98944
1581013681801,990.8981
1581013681841,990.8981
1581013681876,990.8981
1581013681914,990.8981
1581013681953,991.00635
1581013681991,991.00635
1581013682030,991.00635
1581013682069,991.00635
1581013682107,991.0658
1581013682145,991.0658
1581013682183,991.0658
1581013682222,991.0658
1581013682260,991.04846
1581013682299,991.04846
1581013682337,991.04846
1581013682376,991.04846
1581013682414,991.04846
1581013682452,991.0456
1581013682491,991.0456
1581013682530,991.0456
1581013682569,991.0456
1581013682608,991.0431
1581013682648,991.0431
1581013682683,991.0431
1581013682725,991.0431
1581013682760,991.0423
1581013682798,991.0423
1581013682837,991.0423
1581013682876,991.0423
1581013682916,991.0844
1581013682954,991.0844
1581013682991,991.0844
1581013683029,991.0844
1581013683106,991.6111
1581013683145,991.6111
1581013683183,991.6111
1581013683224,991.6111
1581013683261,991.5557
1581013683301,991.5557
1581013683338,991.5557
1581013683378,991.5557
1581013683415,991.4632
1581013683457,991.4632
1581013683494,991.4632
1581013683531,991.4632
1581013683570,991.4632
1581013683608,991.34094
1581013683646,991.34094
1581013683685,991.34094
1581013683722,991.34094
1581013683761,991.43555
1581013683799,991.43555
1581013683838,991.43555
1581013683876,991.43555
1581013683914,991.5206
1581013683953,991.5206
1581013683992,991.5206
1581013684031,991.5206
1581013684068,991.53796
1581013684107,991.53796
1581013684145,991.53796
1581013684185,991.53796
1581013684222,991.53796
1581013684260,991.53467
1581013684299,991.53467
1581013684338,991.53467
1581013684377,991.53467
1581013684415,991.17163
1581013684453,991.17163
1581013684492,991.17163
1581013684529,991.17163
1581013684570,991.0807
1581013684607,991.0807
1581013684645,991.0807
1581013684684,991.0807
1581013684748,991.0493
1581013684773,991.0493
1581013684798,991.0493
1581013684837,991.0493
1581013684876,991.09064
1581013684914,991.09064
1581013684952,991.09064
1581013684992,991.09064
1581013685029,991.09064
1581013685068,991.1063
1581013685108,991.1063
1581013685145,991.1063
1581013685184,991.1063
1581013685222,991.2393
1581013685261,991.2393
1581013685299,991.2393
1581013685337,991.2393
1581013685376,991.31116
1581013685415,991.31116
1581013685453,991.31116
1581013685491,991.31116
1581013685529,991.0923
1581013685568,991.0923
1581013685607,991.0923
1581013685645,991.0923
1581013685683,991.0923
1581013685722,990.92
1581013685760,990.92
1581013685798,990.92
1581013685837,990.92
1581013685877,990.9249
1581013685914,990.9249
1581013685953,990.9249
1581013685991,990.9249
1581013686029,991.0613
1581013686068,991.0613
1581013686106,991.0613
1581013686145,991.0613
1581013686186,991.129
1581013686221,991.129
1581013686261,991.129
1581013686299,991.129
1581013686337,991.129
1581013686376,990.9886
1581013686415,990.9886
1581013686452,990.9886
1581013686490,990.9886
1581013686529,991.05225
1581013686568,991.05225
1581013686606,991.05225
1581013686645,991.05225
1581013686684,990.97906
1581013686733,990.97906
1581013686781,990.97906
1581013686798,990.97906
1581013686837,990.9691
1581013686879,990.9691
1581013686914,990.9691
1581013686953,990.9691
1581013686991,990.9691
1581013687029,990.9898
1581013687068,990.9898
1581013687107,990.9898
1581013687148,990.9898
1581013687183,990.9254
1581013687222,990.9254
1581013687262,990.9254
1581013687299,990.9254
1581013687338,990.9018
1581013687377,990.9018
1581013687416,990.9018
1581013687454,990.9018
1581013687492,990.9332
1581013687530,990.9332
1581013687569,990.9332
1581013687607,990.9332
1581013687646,990.9332
1581013687684,990.95886
1581013687723,990.95886
1581013687760,990.95886
1581013687800,990.95886
1581013687837,990.95557
1581013687877,990.95557
1581013687916,990.95557
1581013687953,990.95557
1581013687991,991.1051
1581013688031,991.1051
1581013688069,991.1051
1581013688105,991.1051
1581013688144,991.2323
1581013688184,991.2323
1581013688222,991.2323
1581013688259,991.2323
1581013688299,991.2467
1581013688338,991.2467
1581013688375,991.2467
1581013688414,991.2467
1581013688454,991.2467
1581013688492,991.3806
1581013688530,991.3806
1581013688568,991.3806
1581013688608,991.3806
1581013688646,991.1072
1581013688683,991.1072
1581013688747,991.1072
1581013688762,991.1072
1581013688798,990.98157
1581013688837,990.98157
1581013688877,990.98157
1581013688914,990.98157
1581013688954,990.9832
1581013688991,990.9832
1581013689030,990.9832
1581013689068,990.9832
1581013689106,990.9832
1581013689146,991.00964
1581013689184,991.00964
1581013689223,991.00964
1581013689262,991.00964
1581013689301,991.0439
1581013689338,991.0439
1581013689376,991.0439
1581013689414,991.0439
1581013689454,991.1207
1581013689493,991.1207
1581013689532,991.1207
1581013689570,991.1207
1581013689607,991.2629
1581013689646,991.2629
1581013689685,991.2629
1581013689724,991.2629
1581013689762,991.2629
1581013689803,991.23975
1581013689840,991.23975
1581013689878,991.23975
1581013689917,991.23975
1581013689952,991.4009
1581013689992,991.4009
1581013690030,991.4009
1581013690068,991.4009
1581013690108,991.11993
1581013690147,991.11993
1581013690186,991.11993
1581013690223,991.11993
1581013690260,990.9663
1581013690298,990.9663
1581013690337,990.9663
1581013690377,990.9663
1581013690415,990.9663
1581013690453,990.94763
1581013690492,990.94763
1581013690532,990.94763
1581013690569,990.94763
1581013690607,990.9105
1581013690647,990.9105
1581013690687,990.9105
1581013690722,990.9105
1581013690759,990.95013
1581013690802,990.95013
1581013690836,990.95013
1581013690876,990.95013
1581013690914,990.99396
1581013690952,990.99396
1581013690991,990.99396
1581013691031,990.99396
1581013691069,991.21326
1581013691109,991.21326
1581013691146,991.21326
1581013691185,991.21326
1581013691221,991.21326
1581013691259,991.2529
1581013691299,991.2529
1581013691340,991.2529
1581013691377,991.2529
1581013691415,991.2513
1581013691454,991.2513
1581013691491,991.2513
1581013691530,991.2513
1581013691568,991.248
1581013691607,991.248
1581013691646,991.248
1581013691685,991.248
1581013691722,991.0117
1581013691761,991.0117
1581013691801,991.0117
1581013691838,991.0117
1581013691876,991.0117
1581013691914,990.94604
1581013691952,990.94604
1581013691992,990.94604
1581013692031,990.94604
1581013692068,990.93567
1581013692106,990.93567
1581013692145,990.93567
1581013692184,990.93567
1581013692220,990.9406
1581013692261,990.9406
1581013692299,990.9406
1581013692339,990.9406
1581013692375,990.9737
1581013692413,990.9737
1581013692451,990.9737
1581013692491,990.9737
1581013692529,990.9737
1581013692567,991.039
1581013692608,991.039
1581013692645,991.039
1581013692684,991.039
1581013692720,991.22736
1581013692760,991.22736
1581013692802,991.22736
1581013692835,991.22736
1581013692873,991.2616
1581013692915,991.2616
1581013692951,991.2616
1581013692992,991.2616
1581013693032,991.25
1581013693072,991.25
1581013693104,991.25
1581013693142,991.25
1581013693183,991.25
1581013693221,991.24176
1581013693259,991.24176
1581013693299,991.24176
1581013693336,991.24176
1581013693374,990.98444
1581013693415,990.98444
1581013693452,990.98444
1581013693491,990.98444
1581013693533,990.9134
1581013693568,990.9134
1581013693605,990.9134
1581013693644,990.9134
1581013693684,990.92334
1581013693721,990.92334
1581013693760,990.92334
1581013693798,990.92334
1581013693836,990.92334
1581013693874,990.94977
1581013693912,990.94977
1581013693952,990.94977
1581013693990,990.94977
1581013694027,990.98114
1581013694068,990.98114
1581013694106,990.98114
1581013694145,990.98114
1581013694183,991.1993
1581013694223,991.1993
1581013694260,991.1993
1581013694299,991.1993
1581013694337,991.32935
1581013694375,991.32935
1581013694413,991.32935
1581013694453,991.32935
1581013694491,991.3541
1581013694529,991.3541
1581013694567,991.3541
1581013694605,991.3541
1581013694645,991.3541
1581013694682,991.41034
1581013694721,991.41034
1581013694760,991.41034
1581013694799,991.41034
1581013694837,991.07153
1581013694874,991.07153
1581013694913,991.07153
1581013694951,991.07153
1581013694989,990.93274
1581013695027,990.93274
1581013695066,990.93274
1581013695107,990.93274
1581013695143,990.8981
1581013695181,990.8981
1581013695220,990.8981
1581013695260,990.8981
1581013695297,990.8981
1581013695336,990.9592
1581013695374,990.9592
1581013695415,990.9592
1581013695453,990.9592
1581013695490,990.99225
1581013695528,990.99225
1581013695567,990.99225
1581013695607,990.99225
1581013695644,991.2026
1581013695684,991.2026
1581013695721,991.2026
1581013695758,991.2026
1581013695797,991.31165
1581013695836,991.31165
1581013695875,991.31165
1581013695912,991.31165
1581013695951,991.31165
1581013695990,991.28186
1581013696029,991.28186
1581013696066,991.28186
1581013696106,991.28186
1581013696142,991.3364
1581013696182,991.3364
1581013696220,991.3364
1581013696259,991.3364
1581013696297,991.09186
1581013696335,991.09186
1581013696375,991.09186
1581013696413,991.09186
1581013696451,991.00757
1581013696490,991.00757
1581013696527,991.00757
1581013696567,991.00757
1581013696609,991.00757
1581013696644,990.9307
1581013696682,990.9307
1581013696719,990.9307
1581013696759,990.9307
1581013696796,990.9547
1581013696835,990.9547
1581013696875,990.9547
1581013696914,990.9547
1581013696951,990.98444
1581013696989,990.98444
1581013697028,990.98444
1581013697067,990.98444
1581013697105,991.0315
1581013697144,991.0315
1581013697181,991.0315
1581013697221,991.0315
1581013697258,991.0315
1581013697297,991.18274
1581013697335,991.18274
1581013697376,991.18274
1581013697412,991.18274
1581013697451,991.248
1581013697490,991.248
1581013697528,991.248
1581013697567,991.248
1581013697605,991.32153
1581013697643,991.32153
1581013697681,991.32153
1581013697720,991.32153
1581013697760,991.37195
1581013697797,991.37195
1581013697834,991.37195
1581013697874,991.37195
1581013697913,991.2199
1581013697955,991.2199
1581013697989,991.2199
1581013698031,991.2199
1581013698068,991.2199
1581013698104,991.0419
1581013698142,991.0419
1581013698181,991.0419
1581013698221,991.0419
1581013698258,990.9824
1581013698296,990.9824
1581013698334,990.9824
1581013698376,990.9824
1581013698414,990.96423
1581013698450,990.96423
1581013698489,990.96423
1581013698528,990.96423
1581013698568,990.9725
1581013698604,990.9725
1581013698643,990.9725
1581013698682,990.9725
1581013698722,990.9725
1581013698759,990.9741
1581013698796,990.9741
1581013698836,990.9741
1581013698873,990.9741
1581013698912,991.04846
1581013698950,991.04846
1581013698989,991.04846
1581013699027,991.04846
1581013699066,991.24097
1581013699104,991.24097
1581013699143,991.24097
1581013699183,991.24097
1581013699220,991.26904
1581013699258,991.26904
1581013699298,991.26904
1581013699335,991.26904
1581013699373,991.26904
1581013699413,991.3005
1581013699452,991.3005
1581013699489,991.3005
1581013699529,991.3005
1581013699566,991.2219
1581013699606,991.2219
1581013699645,991.2219
1581013699682,991.2219
1581013699721,991.20374
1581013699759,991.20374
1581013699796,991.20374
1581013699835,991.20374
1581013699875,991.1183
1581013699912,991.1183
1581013699950,991.1183
1581013699989,991.1183
1581013700026,991.1183
1581013700066,990.91833
1581013700104,990.91833
1581013700143,990.91833
1581013700182,990.91833
1581013700219,990.89526
1581013700258,990.89526
1581013700297,990.89526
1581013700336,990.89526
1581013700373,990.9398
1581013700411,990.9398
1581013700451,990.9398
1581013700489,990.9398
1581013700526,990.9968
1581013700566,990.9968
1581013700603,990.9968
1581013700643,990.9968
1581013700680,990.9968
1581013700720,991.0101
1581013700758,991.0101
1581013700795,991.0101
1581013700835,991.0101
1581013700873,991.2422
1581013700911,991.2422
1581013700951,991.2422
1581013700989,991.2422
1581013701026,991.2504
1581013701064,991.2504
1581013701105,991.2504
1581013701142,991.2504
1581013701180,991.37604
1581013701219,991.37604
1581013701258,991.37604
1581013701296,991.37604
1581013701333,991.2071
1581013701373,991.2071
1581013701412,991.2071
1581013701449,991.2071
1581013701488,991.2071
1581013701527,991.04016
1581013701565,991.04016
1581013701604,991.04016
1581013701642,991.04016
1581013701681,991.00055
1581013701719,991.00055
1581013701758,991.00055
1581013701796,991.00055
1581013701835,990.9989
1581013701873,990.9989
1581013701912,990.9989
1581013701950,990.9989
1581013701988,990.9923
1581013702027,990.9923
1581013702066,990.9923
1581013702104,990.9923
1581013702145,990.9923
1581013702181,991.2038
1581013702219,991.2038
1581013702257,991.2038
1581013702295,991.2038
1581013702334,991.32275
1581013702374,991.32275
1581013702413,991.32275
1581013702450,991.32275
1581013702489,991.5177
1581013702526,991.5177
1581013702567,991.5177
1581013702605,991.5177
1581013702643,991.71484
1581013702680,991.71484
1581013702720,991.71484
1581013702758,991.71484
1581013702795,991.71484
1581013702833,991.11743
1581013702873,991.11743
1581013702911,991.11743
1581013702949,991.11743
1581013702989,990.8068
1581013703027,990.8068
1581013703065,990.8068
1581013703108,990.8068
1581013703140,990.8035
1581013703180,990.8035
1581013703219,990.8035
1581013703256,990.8035
1581013703295,990.8704
1581013703334,990.8704
1581013703373,990.8704
1581013703411,990.8704
1581013703449,990.8704
1581013703488,990.99927
1581013703527,990.99927
1581013703566,990.99927
1581013703603,990.99927
1581013703641,991.1827
1581013703680,991.1827
1581013703718,991.1827
1581013703758,991.1827
1581013703796,991.30664
1581013703833,991.30664
1581013703872,991.30664
1581013703911,991.30664
1581013703950,991.3149
1581013703989,991.3149
1581013704028,991.3149
1581013704065,991.3149
1581013704103,990.9634
1581013704143,990.9634
1581013704180,990.9634
1581013704219,990.9634
1581013704257,990.9634
1581013704295,990.7907
1581013704334,990.7907
1581013704373,990.7907
1581013704411,990.7907
1581013704452,990.81714
1581013704488,990.81714
1581013704526,990.81714
1581013704567,990.81714
1581013704604,990.87
1581013704644,990.87
1581013704681,990.87
1581013704719,990.87
1581013704761,990.8887
1581013704795,990.8887
1581013704834,990.8887
1581013704873,990.8887
1581013704911,990.8887
1581013704951,991.0935
1581013704988,991.0935
1581013705027,991.0935
1581013705065,991.0935
1581013705102,991.24634
1581013705141,991.24634
1581013705182,991.24634
1581013705218,991.24634
1581013705258,991.22156
1581013705296,991.22156
1581013705334,991.22156
1581013705371,991.22156
1581013705410,991.4033
1581013705449,991.4033
1581013705488,991.4033
1581013705525,991.4033
1581013705564,991.4033
1581013705604,991.1216
1581013705641,991.1216
1581013705680,991.1216
1581013705717,991.1216
1581013705757,990.9766
1581013705794,990.9766
1581013705834,990.9766
1581013705872,990.9766
1581013705911,990.9328
1581013705950,990.9328
1581013705987,990.9328
1581013706026,990.9328
1581013706064,990.92334
1581013706105,990.92334
1581013706140,990.92334
1581013706182,990.92334
1581013706220,990.92334
1581013706257,990.9448
1581013706296,990.9448
1581013706335,990.9448
1581013706372,990.9448
1581013706410,991.0935
1581013706448,991.0935
1581013706487,991.0935
1581013706525,991.0935
1581013706565,991.2051
1581013706603,991.2051
1581013706641,991.2051
1581013706679,991.2051
1581013706718,991.2042
1581013706756,991.2042
1581013706794,991.2042
1581013706834,991.2042
1581013706873,991.2042
1581013706910,991.29346
1581013706948,991.29346
1581013706988,991.29346
1581013707026,991.29346
1581013707064,991.046
1581013707102,991.046
1581013707141,991.046
1581013707180,991.046
1581013707218,990.9568
1581013707256,990.9568
1581013707297,990.9568
1581013707334,990.9568
1581013707373,990.92456
1581013707410,990.92456
1581013707449,990.92456
1581013707487,990.92456
1581013707525,990.9295
1581013707564,990.9295
1581013707603,990.9295
1581013707640,990.9295
1581013707678,990.9295
1581013707717,990.97986
1581013707756,990.97986
1581013707794,990.97986
1581013707833,990.97986
1581013707872,991.05426
1581013707909,991.05426
1581013707948,991.05426
1581013707987,991.05426
1581013708025,991.28766
1581013708065,991.28766
1581013708101,991.28766
1581013708140,991.28766
1581013708179,991.28436
1581013708218,991.28436
1581013708256,991.28436
1581013708294,991.28436
1581013708333,991.28436
1581013708371,991.4529
1581013708410,991.4529
1581013708449,991.4529
1581013708487,991.4529
1581013708526,991.2244
1581013708565,991.2244
1581013708604,991.2244
1581013708641,991.2244
1581013708679,990.9886
1581013708719,990.9886
1581013708755,990.9886
1581013708793,990.9886
1581013708832,990.9072
1581013708871,990.9072
1581013708911,990.9072
1581013708950,990.9072
1581013708987,990.9072
1581013709025,990.92377
1581013709063,990.92377
1581013709101,990.92377
1581013709141,990.92377
1581013709179,990.9717
1581013709217,990.9717
1581013709256,990.9717
1581013709294,990.9717
1581013709332,991.0675
1581013709371,991.0675
1581013709409,991.0675
1581013709450,991.0675
1581013709486,991.2245
1581013709524,991.2245
1581013709564,991.2245
1581013709602,991.2245
1581013709641,991.2245
1581013709677,991.21533
1581013709718,991.21533
1581013709755,991.21533
1581013709794,991.21533
1581013709832,991.39545
1581013709871,991.39545
1581013709909,991.39545
1581013709947,991.39545
1581013709989,991.31696
1581013710024,991.31696
1581013710063,991.31696
1581013710101,991.31696
1581013710140,991.10425
1581013710180,991.10425
1581013710218,991.10425
1581013710256,991.10425
1581013710296,991.0663
1581013710333,991.0663
1581013710372,991.0663
1581013710410,991.0663
1581013710448,991.0663
1581013710487,991.11255
1581013710524,991.11255
1581013710563,991.11255
1581013710602,991.11255
1581013710641,991.1265
1581013710679,991.1265
1581013710716,991.1265
1581013710755,991.1265
1581013710792,991.0427
1581013710831,991.0427
1581013710871,991.0427
1581013710911,991.0427
1581013710948,991.165
1581013710987,991.165
1581013711025,991.165
1581013711063,991.165
1581013711101,991.165
1581013711140,991.14685
1581013711178,991.14685
1581013711218,991.14685
1581013711254,991.14685
1581013711296,991.2005
1581013711332,991.2005
1581013711372,991.2005
1581013711410,991.2005
1581013711448,991.3492
1581013711485,991.3492
1581013711525,991.3492
1581013711562,991.3492
1581013711602,991.3393
1581013711639,991.3393
1581013711678,991.3393
1581013711717,991.3393
1581013711755,991.3393
1581013711794,990.9452
1581013711832,990.9452
1581013711871,990.9452
1581013711910,990.9452
1581013711948,990.8411
1581013711986,990.8411
1581013712023,990.8411
1581013712064,990.8411
1581013712100,990.85266
1581013712141,990.85266
1581013712179,990.85266
1581013712217,990.85266
1581013712254,990.93695
1581013712293,990.93695
1581013712333,990.93695
1581013712369,990.93695
1581013712409,990.93695
1581013712448,990.9275
1581013712486,990.9275
1581013712524,990.9275
1581013712563,990.9275
1581013712600,991.1423
1581013712640,991.1423
1581013712678,991.1423
1581013712717,991.1423
1581013712754,991.24805
1581013712793,991.24805
1581013712833,991.24805
1581013712871,991.24805
1581013712908,991.36115
1581013712946,991.36115
1581013712985,991.36115
1581013713024,991.36115
1581013713063,991.36115
1581013713105,991.02454
1581013713138,991.02454
1581013713178,991.02454
1581013713217,991.02454
1581013713254,990.94855
1581013713294,990.94855
1581013713332,990.94855
1581013713370,990.94855
1581013713408,990.9535
1581013713447,990.9535
1581013713487,990.9535
1581013713525,990.9535
1581013713561,990.92377
1581013713600,990.92377
1581013713639,990.92377
1581013713678,990.92377
1581013713716,990.92377
1581013713754,990.9708
1581013713794,990.9708
1581013713831,990.9708
1581013713869,990.9708
1581013713909,991.0221
1581013713947,991.0221
1581013713986,991.0221
1581013714023,991.0221
1581013714062,991.1633
1581013714100,991.1633
1581013714139,991.1633
1581013714178,991.1633
1581013714217,991.21454
1581013714255,991.21454
1581013714293,991.21454
1581013714331,991.21454
1581013714370,991.32733
1581013714408,991.32733
1581013714447,991.32733
1581013714486,991.32733
1581013714523,991.32733
1581013714561,991.0845
1581013714602,991.0845
1581013714640,991.0845
1581013714678,991.0845
1581013714717,990.9126
1581013714756,990.9126
1581013714795,990.9126
1581013714832,990.9126
1581013714870,990.89856
1581013714909,990.89856
1581013714947,990.89856
1581013714985,990.89856
1581013715024,990.9613
1581013715063,990.9613
1581013715101,990.9613
1581013715139,990.9613
1581013715176,990.9613
1581013715216,990.9952
1581013715254,990.9952
1581013715293,990.9952
1581013715332,990.9952
1581013715371,991.10754
1581013715409,991.10754
1581013715447,991.10754
1581013715485,991.10754
1581013715524,991.2864
1581013715561,991.2864
1581013715600,991.2864
1581013715639,991.2864
1581013715677,991.21704
1581013715716,991.21704
1581013715754,991.21704
1581013715794,991.21704
1581013715831,991.21704
1581013715871,991.24426
1581013715908,991.24426
1581013715947,991.24426
1581013715985,991.24426
1581013716024,991.26904
1581013716061,991.26904
1581013716101,991.26904
1581013716140,991.26904
1581013716178,991.00305
1581013716217,991.00305
1581013716254,991.00305
1581013716292,991.00305
1581013716332,990.9171
1581013716369,990.9171
1581013716408,990.9171
1581013716447,990.9171
1581013716484,990.9171
1581013716522,990.9159
1581013716564,990.9159
1581013716601,990.9159
1581013716639,990.9159
1581013716677,990.9184
1581013716717,990.9184
1581013716755,990.9184
1581013716795,990.9184
1581013716830,990.97125
1581013716871,990.97125
1581013716908,990.97125
1581013716946,990.97125
1581013716985,991.0687
1581013717022,991.0687
1581013717062,991.0687
1581013717099,991.0687
1581013717138,991.0687
1581013717176,991.31824
1581013717214,991.31824
1581013717253,991.31824
1581013717292,991.31824
1581013717330,991.28595
1581013717369,991.28595
1581013717408,991.28595
1581013717447,991.28595
1581013717484,991.1113
1581013717523,991.1113
1581013717563,991.1113
1581013717600,991.1113
1581013717640,991.92413
1581013717678,991.92413
1581013717714,991.92413
1581013717754,991.92413
1581013717791,991.412
1581013717831,991.412
1581013717869,991.412
1581013717909,991.412
1581013717945,991.412
1581013717984,991.089
1581013718023,991.089
1581013718061,991.089
1581013718105,991.089
1581013718137,991.13403
1581013718179,991.13403
1581013718215,991.13403
1581013718253,991.13403
1581013718291,991.2224
1581013718330,991.2224
1581013718368,991.2224
1581013718407,991.2224
1581013718444,990.9944
1581013718484,990.9944
1581013718523,990.9944
1581013718561,990.9944
1581013718599,990.9944
1581013718639,990.9143
1581013718677,990.9143
1581013718716,990.9143
1581013718754,990.9143
1581013718792,991.11334
1581013718830,991.11334
1581013718868,991.11334
1581013718907,991.11334
1581013718946,991.1216
1581013718983,991.1216
1581013719023,991.1216
1581013719061,991.1216
1581013719099,991.19226
1581013719139,991.19226
1581013719177,991.19226
1581013719215,991.19226
1581013719254,991.19226
1581013719293,990.913
1581013719331,990.913
1581013719369,990.913
1581013719408,990.913
1581013719447,990.8114
1581013719486,990.8114
1581013719524,990.8114
1581013719562,990.8114
1581013719600,990.9089
1581013719639,990.9089
1581013719677,990.9089
1581013719716,990.9089
1581013719753,990.9766
1581013719792,990.9766
1581013719832,990.9766
1581013719870,990.9766
1581013719909,990.9766
1581013719948,991.0233
1581013719983,991.0233
1581013720021,991.0233
1581013720060,991.0233
1581013720099,991.1216
1581013720136,991.1216
1581013720175,991.1216
1581013720216,991.1216
1581013720254,991.2628
1581013720291,991.2628
1581013720330,991.2628
1581013720368,991.2628
1581013720406,991.20996
1581013720444,991.20996
1581013720482,991.20996
1581013720521,991.20996
1581013720560,991.26447
1581013720599,991.2687
1581013720638,991.2687
1581013720677,991.2687
1581013720715,991.2687
1581013720752,990.9514
1581013720793,990.9514
1581013720828,990.9514
1581013720867,990.9514
1581013720906,990.8944
1581013720946,990.8944
1581013720983,990.8944
1581013721023,990.8944
1581013721061,990.9333
1581013721100,990.9333
1581013721137,990.9333
1581013721177,990.9333
1581013721214,990.97534
1581013721254,990.97534
1581013721292,990.97534
1581013721329,990.97534
1581013721367,990.97534
1581013721407,991.04724
1581013721443,991.04724
1581013721485,991.04724
1581013721522,991.04724
1581013721561,991.1191
1581013721600,991.1191
1581013721638,991.1191
1581013721678,991.1191
1581013721715,991.312
1581013721753,991.312
1581013721792,991.312
1581013721830,991.312
1581013721868,991.27893
1581013721907,991.27893
1581013721946,991.27893
1581013721986,991.27893
1581013722022,991.27893
1581013722061,991.33594
1581013722099,991.33594
1581013722138,991.33594
1581013722175,991.33594
1581013722215,991.0286
1581013722253,991.0286
1581013722291,991.0286
1581013722329,991.0286
1581013722368,990.8821
1581013722407,990.8821
1581013722445,990.8821
1581013722484,990.8821
1581013722523,990.90186
1581013722560,990.90186
1581013722597,990.90186
1581013722638,990.90186
1581013722674,990.90186
1581013722714,990.93164
1581013722753,990.93164
1581013722791,990.93164
1581013722827,990.93164
1581013722868,990.98285
1581013722907,990.98285
1581013722944,990.98285
1581013722984,990.98285
1581013723022,991.0266
1581013723059,991.0266
1581013723099,991.0266
1581013723136,991.0266
1581013723176,991.22156
1581013723216,991.22156
1581013723252,991.22156
1581013723291,991.22156
1581013723330,991.22156
1581013723368,991.2368
1581013723406,991.2368
1581013723445,991.2368
1581013723484,991.2368
1581013723521,991.33923
1581013723558,991.33923
1581013723597,991.33923
1581013723637,991.33923
1581013723675,991.10547
1581013723715,991.10547
1581013723752,991.10547
1581013723791,991.10547
1581013723831,990.9634
1581013723868,990.9634
1581013723906,990.9634
1581013723945,990.9634
1581013723983,990.95435
1581013724021,990.95435
1581013724060,990.95435
1581013724099,990.95435
1581013724140,990.95435
1581013724176,990.9799
1581013724214,990.9799
1581013724251,990.9799
1581013724291,990.9799
1581013724330,991.03357
1581013724367,991.03357
1581013724405,991.03357
1581013724443,991.03357
1581013724482,991.07654
1581013724521,991.07654
1581013724559,991.07654
1581013724599,991.07654
1581013724637,991.2599
1581013724676,991.2599
1581013724713,991.2599
1581013724752,991.2599
1581013724790,991.2599
1581013724829,991.2583
1581013724868,991.2583
1581013724907,991.2583
1581013724945,991.2583
1581013724983,991.3727
1581013725021,991.3727
1581013725059,991.3727
1581013725098,991.3727
1581013725137,991.1274
1581013725175,991.1274
1581013725214,991.1274
1581013725253,991.1274
1581013725291,991.0101
1581013725329,991.0101
1581013725367,991.0101
1581013725405,991.0101
1581013725445,991.0101
1581013725483,990.96216
1581013725521,990.96216
1581013725559,990.96216
1581013725598,990.96216
1581013725636,990.96875
1581013725675,990.96875
1581013725714,990.96875
1581013725752,990.96875
1581013725791,991.037
1581013725827,991.037
1581013725866,991.037
1581013725904,991.037
1581013725945,991.1377
1581013725986,991.1377
1581013726020,991.1377
1581013726060,991.1377
1581013726097,991.1377
1581013726139,991.2855
1581013726175,991.2855
1581013726218,991.2855
1581013726250,991.2855
1581013726292,991.2649
1581013726329,991.2649
1581013726369,991.2649
1581013726407,991.2649
1581013726445,991.4284
1581013726482,991.4284
1581013726522,991.4284
1581013726560,991.4284
1581013726598,991.2335
1581013726637,991.2335
1581013726674,991.2335
1581013726713,991.2335
1581013726750,990.99066
1581013726790,990.99066
1581013726829,990.99066
1581013726869,990.99066
1581013726905,990.99066
1581013726944,991.01874
1581013726983,991.01874
1581013727020,991.01874
1581013727058,991.01874
1581013727097,991.0303
1581013727135,991.0303
1581013727174,991.0303
1581013727212,991.0303
1581013727250,991.18726
1581013727291,991.18726
1581013727329,991.18726
1581013727366,991.18726
1581013727405,991.4796
1581013727443,991.4796
1581013727482,991.4796
1581013727519,991.4796
1581013727559,991.4796
1581013727598,991.2748
1581013727636,991.2748
1581013727675,991.2748
1581013727714,991.2748
1581013727752,991.3876
1581013727790,991.3876
1581013727828,991.3876
1581013727866,991.3876
1581013727905,991.39087
1581013727943,991.39087
1581013727982,991.39087
1581013728019,991.39087
1581013728059,991.20667
1581013728098,991.20667
1581013728137,991.20667
1581013728173,991.20667
1581013728212,991.20667
1581013728256,990.90765
1581013728288,990.90765
1581013728326,990.90765
1581013728366,990.90765
1581013728403,990.86633
1581013728442,990.86633
1581013728481,990.86633
1581013728521,990.86633
1581013728559,990.8829
1581013728596,990.8829
1581013728636,990.8829
1581013728677,990.8829
1581013728712,990.9263
1581013728752,990.9263
1581013728791,990.9263
1581013728828,990.9263
1581013728868,990.9263
1581013728905,991.0551
1581013728944,991.0551
1581013728982,991.0551
1581013729021,991.0551
1581013729059,991.07
1581013729098,991.07
1581013729135,991.07
1581013729174,991.07
1581013729212,991.20215
1581013729252,991.20215
1581013729290,991.20215
1581013729329,991.20215
1581013729367,991.19635
1581013729406,991.19635
1581013729444,991.19635
1581013729482,991.19635
1581013729520,991.2864
1581013729558,991.2864
1581013729596,991.2864
1581013729635,991.2864
1581013729674,991.2864
1581013729713,991.06165
1581013729753,991.06165
1581013729789,991.06165
1581013729826,991.06165
1581013729866,990.8965
1581013729905,990.8965
1581013729945,990.8965
1581013729982,990.8965
1581013730021,990.89813
1581013730058,990.89813
1581013730098,990.89813
1581013730135,990.89813
1581013730173,990.9064
1581013730214,990.9064
1581013730251,990.9064
1581013730289,990.9064
1581013730328,990.9064
1581013730367,991.01544
1581013730405,991.01544
1581013730443,991.01544
1581013730482,991.01544
1581013730518,991.10626
1581013730558,991.10626
1581013730598,991.10626
1581013730636,991.10626
1581013730673,991.18225
1581013730713,991.18225
1581013730751,991.18225
1581013730790,991.18225
1581013730827,991.28467
1581013730865,991.28467
1581013730906,991.28467
1581013730942,991.28467
1581013730983,991.28467
1581013731020,991.2236
1581013731057,991.2236
1581013731096,991.2236
1581013731135,991.2236
1581013731175,991.2422
1581013731212,991.2422
1581013731250,991.2422
1581013731288,991.2422
1581013731329,991.00385
1581013731367,991.00385
1581013731405,991.00385
1581013731441,991.00385
1581013731481,990.89813
1581013731519,990.89813
1581013731559,990.89813
1581013731596,990.89813
1581013731636,990.89813
1581013731673,990.8821
1581013731714,990.8821
1581013731752,990.8821
1581013731788,990.8821
1581013731827,990.91846
1581013731867,990.91846
1581013731904,990.91846
1581013731944,990.91846
1581013731981,990.98364
1581013732020,990.98364
1581013732057,990.98364
1581013732096,990.98364
1581013732135,990.99023
1581013732173,990.99023
1581013732212,990.99023
1581013732251,990.99023
1581013732289,990.99023
1581013732326,991.1786
1581013732366,991.1786
1581013732406,991.1786
1581013732444,991.1786
1581013732481,991.29663
1581013732521,991.29663
1581013732558,991.29663
1581013732596,991.29663
1581013732635,991.2884
1581013732673,991.2884
1581013732713,991.2884
1581013732750,991.2884
1581013732789,991.33466
1581013732829,991.33466
1581013732866,991.33466
1581013732905,991.33466
1581013732944,990.9977
1581013732981,990.9977
1581013733019,990.9977
1581013733058,990.9977
1581013733099,990.9977
1581013733136,990.88696
1581013733174,990.88696
1581013733212,990.88696
1581013733251,990.88696
1581013733290,990.899
1581013733325,990.899
1581013733366,990.899
1581013733404,990.899
1581013733443,990.9023
1581013733480,990.9023
1581013733518,990.9023
1581013733557,990.9023
1581013733597,991.0344
1581013733634,991.0344
1581013733673,991.0344
1581013733710,991.0344
1581013733749,991.0344
1581013733789,991.0204
1581013733827,991.0204
1581013733865,991.0204
1581013733905,991.0204
1581013733942,991.0815
1581013733981,991.0815
1581013734020,991.0815
1581013734057,991.0815
1581013734097,991.1476
1581013734134,991.1476
1581013734172,991.1476
1581013734211,991.1476
1581013734251,991.2318
1581013734289,991.2318
1581013734329,991.2318
1581013734365,991.2318
1581013734404,991.2318
1581013734442,991.06213
1581013734481,991.06213
1581013734518,991.06213
1581013734558,991.06213
1581013734596,990.86554
1581013734633,990.86554
1581013734674,990.86554
1581013734711,990.86554
1581013734749,990.8573
1581013734789,990.8573
1581013734826,990.8573
1581013734866,990.8573
1581013734905,990.93494
1581013734943,990.93494
1581013734982,990.93494
1581013735019,990.93494
1581013735058,990.93494
1581013735096,991.0027
1581013735135,991.0027
1581013735174,991.0027
1581013735211,991.0027
1581013735252,991.18604
1581013735291,991.18604
1581013735328,991.18604
1581013735382,991.18604
1581013735405,991.24713
1581013735442,991.24713
1581013735482,991.24713
1581013735520,991.24713
1581013735556,991.18933
1581013735596,991.18933
1581013735633,991.18933
1581013735673,991.18933
1581013735710,991.2364
1581013735749,991.2364
1581013735788,991.2364
1581013735826,991.2364
1581013735863,991.2364
1581013735902,990.9506
1581013735941,990.9506
1581013735980,990.9506
1581013736020,990.9506
1581013736059,990.8672
1581013736095,990.8672
1581013736134,990.8672
1581013736172,990.8672
1581013736210,990.89197
1581013736249,990.89197
1581013736288,990.89197
1581013736325,990.89197
1581013736364,990.94855
1581013736406,990.94855
1581013736443,990.94855
1581013736479,990.94855
1581013736519,990.94855
1581013736558,991.0716
1581013736596,991.0716
1581013736635,991.0716
1581013736674,991.0716
1581013736711,991.122
1581013736749,991.122
1581013736787,991.122
1581013736828,991.122
1581013736866,991.20703
1581013736904,991.20703
1581013736940,991.20703
1581013736979,991.20703
1581013737017,991.18475
1581013737057,991.18475
1581013737095,991.18475
1581013737133,991.18475
1581013737172,991.18475
1581013737211,991.0997
1581013737249,991.0997
1581013737288,991.0997
1581013737327,991.0997
1581013737364,990.9056
1581013737403,990.9056
1581013737442,990.9056
1581013737479,990.9056
1581013737519,990.8263
1581013737556,990.8263
1581013737594,990.8263
1581013737633,990.8263
1581013737673,990.8627
1581013737711,990.8627
1581013737749,990.8627
1581013737788,990.8627
1581013737825,990.8627
1581013737864,990.98987
1581013737902,990.98987
1581013737941,990.98987
1581013737980,990.98987
1581013738017,991.00305
1581013738055,991.00305
1581013738094,991.00305
1581013738133,991.00305
1581013738172,991.03613
1581013738209,991.03613
1581013738250,991.03613
1581013738288,991.03613
1581013738325,991.0402
1581013738363,991.0402
1581013738401,991.0402
1581013738444,991.0402
1581013738480,990.99396
1581013738518,990.99396
1581013738558,990.99396
1581013738595,990.99396
1581013738634,990.99396
1581013738672,991.1658
1581013738710,991.1658
1581013738749,991.1658
1581013738787,991.1658
1581013738827,991.1707
1581013738865,991.1707
1581013738903,991.1707
1581013738940,991.1707
1581013738979,991.0683
1581013739017,991.0683
1581013739056,991.0683
1581013739095,991.0683
1581013739132,991.0654
1581013739172,991.0654
1581013739210,991.0654
1581013739248,991.0654
1581013739287,991.0654
1581013739327,990.93164
1581013739365,990.93164
1581013739403,990.93164
1581013739441,990.93164
1581013739478,990.90436
1581013739518,990.90436
1581013739558,990.90436
1581013739595,990.90436
1581013739634,990.949
1581013739673,990.949
1581013739711,990.949
1581013739748,990.949
1581013739788,990.9638
1581013739826,990.9638
1581013739863,990.9638
1581013739903,990.9638
1581013739941,990.9638
1581013739979,991.1521
1581013740018,991.1521
1581013740056,991.1521
1581013740095,991.1521
1581013740132,991.2777
1581013740171,991.2777
1581013740209,991.2777
1581013740249,991.2777
1581013740287,991.35864
1581013740325,991.35864
1581013740363,991.35864
1581013740402,991.35864
1581013740441,991.2058
1581013740479,991.2058
1581013740517,991.2058
1581013740555,991.2058
1581013740594,991.2058
1581013740632,990.8655
1581013740671,990.8655
1581013740709,990.8655
1581013740747,990.8655
1581013740785,990.8494
1581013740824,990.8494
1581013740863,990.8494
1581013740900,990.8494
1581013740941,990.8391
1581013740980,990.8391
1581013741017,990.8391
1581013741059,990.8391
1581013741096,990.90063
1581013741133,990.90063
1581013741171,990.90063
1581013741210,990.90063
1581013741248,990.90063
1581013741288,991.00806
1581013741326,991.00806
1581013741364,991.00806
1581013741402,991.00806
1581013741440,991.11206
1581013741479,991.11206
1581013741517,991.11206
1581013741556,991.11206
1581013741594,991.26404
1581013741633,991.26404
1581013741673,991.26404
1581013741710,991.26404
1581013741749,991.18726
1581013741787,991.18726
1581013741825,991.18726
1581013741863,991.18726
1581013741903,991.1922
1581013741939,991.1922
1581013741979,991.1922
1581013742017,991.1922
1581013742054,991.1922
1581013742093,990.937
1581013742133,990.937
1581013742171,990.937
1581013742211,990.937
1581013742250,990.86676
1581013742286,990.86676
1581013742324,990.86676
1581013742365,990.86676
1581013742401,990.8453
1581013742441,990.8453
1581013742478,990.8453
1581013742516,990.8453
1581013742555,990.8684
1581013742593,990.8684
1581013742631,990.8684
1581013742672,990.8684
1581013742710,990.8684
1581013742748,990.9477
1581013742786,990.9477
1581013742824,990.9477
1581013742863,990.9477
1581013742902,991.0435
1581013742941,991.0435
1581013742978,991.0435
1581013743020,991.0435
1581013743058,991.1992
1581013743095,991.1992
1581013743132,991.1992
1581013743171,991.1992
1581013743209,991.3033
1581013743248,991.3033
1581013743287,991.3033
1581013743324,991.3033
1581013743362,991.3033
1581013743401,991.56506
1581013743440,991.56506
1581013743479,991.56506
1581013743518,991.56506
1581013743555,991.7179
1581013743594,991.7179
1581013743630,991.7179
1581013743671,991.7179
1581013743710,991.651
1581013743746,991.651
1581013743786,991.651
1581013743825,991.651
1581013743863,990.958
1581013743901,990.958
1581013743940,990.958
1581013743978,990.958
1581013744016,990.958
1581013744056,990.74493
1581013744093,990.74493
1581013744134,990.74493
1581013744171,990.74493
1581013744209,990.7289
1581013744248,990.7289
1581013744284,990.7289
1581013744324,990.7289
1581013744364,990.7355
1581013744399,990.7355
1581013744440,990.7355
1581013744480,990.7355
1581013744518,990.7553
1581013744555,990.7553
1581013744592,990.7553
1581013744633,990.7553
1581013744670,990.7553
1581013744710,990.9014
1581013744746,990.9014
1581013744787,990.9014
1581013744824,990.9014
1581013744864,991.1112
1581013744902,991.1112
1581013744941,991.1112
1581013744979,991.1112
1581013745017,991.16406
1581013745055,991.16406
1581013745093,991.16406
1581013745132,991.16406
1581013745170,991.29626
1581013745208,991.29626
1581013745248,991.29626
1581013745285,991.29626
1581013745324,991.1112
1581013745362,991.1112
1581013745403,991.1112
1581013745441,991.1112
1581013745478,991.1112
1581013745515,990.92206
1581013745555,990.92206
1581013745593,990.92206
1581013745632,990.92206
1581013745672,990.8725
1581013745708,990.8725
1581013745748,990.8725
1581013745785,990.8725
1581013745823,990.8296
1581013745862,990.8296
1581013745899,990.8296
1581013745940,990.8296
1581013745976,990.90063
1581013746015,990.90063
1581013746055,990.90063
1581013746093,990.90063
1581013746131,990.90063
1581013746170,990.97656
1581013746208,990.97656
1581013746247,990.97656
1581013746285,990.97656
1581013746325,991.10754
1581013746363,991.10754
1581013746402,991.10754
1581013746441,991.10754
1581013746478,991.226
1581013746517,991.226
1581013746555,991.226
1581013746593,991.226
1581013746631,991.1703
1581013746671,991.1703
1581013746708,991.1703
1581013746747,991.1703
1581013746786,991.1703
1581013746824,991.2768
1581013746863,991.2768
1581013746902,991.2768
1581013746940,991.2768
1581013746977,991.10834
1581013747015,991.10834
1581013747054,991.10834
1581013747095,991.10834
1581013747133,990.9431
1581013747171,990.9431
1581013747208,990.9431
1581013747247,990.9431
1581013747286,990.89026
1581013747324,990.89026
1581013747364,990.89026
1581013747404,990.89026
1581013747440,990.89026
1581013747477,990.9134
1581013747516,990.9134
1581013747555,990.9134
1581013747592,990.9134
1581013747632,990.9601
1581013747670,990.9601
1581013747709,990.9601
1581013747747,990.9601
1581013747786,990.98987
1581013747823,990.98987
1581013747862,990.98987
1581013747900,990.98987
1581013747938,991.07245
1581013747977,991.07245
1581013748016,991.07245
1581013748053,991.07245
1581013748091,991.07245
1581013748131,991.24915
1581013748169,991.24915
1581013748208,991.24915
1581013748246,991.24915
1581013748286,991.24426
1581013748321,991.24426
1581013748360,991.24426
1581013748401,991.24426
1581013748437,991.3788
1581013748476,991.3788
1581013748517,991.3788
1581013748555,991.3788
1581013748592,991.12524
1581013748630,991.12524
1581013748670,991.12524
1581013748710,991.12524
1581013748747,990.8989
1581013748786,990.8989
1581013748823,990.8989
1581013748864,990.8989
1581013748902,990.8989
1581013748940,990.8552
1581013748977,990.8552
1581013749016,990.8552
1581013749054,990.8552
1581013749093,990.8477
1581013749130,990.8477
1581013749170,990.8477
1581013749208,990.8477
1581013749247,990.9093
1581013749285,990.9093
1581013749325,990.9093
1581013749362,990.9093
1581013749402,990.9523
1581013749442,990.9523
1581013749478,990.9523
1581013749515,990.9523
1581013749554,990.9523
1581013749593,991.02576
1581013749631,991.02576
1581013749669,991.02576
1581013749706,991.02576
1581013749744,991.129
1581013749783,991.129
1581013749822,991.129
1581013749861,991.129
1581013749900,991.14716
1581013749938,991.14716
1581013749976,991.14716
1581013750015,991.14716
1581013750053,991.1802
1581013750092,991.1802
1581013750130,991.1802
1581013750169,991.1802
1581013750207,991.1802
1581013750246,991.2182
1581013750285,991.2182
1581013750324,991.2182
1581013750363,991.2182
1581013750399,991.08606
1581013750438,991.08606
1581013750477,991.08606
1581013750515,991.08606
1581013750552,990.9762
1581013750592,990.9762
1581013750630,990.9762
1581013750670,990.9762
1581013750706,990.91675
1581013750746,990.91675
1581013750784,990.91675
1581013750822,990.91675
1581013750863,990.91675
1581013750898,990.9217
1581013750936,990.9217
1581013750976,990.9217
1581013751015,990.9217
1581013751053,990.96295
1581013751092,990.96295
1581013751131,990.96295
1581013751169,990.96295
1581013751207,990.9799
1581013751246,990.9799
1581013751283,990.9799
1581013751323,990.9799
1581013751361,990.9866
1581013751400,990.9866
1581013751438,990.9866
1581013751477,990.9866
1581013751514,990.9866
1581013751555,991.14844
1581013751592,991.14844
1581013751630,991.14844
1581013751670,991.14844
1581013751707,991.0964
1581013751746,991.0964
1581013751783,991.0964
1581013751823,991.0964
1581013751860,991.11707
1581013751903,991.11707
1581013751937,991.11707
1581013751977,991.11707
1581013752015,991.10706
1581013752054,991.10706
1581013752092,991.10706
1581013752131,991.10706
1581013752168,991.1785
1581013752207,991.1785
1581013752245,991.1785
1581013752284,991.1785
1581013752323,991.1785
1581013752361,991.08105
1581013752400,991.08105
1581013752437,991.08105
1581013752477,991.08105
1581013752515,990.9568
1581013752554,990.9568
1581013752592,990.9568
1581013752631,990.9568
1581013752667,990.9171
1581013752705,990.9171
1581013752744,990.9171
1581013752784,990.9171
1581013752824,990.99475
1581013752861,990.99475
1581013752898,990.99475
1581013752936,990.99475
1581013752977,990.99475
1581013753014,991.03156
1581013753053,991.03156
1581013753091,991.03156
1581013753129,991.03156
1581013753169,991.0877
1581013753206,991.0877
1581013753245,991.0877
1581013753285,991.0877
1581013753323,991.09265
1581013753362,991.09265
1581013753398,991.09265
1581013753438,991.09265
1581013753475,991.01337
1581013753514,991.01337
1581013753551,991.01337
1581013753590,991.01337
1581013753629,991.01337
1581013753668,991.0728
1581013753710,991.0728
1581013753744,991.0728
1581013753782,991.0728
1581013753821,991.20496
1581013753861,991.20496
1581013753901,991.20496
1581013753937,991.20496
1581013753975,991.0464
1581013754015,991.0464
1581013754054,991.0464
1581013754092,991.0464
1581013754130,991.0703
1581013754168,991.0703
1581013754207,991.0703
1581013754244,991.0703
1581013754282,991.0703
1581013754322,991.16205
1581013754361,991.16205
1581013754400,991.16205
1581013754436,991.16205
1581013754476,991.27106
1581013754513,991.27106
1581013754552,991.27106
1581013754590,991.27106
1581013754630,991.1744
1581013754667,991.1744
1581013754708,991.1744
1581013754746,991.1744
1581013754784,990.9585
1581013754822,990.9585
1581013754860,990.9585
1581013754898,990.9585
1581013754938,990.81476
1581013754975,990.81476
1581013755016,990.81476
1581013755052,990.81476
1581013755091,990.81476
1581013755130,990.8495
1581013755167,990.8495
1581013755206,990.8495
1581013755244,990.8495
1581013755284,990.88245
1581013755322,990.88245
1581013755360,990.88245
1581013755398,990.88245
1581013755437,990.9514
1581013755475,990.9514
1581013755514,990.9514
1581013755553,990.9514
1581013755591,991.08356
1581013755629,991.08356
1581013755667,991.08356
1581013755706,991.08356
1581013755745,991.08356
1581013755784,991.15454
1581013755821,991.15454
1581013755861,991.15454
1581013755898,991.15454
1581013755935,991.2355
1581013755975,991.2355
1581013756013,991.2355
1581013756052,991.2355
1581013756091,991.2624
1581013756129,991.2624
1581013756167,991.2624
1581013756206,991.2624
1581013756246,991.2013
1581013756284,991.2013
1581013756322,991.2013
1581013756360,991.2013
1581013756399,991.2013
1581013756438,991.06415
1581013756475,991.06415
1581013756513,991.06415
1581013756552,991.06415
1581013756590,990.9139
1581013756631,990.9139
1581013756667,990.9139
1581013756707,990.9139
1581013756744,990.8461
1581013756783,990.8461
1581013756821,990.8461
1581013756860,990.8461
1581013756897,990.87256
1581013756937,990.87256
1581013756974,990.87256
1581013757014,990.87256
1581013757052,990.87256
1581013757091,990.9502
1581013757129,990.9502
1581013757167,990.9502
1581013757206,990.9502
1581013757243,991.0311
1581013757283,991.0311
1581013757321,991.0311
1581013757359,991.0311
1581013757396,991.1005
1581013757437,991.1005
1581013757474,991.1005
1581013757513,991.1005
1581013757551,991.24005
1581013757589,991.24005
1581013757627,991.24005
1581013757667,991.24005
1581013757711,991.24005
1581013757745,991.2417
1581013757782,991.2417
1581013757822,991.2417
1581013757859,991.2417
1581013757896,991.32184
1581013757936,991.32184
1581013757974,991.32184
1581013758014,991.32184
1581013758051,991.00385
1581013758089,991.00385
1581013758129,991.00385
1581013758166,991.00385
1581013758206,990.89813
1581013758245,990.89813
1581013758283,990.89813
1581013758320,990.89813
1581013758358,990.89813
1581013758398,990.9097
1581013758437,990.9097
1581013758475,990.9097
1581013758512,990.9097
1581013758551,990.8956
1581013758590,990.8956
1581013758627,990.8956
1581013758667,990.8956
1581013758705,990.9353
1581013758745,990.9353
1581013758783,990.9353
1581013758822,990.9353
1581013758861,991.03687
1581013758897,991.03687
1581013758936,991.03687
1581013758974,991.03687
1581013759012,991.1806
1581013759053,991.1806
1581013759094,991.1806
1581013759128,991.1806
1581013759167,991.1806
1581013759203,991.18964
1581013759245,991.18964
1581013759284,991.18964
1581013759321,991.18964
1581013759358,991.2111
1581013759399,991.2111
1581013759438,991.2111
1581013759474,991.2111
1581013759512,991.04266
1581013759552,991.04266
1581013759589,991.04266
1581013759627,991.04266
1581013759668,990.86755
1581013759706,990.86755
1581013759746,990.86755
1581013759782,990.86755
1581013759822,990.86755
1581013759859,990.84607
1581013759897,990.84607
1581013759935,990.84607
1581013759975,990.84607
1581013760013,990.86475
1581013760051,990.86475
1581013760089,990.86475
1581013760129,990.86475
1581013760167,990.9176
1581013760206,990.9176
1581013760243,990.9176
1581013760281,990.9176
1581013760320,990.982
1581013760357,990.982
1581013760397,990.982
1581013760435,990.982
1581013760473,990.982
1581013760511,991.11163
1581013760551,991.11163
1581013760590,991.11163
1581013760630,991.11163
1581013760667,991.29663
1581013760705,991.29663
1581013760744,991.29663
1581013760782,991.29663
1581013760819,991.2553
1581013760858,991.2553
1581013760897,991.2553
1581013760934,991.2553
1581013760972,991.33545
1581013761013,991.33545
1581013761051,991.33545
1581013761089,991.33545
1581013761126,991.33545
1581013761166,991.01337
1581013761204,991.01337
1581013761243,991.01337
1581013761281,991.01337
1581013761320,990.9002
1581013761359,990.9002
1581013761396,990.9002
1581013761436,990.9002
1581013761475,990.9217
1581013761513,990.9217
1581013761552,990.9217
1581013761589,990.9217
1581013761628,990.89026
1581013761668,990.89026
1581013761705,990.89026
1581013761743,990.89026
1581013761782,990.89026
1581013761820,991.01337
1581013761858,991.01337
1581013761896,991.01337
1581013761936,991.01337
1581013761974,991.124
1581013762012,991.124
1581013762050,991.124
1581013762090,991.124
1581013762127,991.1711
1581013762164,991.1711
1581013762206,991.1711
1581013762242,991.1711
1581013762281,991.28174
1581013762319,991.28174
1581013762357,991.28174
1581013762396,991.28174
1581013762436,991.29333
1581013762473,991.29333
1581013762511,991.29333
1581013762551,991.29333
1581013762588,991.29333
1581013762628,991.2487
1581013762666,991.2487
1581013762703,991.2487
1581013762742,991.2487
1581013762782,990.8878
1581013762838,990.8878
1581013762858,990.8878
1581013762897,990.8878
1581013762933,990.8457
1581013762972,990.8457
1581013763012,990.8457
1581013763049,990.8457
1581013763088,990.86633
1581013763126,990.86633
1581013763166,990.86633
1581013763203,990.86633
1581013763242,990.86633
1581013763281,990.92664
1581013763320,990.92664
1581013763357,990.92664
1581013763397,990.92664
1581013763435,991.04553
1581013763473,991.04553
1581013763511,991.04553
1581013763549,991.04553
1581013763587,991.0513
1581013763627,991.0513
1581013763665,991.0513
1581013763703,991.0513
1581013763742,991.2231
1581013763781,991.2231
1581013763820,991.2231
1581013763858,991.2231
1581013763896,991.2231
1581013763934,991.1719
1581013763974,991.1719
1581013764012,991.1719
1581013764051,991.1719
1581013764090,991.13434
1581013764127,991.13434
1581013764167,991.13434
1581013764205,991.13434
1581013764242,990.93445
1581013764281,990.93445
1581013764324,990.93445
1581013764358,990.93445
1581013764398,990.8387
1581013764435,990.8387
1581013764476,990.8387
1581013764512,990.8387
1581013764552,990.8387
1581013764591,990.8453
1581013764628,990.8453
1581013764666,990.8453
1581013764705,990.8453
1581013764744,990.9873
1581013764781,990.9873
1581013764821,990.9873
1581013764857,990.9873
1581013764896,991.25903
1581013764936,991.25903
1581013764975,991.25903
1581013765012,991.25903
1581013765050,991.1483
1581013765088,991.1483
1581013765128,991.1483
1581013765165,991.1483
1581013765205,991.1483
1581013765243,991.0261
1581013765281,991.0261
1581013765320,991.0261
1581013765359,991.0261
1581013765396,990.894
1581013765435,990.894
1581013765473,990.894
1581013765514,990.894
1581013765551,990.927
1581013765588,990.927
1581013765627,990.927
1581013765666,990.927
1581013765704,990.98816
1581013765743,990.98816
1581013765781,990.98816
1581013765820,990.98816
1581013765857,991.0542
1581013765896,991.0542
1581013765933,991.0542
1581013765972,991.0542
1581013766013,991.0542
1581013766051,991.11365
1581013766089,991.11365
1581013766127,991.11365
1581013766164,991.11365
1581013766203,990.9997
1581013766242,990.9997
1581013766280,990.9997
1581013766319,990.9997
1581013766356,990.98236
1581013766395,990.98236
1581013766434,990.98236
1581013766473,990.98236
1581013766511,990.9741
1581013766549,990.9741
1581013766587,990.9741
1581013766626,990.9741
1581013766665,990.9741
1581013766702,990.9725
1581013766741,990.9725
1581013766781,990.9725
1581013766817,990.9725
1581013766857,991.0848
1581013766895,991.0848
1581013766934,991.0848
1581013766972,991.0848
1581013767010,991.26483
1581013767049,991.26483
1581013767087,991.26483
1581013767126,991.26483
1581013767165,991.2392
1581013767204,991.2392
1581013767242,991.2392
1581013767280,991.2392
1581013767318,991.2392
1581013767357,991.3416
1581013767395,991.3416
1581013767434,991.3416
1581013767472,991.3416
1581013767512,991.0145
1581013767550,991.0145
1581013767587,991.0145
1581013767625,991.0145
1581013767664,990.8444
1581013767703,990.8444
1581013767742,990.8444
1581013767781,990.8444
1581013767818,990.8767
1581013767858,990.8767
1581013767895,990.8767
1581013767932,990.8767
1581013767971,990.8767
1581013768011,990.9138
1581013768050,990.9138
1581013768089,990.9138
1581013768127,990.9138
1581013768163,990.9551
1581013768203,990.9551
1581013768241,990.9551
1581013768280,990.9551
1581013768318,991.00793
1581013768356,991.00793
1581013768397,991.00793
1581013768434,991.00793
1581013768474,991.145
1581013768512,991.145
1581013768563,991.145
1581013768587,991.145
1581013768626,991.145
1581013768664,991.11694
1581013768703,991.11694
1581013768740,991.11694
1581013768779,991.11694
1581013768819,991.25574
1581013768856,991.25574
1581013768896,991.25574
1581013768933,991.25574
1581013768972,990.9725
1581013769010,990.9725
1581013769048,990.9725
1581013769087,990.9725
1581013769126,990.8362
1581013769163,990.8362
1581013769204,990.8362
1581013769240,990.8362
1581013769279,990.83124
1581013769319,990.83124
1581013769358,990.83124
1581013769396,990.83124
1581013769433,990.83124
1581013769474,990.88574
1581013769510,990.88574
1581013769549,990.88574
1581013769586,990.88574
1581013769627,991.0872
1581013769665,991.0872
1581013769702,991.0872
1581013769741,991.0872
1581013769780,991.2095
1581013769818,991.2095
1581013769856,991.2095
1581013769895,991.2095
1581013769934,991.09595
1581013769972,991.09595
1581013770010,991.09595
1581013770048,991.09595
1581013770091,991.09595
1581013770129,991.16864
1581013770165,991.16864
1581013770202,991.16864
1581013770241,991.16864
1581013770280,991.18964
1581013770319,991.18964
1581013770358,991.18964
1581013770396,991.18964
1581013770434,991.254
1581013770474,991.254
1581013770511,991.254
1581013770549,991.254
1581013770587,990.9122
1581013770625,990.9122
1581013770665,990.9122
1581013770703,990.9122
1581013770742,990.9122
1581013770780,990.8515
1581013770819,990.8515
1581013770856,990.8515
1581013770896,990.8515
1581013770931,990.8614
1581013770970,990.8614
1581013771010,990.8614
1581013771048,990.8614
1581013771088,990.91425
1581013771126,990.91425
1581013771163,990.91425
1581013771203,990.91425
1581013771240,991.0068
1581013771278,991.0068
1581013771317,991.0068
1581013771357,991.0068
1581013771396,991.0068
1581013771433,991.11
1581013771470,991.11
1581013771508,991.11
1581013771548,991.11
1581013771587,991.22064
1581013771625,991.22064
1581013771664,991.22064
1581013771701,991.22064
1581013771740,991.2652
1581013771779,991.2652
1581013771818,991.2652
1581013771855,991.2652
1581013771894,991.0034
1581013771932,991.0034
1581013771970,991.0034
1581013772010,991.0034
1581013772048,991.0034
1581013772086,990.7912
1581013772125,990.7912
1581013772164,990.7912
1581013772201,990.7912
1581013772239,990.7804
1581013772278,990.7804
1581013772317,990.7804
1581013772358,990.7804
1581013772394,990.80023
1581013772432,990.80023
1581013772471,990.80023
1581013772509,990.80023
1581013772548,990.8894
1581013772594,990.8894
1581013772626,990.8894
1581013772663,990.8894
1581013772703,990.94556
1581013772742,990.94556
1581013772780,990.94556
1581013772817,990.94556
1581013772855,990.94556
1581013772895,991.1504
1581013772931,991.1504
1581013772969,991.1504
1581013773011,991.1504
1581013773049,991.2594
1581013773086,991.2594
1581013773124,991.2594
1581013773164,991.2594
1581013773202,991.24786
1581013773240,991.24786
1581013773279,991.24786
1581013773318,991.24786
1581013773357,991.1141
1581013773394,991.1141
1581013773433,991.1141
1581013773471,991.1141
1581013773510,991.1141
1581013773548,990.8139
1581013773586,990.8139
1581013773624,990.8139
1581013773663,990.8139
1581013773701,990.8354
1581013773740,990.8354
1581013773779,990.8354
1581013773817,990.8354
1581013773854,990.83325
1581013773893,990.83325
1581013773930,990.83325
1581013773971,990.83325
1581013774008,990.9076
1581013774047,990.9076
1581013774086,990.9076
1581013774123,990.9076
1581013774162,990.9076
1581013774201,990.9588
1581013774239,990.9588
1581013774278,990.9588
1581013774316,990.9588
1581013774355,991.13434
1581013774394,991.13434
1581013774432,991.13434
1581013774472,991.13434
1581013774509,991.2384
1581013774547,991.2384
1581013774588,991.2384
1581013774626,991.2384
1581013774663,991.17975
1581013774703,991.17975
1581013774740,991.17975
1581013774779,991.17975
1581013774817,991.17975
1581013774857,991.21606
1581013774895,991.21606
1581013774933,991.21606
1581013774971,991.21606
1581013775010,990.9873
1581013775049,990.9873
1581013775087,990.9873
1581013775127,990.9873
1581013775164,990.92957
1581013775202,990.92957
1581013775240,990.92957
1581013775280,990.92957
1581013775316,990.88245
1581013775355,990.88245
1581013775395,990.88245
1581013775432,990.88245
1581013775471,990.88245
1581013775508,990.91547
1581013775548,990.91547
1581013775586,990.91547
1581013775624,990.91547
1581013775663,990.94025
1581013775702,990.94025
1581013775741,990.94025
1581013775779,990.94025
1581013775816,991.053
1581013775855,991.053
1581013775895,991.053
1581013775932,991.053
1581013775969,991.1587
1581013776008,991.1587
1581013776048,991.1587
1581013776087,991.1587
1581013776125,991.1818
1581013776163,991.1818
1581013776201,991.1818
1581013776240,991.1818
1581013776278,991.1818
1581013776317,991.24457
1581013776355,991.24457
1581013776394,991.24457
1581013776430,991.24457
1581013776471,991.1884
1581013776508,991.1884
1581013776548,991.1884
1581013776585,991.1884
1581013776624,991.0216
1581013776663,991.0216
1581013776702,991.0216
1581013776740,991.0216
1581013776777,990.8234
1581013776815,990.8234
1581013776856,990.8234
1581013776893,990.8234
1581013776931,990.8234
1581013776970,990.7912
1581013777009,990.7912
1581013777047,990.7912
1581013777086,990.7912
1581013777123,990.81433
1581013777163,990.81433
1581013777201,990.81433
1581013777239,990.81433
1581013777278,990.8374
1581013777319,990.8374
1581013777355,990.8374
1581013777394,990.8374
1581013777433,991.0885
1581013777468,991.0885
1581013777509,991.0885
1581013777547,991.0885
1581013777586,991.0885
1581013777625,991.18176
1581013777662,991.18176
1581013777700,991.18176
1581013777740,991.18176
1581013777779,991.10913
1581013777816,991.10913
1581013777856,991.10913
1581013777894,991.10913
1581013777933,991.13635
1581013777971,991.13635
1581013778009,991.13635
1581013778047,991.13635
1581013778085,991.07275
1581013778124,991.07275
1581013778161,991.07275
1581013778201,991.07275
1581013778240,991.07275
1581013778279,990.944
1581013778316,990.944
1581013778353,990.944
1581013778393,990.944
1581013778432,990.86304
1581013778470,990.86304
1581013778508,990.86304
1581013778547,990.86304
1581013778585,990.8651
1581013778623,990.8651
1581013778661,990.8651
1581013778701,990.8651
1581013778739,990.8894
1581013778777,990.8894
1581013778817,990.8894
1581013778853,990.8894
1581013778893,990.8894
1581013778930,990.9064
1581013778968,990.9064
1581013779007,990.9064
1581013779046,990.9064
1581013779086,990.93286
1581013779123,990.93286
1581013779162,990.93286
1581013779200,990.93286
1581013779237,991.05176
1581013779278,991.05176
1581013779317,991.05176
1581013779355,991.05176
1581013779393,991.18384
1581013779432,991.18384
1581013779470,991.18384
1581013779510,991.18384
1581013779548,991.2367
1581013779586,991.2367
1581013779624,991.2367
1581013779662,991.2367
1581013779701,991.2367
1581013779739,991.278
1581013779776,991.278
1581013779816,991.278
1581013779854,991.278
1581013779893,991.2962
1581013779931,991.2962
1581013779970,991.2962
1581013780007,991.2962
1581013780046,990.9675
1581013780084,990.9675
1581013780124,990.9675
1581013780163,990.9675
1581013780201,990.8015
1581013780237,990.8015
1581013780277,990.8015
1581013780315,990.8015
1581013780355,990.8015
1581013780392,990.76184
1581013780430,990.76184
1581013780469,990.76184
1581013780507,990.76184
1581013780547,990.7982
1581013780585,990.7982
1581013780622,990.7982
1581013780662,990.7982
1581013780700,990.8548
1581013780739,990.8548
1581013780777,990.8548
1581013780816,990.8548
1581013780854,990.8878
1581013780891,990.8878
1581013780930,990.8878
1581013780969,990.8878
1581013781006,990.8878
1581013781046,991.1389
1581013781085,991.1389
1581013781123,991.1389
1581013781162,991.1389
1581013781200,991.1769
1581013781239,991.1769
1581013781276,991.1769
1581013781316,991.1769
1581013781353,991.33044
1581013781391,991.33044
1581013781429,991.33044
1581013781468,991.33044
1581013781508,991.1422
1581013781545,991.1422
1581013781585,991.1422
1581013781623,991.1422
1581013781662,991.1422
1581013781700,991.02905
1581013781738,991.02905
1581013781777,991.02905
1581013781815,991.02905
1581013781853,990.98444
1581013781892,990.98444
1581013781931,990.98444
1581013781969,990.98444
1581013782006,990.96045
1581013782044,990.96045
1581013782084,990.96045
1581013782123,990.96045
1581013782162,990.9035
1581013782199,990.9035
1581013782239,990.9035
1581013782275,990.9035
1581013782316,990.9035
1581013782353,991.0777
1581013782392,991.0777
1581013782431,991.0777
1581013782468,991.0777
1581013782507,991.03064
1581013782546,991.03064
1581013782584,991.03064
1581013782623,991.03064
1581013782662,991.0777
1581013782699,991.0777
1581013782741,991.0777
1581013782778,991.0777
1581013782814,991.3453
1581013782852,991.3453
1581013782892,991.3453
1581013782931,991.3453
1581013782972,991.3453
1581013783007,991.2355
1581013783045,991.2355
1581013783084,991.2355
1581013783122,991.2355
1581013783162,991.1892
1581013783199,991.1892
1581013783236,991.1892
1581013783277,991.1892
1581013783314,990.8135
1581013783353,990.8135
1581013783393,990.8135
1581013783430,990.8135
1581013783469,990.79865
1581013783507,990.79865
1581013783545,990.79865
1581013783584,990.79865
1581013783622,990.8234
1581013783661,990.8234
1581013783698,990.8234
1581013783737,990.8234
1581013783777,990.8234
1581013783815,990.86475
1581013783853,990.86475
1581013783891,990.86475
1581013783929,990.86475
1581013783967,990.9481
1581013784008,990.9481
1581013784045,990.9481
1581013784084,990.9481
1581013784123,991.00256
1581013784163,991.00256
1581013784198,991.00256
1581013784237,991.00256
1581013784276,991.1463
1581013784314,991.1463
1581013784355,991.1463
1581013784392,991.1463
1581013784432,991.1463
1581013784468,991.1686
1581013784508,991.1686
1581013784544,991.1686
1581013784584,991.1686
1581013784621,991.2363
1581013784662,991.2363
1581013784699,991.2363
1581013784737,991.2363
1581013784775,990.9035
1581013784814,990.9035
1581013784853,990.9035
1581013784891,990.9035
1581013784929,990.8126
1581013784969,990.8126
1581013785010,990.8126
1581013785046,990.8126
1581013785084,990.8126
1581013785121,990.8341
1581013785161,990.8341
1581013785199,990.8341
1581013785238,990.8341
1581013785276,990.86053
1581013785315,990.86053
1581013785353,990.86053
1581013785393,990.86053
1581013785429,990.92163
1581013785468,990.92163
1581013785506,990.92163
1581013785544,990.92163
1581013785584,991.0133
1581013785622,991.0133
1581013785660,991.0133
1581013785699,991.0133
1581013785738,991.0133
1581013785778,991.16406
1581013785815,991.16406
1581013785853,991.16406
1581013785894,991.16406
1581013785930,991.1409
1581013785968,991.1409
1581013786005,991.1409
1581013786045,991.1409
1581013786083,991.2004
1581013786121,991.2004
1581013786161,991.2004
1581013786199,991.2004
1581013786238,990.9716
1581013786274,990.9716
1581013786314,990.9716
1581013786353,990.9716
1581013786391,990.9716
1581013786429,990.86096
1581013786469,990.86096
1581013786506,990.86096
1581013786548,990.86096
1581013786584,990.90967
1581013786621,990.90967
1581013786659,990.90967
1581013786698,990.90967
1581013786738,990.88245
1581013786776,990.88245
1581013786815,990.88245
1581013786851,990.88245
1581013786892,990.9601
1581013786929,990.9601
1581013786967,990.9601
1581013787005,990.9601
1581013787056,990.98975
1581013787083,990.98975
1581013787121,990.98975
1581013787161,990.98975
1581013787199,990.98975
1581013787238,991.0856
1581013787276,991.0856
1581013787314,991.0856
1581013787353,991.0856
1581013787391,991.1087
1581013787430,991.1087
1581013787468,991.1087
1581013787506,991.1087
1581013787543,991.16156
1581013787584,991.16156
1581013787624,991.16156
1581013787659,991.16156
1581013787698,991.1665
1581013787737,991.1665
1581013787776,991.1665
1581013787814,991.1665
1581013787852,991.1665
1581013787891,990.88074
1581013787929,990.88074
1581013787967,990.88074
1581013788007,990.88074
1581013788044,990.82794
1581013788081,990.82794
1581013788120,990.82794
1581013788159,990.82794
1581013788199,990.83124
1581013788236,990.83124
1581013788276,990.83124
1581013788314,990.83124
1581013788351,990.84357
1581013788390,990.84357
1581013788429,990.84357
1581013788468,990.84357
1581013788506,990.84357
1581013788543,990.908
1581013788583,990.908
1581013788621,990.908
1581013788658,990.908
1581013788698,990.9906
1581013788736,990.9906
1581013788775,990.9906
1581013788813,990.9906
1581013788852,991.14417
1581013788890,991.14417
1581013788929,991.14417
1581013788966,991.14417
1581013789006,991.3242
1581013789043,991.3242
1581013789083,991.3242
1581013789121,991.3242
1581013789160,991.3242
1581013789198,991.2404
1581013789236,991.2404
1581013789275,991.2404
1581013789314,991.2404
1581013789351,991.21893
1581013789388,991.21893
1581013789429,991.21893
1581013789466,991.21893
1581013789505,990.89526
1581013789544,990.89526
1581013789584,990.89526
1581013789621,990.89526
1581013789660,990.8209
1581013789700,990.8209
1581013789737,990.8209
1581013789775,990.8209
1581013789811,990.8209
1581013789852,990.82336
1581013789891,990.82336
1581013789928,990.82336
1581013789967,990.82336
1581013790006,990.83984
1581013790043,990.83984
1581013790082,990.83984
1581013790120,990.83984
1581013790161,990.89813
1581013790198,990.89813
1581013790236,990.89813
1581013790274,990.89813
1581013790314,990.9741
1581013790352,990.9741
1581013790390,990.9741
1581013790429,990.9741
1581013790467,991.1062
1581013790505,991.1062
1581013790544,991.1062
1581013790585,991.1062
1581013790620,991.1062
1581013790659,991.2185
1581013790698,991.2185
1581013790736,991.2185
1581013790774,991.2185
1581013790813,991.18384
1581013790851,991.18384
1581013790889,991.18384
1581013790928,991.18384
1581013790966,991.05505
1581013791005,991.05505
1581013791042,991.05505
1581013791083,991.05505
1581013791120,990.85187
1581013791159,990.85187
1581013791198,990.85187
1581013791237,990.85187
1581013791275,990.85187
1581013791313,990.771
1581013791352,990.771
1581013791390,990.771
1581013791428,990.771
1581013791467,990.8052
1581013791504,990.8052
1581013791545,990.8052
1581013791581,990.8052
1581013791621,990.896
1581013791659,990.896
1581013791697,990.896
1581013791735,990.896
1581013791773,990.9989
1581013791813,990.9989
1581013791852,990.9989
1581013791889,990.9989
1581013791929,990.9989
1581013791965,991.05835
1581013792004,991.05835
1581013792042,991.05835
1581013792082,991.05835
1581013792120,991.12274
1581013792159,991.12274
1581013792199,991.12274
1581013792236,991.12274
1581013792274,991.0815
1581013792313,991.0815
1581013792350,991.0815
1581013792389,991.0815
1581013792428,991.34406
1581013792466,991.34406
1581013792505,991.34406
1581013792543,991.34406
1581013792582,991.34406
1581013792620,991.183
1581013792658,991.183
1581013792697,991.183
1581013792734,991.183
1581013792774,991.0724
1581013792813,991.0724
1581013792851,991.0724
1581013792889,991.0724
1581013792929,990.7833
1581013792966,990.7833
1581013793004,990.7833
1581013793043,990.7833
1581013793084,990.77014
1581013793120,990.77014
1581013793158,990.77014
1581013793198,990.77014
1581013793234,990.77014
1581013793275,990.8015
1581013793312,990.8015
1581013793351,990.8015
1581013793389,990.8015
1581013793428,990.82794
1581013793467,990.82794
1581013793504,990.82794
1581013793541,990.82794
1581013793581,990.84937
1581013793620,990.84937
1581013793659,990.84937
1581013793697,990.84937
1581013793736,990.80316
1581013793774,990.80316
1581013793812,990.80316
1581013793850,990.80316
1581013793891,990.85767
1581013793927,990.85767
1581013793965,990.85767
1581013794005,990.85767
1581013794045,990.85767
1581013794081,990.97736
1581013794120,990.97736
1581013794158,990.97736
1581013794197,990.97736
1581013794236,991.45465
1581013794273,991.45465
1581013794313,991.45465
1581013794350,991.45465
1581013794388,991.6165
1581013794428,991.6165
1581013794466,991.6165
1581013794505,991.6165
1581013794543,991.2168
1581013794581,991.2168
1581013794620,991.2168
1581013794659,991.2168
1581013794697,991.2168
1581013794735,990.9658
1581013794772,990.9658
1581013794812,990.9658
1581013794850,990.9658
1581013794889,990.7114
1581013794929,990.7114
1581013794966,990.7114
1581013795004,990.7114
1581013795043,990.6867
1581013795081,990.6867
1581013795119,990.6867
1581013795161,990.6867
1581013795198,990.707
1581013795239,990.707
1581013795272,990.707
1581013795310,990.707
1581013795348,990.707
1581013795387,990.7978
1581013795426,990.7978
1581013795464,990.7978
1581013795503,990.7978
1581013795552,990.806
1581013795579,990.806
1581013795622,990.806
1581013795657,990.806
1581013795694,990.8374
1581013795733,990.8374
1581013795772,990.8374
1581013795809,990.8374
1581013795848,990.86304
1581013795887,990.86304
1581013795925,990.86304
1581013795963,990.86304
1581013796002,990.86304
1581013796040,990.8795
1581013796078,990.8795
1581013796117,990.8795
1581013796155,990.8795
1581013796194,990.9047
1581013796232,990.9047
1581013796271,990.9047
1581013796309,990.9047
1581013796348,990.91296
1581013796388,990.91296
1581013796426,990.91296
1581013796466,990.91296
1581013796503,990.91254
1581013796541,990.91254
1581013796579,990.91254
1581013796617,990.91254
1581013796656,990.91254
1581013796694,990.91583
1581013796732,990.91583
1581013796773,990.91583
1581013796812,990.91583
1581013796850,990.9225
1581013796888,990.9225
1581013796924,990.9225
