1457007462545,-1.4621887,2.2670898,8.903091
1457007462592,-1.7383118,2.345642,9.350601
1457007462656,-1.4717102,2.209961,9.067337
1457007462720,-1.6740417,2.2956543,9.222061
1457007462784,-1.3764954,2.2647095,9.157791
1457007462849,-1.7597351,2.3289795,9.350601
1457007462914,-1.3955383,2.2313843,9.21492
1457007462979,-1.6169128,2.2837524,9.107803
1457007463042,-1.7192688,2.2956543,9.286331
1457007463107,-1.188446,2.293274,8.96022
1457007463171,-1.2884216,2.5098877,9.412491
1457007463236,-1.2360535,2.2528076,8.824539
1457007463300,-2.5214539,2.3337402,9.586258
1457007463365,-1.4217224,2.2409058,9.048294
1457007463429,-1.7264099,2.2004395,9.005447
1457007463494,-1.8216248,2.114746,9.740982
1457007463587,-2.4405212,1.6696167,8.617447
1457007463592,-2.4762268,1.6791382,8.755508
1457007463597,-2.4214783,1.8076782,8.753128
1457007463603,-2.388153,1.7981567,8.817398
1457007463607,-2.4762268,1.6981812,8.857864
1457007463612,-2.5643005,1.6315308,9.060196
1457007463617,-2.868988,1.5601196,9.241104
1457007463622,-3.0975037,1.5767822,9.364883
1457007463627,-3.3331604,1.6053467,9.552933
1457007463632,-3.3736267,1.6624756,9.886185
1457007463637,-2.9546814,2.1504517,10.107559
1457007463642,-2.4571838,2.5098877,10.269424
1457007463647,-2.04776,2.5908203,10.428909
1457007463651,-1.8763733,2.4813232,10.490799
1457007463657,-1.7097473,2.2670898,10.3979645
1457007463662,-1.4693298,2.0957031,10.202774
1457007463666,-1.3407898,2.0195313,9.9814
1457007463671,-1.1384583,1.9528809,9.745743
1457007463677,-0.9266052,1.9433594,9.748123
1457007463682,-0.8551941,2.0123901,9.721939
1457007463687,-0.87423706,1.9052734,9.66481
1457007463692,-0.89089966,1.8505249,9.550552
1457007463696,-0.9456482,1.7505493,9.517227
1457007463703,-1.0265808,1.7315063,9.400589
1457007463706,-1.0051575,1.7362671,9.550552
1457007463711,-1.1146545,1.7172241,9.731461
1457007463717,-1.2527161,1.7196045,9.614822
1457007463722,-1.3883972,1.7077026,9.591019
1457007463726,-1.374115,1.7005615,9.631485
1457007463731,-1.5550232,1.7505493,9.648148
1457007463736,-1.5764465,1.6600952,7.0678253
1457007463741,-1.3169861,1.9147949,7.9319
1457007463746,-1.5574036,1.921936,8.336563
1457007463751,-1.4288635,1.857666,8.462723
1457007463756,-1.2146301,1.9647827,8.622208
1457007463760,-1.2051086,2.1480713,8.646011
1457007463765,-1.3598328,2.229004,9.007828
1457007463770,-1.6311951,2.126648,9.048294
1457007463776,-1.8573303,1.9981079,9.262527
1457007463781,-2.066803,1.9552612,9.331558
1457007463785,-2.1763,2.0195313,9.424393
1457007463790,-2.1453552,2.1171265,9.629105
1457007463795,-2.123932,2.1932983,9.760025
1457007463800,-2.11203,2.198059,9.867142
1457007463805,-2.2024841,2.1766357,9.931412
1457007463811,-2.2048645,2.1742554,10.069473
1457007463815,-2.2310486,2.2409058,10.164688
1457007463820,-2.2429504,2.2456665,10.271805
1457007463825,-2.285797,2.133789,10.402725
1457007463830,-2.3929138,1.986206,10.3694
1457007463835,-2.3119812,1.9338379,10.297989
1457007463841,-2.1643982,1.9243164,10.081375
1457007463845,-1.9477844,1.9433594,9.72908
1457007463850,-1.6359558,2.081421,9.40773
1457007463855,-1.3169861,2.1433105,8.995926
1457007463859,-1.1217957,2.2956543,8.674576
1457007463865,-0.8456726,2.0838013,8.5698395
1457007463870,-0.7076111,1.8529053,8.576981
1457007463874,-0.5100403,1.7981567,8.753128
1457007463879,-0.35055542,1.8314819,8.629349
1457007463884,-0.3934021,1.7719727,8.481766
1457007463889,-0.50527954,1.8291016,8.393692
1457007463895,-0.5100403,1.9552612,8.405594
1457007463900,-0.5243225,2.1052246,8.667435
1457007463904,-0.71713257,2.043335,8.712662
1457007463909,-0.9361267,1.9290771,8.695999
1457007463914,-1.1313171,1.8838501,8.643631
1457007463919,-1.3122253,1.9338379,8.484146
1457007463925,-1.4907532,2.069519,8.348465
1457007463930,-1.7359314,2.2385254,8.324661
1457007463934,-2.04776,2.421814,8.348465
1457007463939,-2.4095764,2.4170532,8.258011
1457007463944,-2.8380432,2.4456177,8.500809
1457007463949,-3.0451355,2.4622803,8.810257
1457007463954,-3.0498962,2.4575195,9.195877
1457007463959,-2.9213562,2.4170532,9.60054
1457007463964,-2.8142395,2.3480225,9.779068
1457007463969,-2.6785583,2.2242432,9.938553
1457007463974,-2.4357605,2.1433105,10.062332
1457007463979,-2.188202,2.152832,10.195633
1457007463984,-2.0787048,2.190918,10.219437
1457007463989,-1.9787292,2.114746,10.162308
1457007463993,-1.881134,2.1409302,10.052811
1457007463998,-1.7644958,2.107605,9.955215
1457007464003,-1.7264099,2.190918,9.952835
1457007464008,-1.605011,2.198059,9.959976
1457007464013,-1.5812073,2.164734,10.026627
1457007464019,-1.5169373,2.126648,9.717178
1457007464023,-1.3526917,1.9481201,9.357742
1457007464028,-1.1313171,1.8481445,8.834061
1457007464033,-0.7623596,1.8529053,8.534134
1457007464038,-0.49575806,1.876709,8.153275
1457007464043,-0.31723022,2.031433,8.153275
1457007464049,-0.102996826,2.0671387,8.138992
1457007464053,0.025543213,2.0909424,8.019974
1457007464058,0.13742065,1.6005859,2.1095123
1457007464063,0.13265991,2.126648,6.9011993
1457007464068,-0.8028259,2.2028198,8.158035
1457007464074,-1.5074158,2.062378,9.626724
1457007464078,-1.4883728,1.9266968,9.591019
1457007464083,-1.2384338,2.152832,10.021866
1457007464088,-1.566925,2.088562,10.352737
1457007464092,-2.0810852,1.9290771,10.781204
1457007464097,-2.5643005,1.9457397,11.471512
1457007464104,-2.823761,2.1385498,11.78096
1457007464109,-2.868988,2.3742065,11.7642975
1457007464112,-2.8261414,2.5146484,11.592911
1457007464117,-2.842804,2.5622559,11.352493
1457007464122,-2.7285461,2.4908447,11.0073395
1457007464127,-2.5143127,2.467041,10.738358
1457007464133,-2.1477356,2.576538,10.37178
1457007464138,-1.8002014,2.5194092,9.976639
1457007464142,-1.6192932,2.421814,9.724319
1457007464147,-1.4336243,2.3408813,9.381546
1457007464152,-1.2170105,2.4003906,8.596024
1457007464157,-1.0242004,2.486084,7.712906
