1581013985181,993.1501
1581013985181,993.1501
1581013985220,993.1501
1581013985258,993.1501
1581013985296,993.1547
1581013985334,993.1547
1581013985373,993.1547
1581013985411,993.1547
1581013985450,993.1576
1581013985489,993.1576
1581013985527,993.1576
1581013985566,993.1576
1581013985608,993.1536
1581013985643,993.1536
1581013985681,993.1536
1581013985720,993.1536
1581013985762,993.1536
1581013985798,993.14935
1581013985836,993.14935
1581013985876,993.14935
1581013985914,993.14935
1581013985951,993.1584
1581013985988,993.1584
1581013986036,993.1584
1581013986068,993.1584
1581013986106,993.15424
1581013986141,993.15424
1581013986182,993.15424
1581013986223,993.15424
1581013986263,993.1486
1581013986299,993.1486
1581013986335,993.1486
1581013986376,993.1486
1581013986414,993.1486
1581013986450,993.13855
1581013986489,993.13855
1581013986527,993.13855
1581013986570,993.13855
1581013986604,993.142
1581013986643,993.142
1581013986682,993.142
1581013986722,993.142
1581013986760,993.1481
1581013986796,993.1481
1581013986837,993.1481
1581013986876,993.1481
1581013986913,993.1505
1581013986981,993.1505
1581013987017,993.1505
1581013987117,993.1505
1581013987117,993.1505
1581013987117,993.1394
1581013987142,993.1394
1581013987181,993.1394
1581013987219,993.1394
1581013987262,993.15265
1581013987297,993.15265
1581013987334,993.15265
1581013987373,993.15265
1581013987414,993.1659
1581013987451,993.1659
1581013987491,993.1659
1581013987528,993.1659
1581013987565,993.15985
1581013987604,993.15985
1581013987641,993.15985
1581013987682,993.15985
1581013987719,993.15985
1581013987760,993.1798
1581013987797,993.1798
1581013987839,993.1798
1581013987877,993.1798
1581013987912,993.19086
1581013987951,993.19086
1581013987989,993.19086
1581013988029,993.19086
1581013988066,993.1951
1581013988103,993.1951
1581013988142,993.1951
1581013988181,993.1951
1581013988219,993.1951
1581013988258,993.2062
1581013988296,993.2062
1581013988335,993.2062
1581013988374,993.2062
1581013988413,993.21576
1581013988453,993.21576
1581013988489,993.21576
1581013988528,993.21576
1581013988566,993.20825
1581013988606,993.20825
1581013988642,993.20825
1581013988680,993.20825
1581013988720,993.20197
1581013988759,993.20197
1581013988795,993.20197
1581013988838,993.20197
1581013988873,993.20197
1581013988913,993.2047
1581013988952,993.2047
1581013989016,993.2047
1581013989062,993.2047
1581013989108,993.21265
1581013989108,993.21265
1581013989141,993.21265
1581013989182,993.21265
1581013989222,993.2051
1581013989259,993.2051
1581013989296,993.2051
1581013989334,993.2051
1581013989374,993.1976
1581013989412,993.1976
1581013989450,993.1976
1581013989490,993.1976
1581013989547,993.1976
1581013989568,993.19366
1581013989603,993.19366
1581013989643,993.19366
1581013989695,993.19366
1581013989723,993.1844
1581013989758,993.1844
1581013989798,993.1844
1581013989835,993.1844
1581013989873,993.17413
1581013989915,993.17413
1581013989950,993.17413
1581013989988,993.17413
1581013990031,993.16504
1581013990068,993.16504
1581013990105,993.16504
1581013990141,993.16504
1581013990182,993.16504
1581013990220,993.1494
1581013990260,993.1494
1581013990294,993.1494
1581013990336,993.1494
1581013990372,993.1318
1581013990413,993.1318
1581013990451,993.1318
1581013990489,993.1318
1581013990526,993.1168
1581013990567,993.1168
1581013990604,993.1168
1581013990645,993.1168
1581013990679,993.09796
1581013990719,993.09796
1581013990765,993.09796
1581013990803,993.09796
1581013990838,993.09796
1581013990871,993.0844
1581013990910,993.0844
1581013990949,993.0844
1581013990987,993.0844
1581013991032,993.0741
1581013991102,993.0741
1581013991106,993.0741
1581013991141,993.0741
1581013991181,993.05743
1581013991218,993.05743
1581013991258,993.05743
1581013991296,993.05743
1581013991334,993.02875
1581013991373,993.02875
1581013991413,993.02875
1581013991450,993.02875
1581013991489,993.02875
1581013991526,993.0118
1581013991566,993.0118
1581013991602,993.0118
1581013991643,993.0118
1581013991679,992.9968
1581013991718,992.9968
1581013991758,992.9968
1581013991796,992.9968
1581013991835,992.98035
1581013991873,992.98035
1581013991911,992.98035
1581013991949,992.98035
1581013991989,992.9621
1581013992029,992.9621
1581013992066,992.9621
1581013992104,992.9621
1581013992141,992.9621
1581013992182,992.9422
1581013992217,992.9422
1581013992257,992.9422
1581013992297,992.9422
1581013992334,992.9274
1581013992373,992.9274
1581013992413,992.9274
1581013992450,992.9274
1581013992489,992.91125
1581013992526,992.91125
1581013992566,992.91125
1581013992605,992.91125
1581013992643,992.91125
1581013992683,992.8896
1581013992719,992.8896
1581013992758,992.8896
1581013992797,992.8896
1581013992839,992.86816
1581013992873,992.86816
1581013992914,992.86816
1581013992950,992.86816
1581013992998,992.8539
1581013993065,992.8539
1581013993065,992.8539
1581013993101,992.8539
1581013993142,992.8339
1581013993188,992.8339
1581013993224,992.8339
1581013993256,992.8339
1581013993294,992.8339
1581013993332,992.81433
1581013993374,992.81433
1581013993410,992.81433
1581013993449,992.81433
1581013993488,992.79803
1581013993528,992.79803
1581013993567,992.79803
1581013993602,992.79803
1581013993642,992.782
1581013993682,992.782
1581013993718,992.782
1581013993758,992.782
1581013993799,992.7672
1581013993835,992.7672
1581013993875,992.7672
1581013993914,992.7672
1581013993950,992.7672
1581013993987,992.7512
1581013994026,992.7512
1581013994125,992.7512
1581013994126,992.7512
1581013994140,992.72955
1581013994184,992.72955
1581013994217,992.72955
1581013994257,992.72955
1581013994296,992.71356
1581013994335,992.71356
1581013994373,992.71356
1581013994415,992.71356
1581013994449,992.7078
1581013994487,992.7078
1581013994528,992.7078
1581013994564,992.7078
1581013994605,992.7078
1581013994645,992.6982
1581013994683,992.6982
1581013994718,992.6982
1581013994758,992.6982
1581013994799,992.70233
1581013994834,992.70233
1581013994872,992.70233
1581013994912,992.70233
1581013994949,992.67896
1581013994988,992.67896
1581013995029,992.67896
1581013995064,992.67896
1581013995102,992.6554
1581013995142,992.6554
1581013995183,992.6554
1581013995217,992.6554
1581013995255,992.6554
1581013995295,992.64435
1581013995335,992.64435
1581013995372,992.64435
1581013995411,992.64435
1581013995449,992.6347
1581013995489,992.6347
1581013995526,992.6347
1581013995565,992.6347
1581013995604,992.61066
1581013995647,992.61066
1581013995681,992.61066
1581013995718,992.61066
1581013995757,992.59576
1581013995797,992.59576
1581013995835,992.59576
1581013995872,992.59576
1581013995911,992.59576
1581013995948,992.58887
1581013995986,992.58887
1581013996025,992.58887
1581013996063,992.58887
1581013996102,992.57513
1581013996140,992.57513
1581013996178,992.57513
1581013996217,992.57513
1581013996257,992.5666
1581013996294,992.5666
1581013996335,992.5666
1581013996376,992.5666
1581013996409,992.54376
1581013996450,992.54376
1581013996487,992.54376
1581013996525,992.54376
1581013996565,992.54376
1581013996602,992.5369
1581013996642,992.5369
1581013996678,992.5369
1581013996717,992.5369
1581013996755,992.5158
1581013996795,992.5158
1581013996839,992.5158
1581013996871,992.5158
1581013996911,992.5105
1581013996947,992.5105
1581013996987,992.5105
1581013997036,992.5105
1581013997064,992.5049
1581013997101,992.5049
1581013997142,992.5049
1581013997179,992.5049
1581013997218,992.5049
1581013997256,992.4941
1581013997295,992.4941
1581013997334,992.4941
1581013997371,992.4941
1581013997411,992.47766
1581013997448,992.47766
1581013997488,992.47766
1581013997526,992.47766
1581013997564,992.4599
1581013997602,992.4599
1581013997641,992.4599
1581013997680,992.4599
1581013997716,992.4599
1581013997755,992.4443
1581013997796,992.4443
1581013997833,992.4443
1581013997871,992.4443
1581013997908,992.4299
1581013997948,992.4299
1581013997986,992.4299
1581013998024,992.4299
1581013998063,992.41174
1581013998101,992.41174
1581013998141,992.41174
1581013998181,992.41174
1581013998218,992.40076
1581013998256,992.40076
1581013998299,992.40076
1581013998332,992.40076
1581013998373,992.38104
1581013998412,992.38104
1581013998447,992.38104
1581013998488,992.38104
1581013998527,992.38104
1581013998566,992.36743
1581013998605,992.36743
1581013998642,992.36743
1581013998683,992.36743
1581013998717,992.353
1581013998756,992.353
1581013998794,992.353
1581013998850,992.353
1581013998872,992.34674
1581013998909,992.34674
1581013998947,992.34674
1581013998986,992.34674
1581013999026,992.34674
1581013999084,992.327
1581013999100,992.327
1581013999139,992.327
1581013999181,992.327
1581013999221,992.31384
1581013999255,992.31384
1581013999293,992.31384
1581013999334,992.31384
1581013999373,992.2938
1581013999412,992.2938
1581013999446,992.2938
1581013999488,992.2938
1581013999525,992.279
1581013999563,992.279
1581013999601,992.279
1581013999645,992.279
1581013999680,992.279
1581013999716,992.2661
1581013999754,992.2661
1581013999794,992.2661
1581013999834,992.2661
1581013999877,992.2598
1581013999909,992.2598
1581013999947,992.2598
1581013999987,992.2598
1581014000025,992.2398
1581014000063,992.2398
1581014000100,992.2398
1581014000143,992.2398
1581014000182,992.2232
1581014000219,992.2232
1581014000255,992.2232
1581014000296,992.2232
1581014000335,992.2232
1581014000371,992.1991
1581014000409,992.1991
1581014000448,992.1991
1581014000488,992.1991
1581014000525,992.1933
1581014000562,992.1933
1581014000604,992.1933
1581014000639,992.1933
1581014000678,992.1753
1581014000718,992.1753
1581014000762,992.1753
1581014000794,992.1753
1581014000833,992.1622
1581014000872,992.1622
1581014000916,992.1622
1581014000947,992.1622
1581014000988,992.1622
1581014001025,992.1512
1581014001062,992.1512
1581014001103,992.1512
1581014001140,992.1512
1581014001181,992.138
1581014001217,992.138
1581014001256,992.138
1581014001294,992.138
1581014001331,992.1335
1581014001371,992.1335
1581014001408,992.1335
1581014001446,992.1335
1581014001489,992.1237
1581014001526,992.1237
1581014001565,992.1237
1581014001602,992.1237
1581014001640,992.1237
1581014001681,992.1126
1581014001718,992.1126
1581014001755,992.1126
1581014001792,992.1126
1581014001833,992.10504
1581014001870,992.10504
1581014001909,992.10504
1581014001948,992.10504
1581014001986,992.0938
1581014002026,992.0938
1581014002067,992.0938
1581014002100,992.0938
1581014002139,992.0846
1581014002182,992.0846
1581014002216,992.0846
1581014002254,992.0846
1581014002294,992.0846
1581014002334,992.0788
1581014002370,992.0788
1581014002411,992.0788
1581014002448,992.0788
1581014002487,992.0805
1581014002526,992.0805
1581014002561,992.0805
1581014002601,992.0805
1581014002642,992.0783
1581014002677,992.0783
1581014002717,992.0783
1581014002754,992.0783
1581014002794,992.0783
1581014002831,992.08514
1581014002872,992.08514
1581014002909,992.08514
1581014002947,992.08514
1581014002986,992.0822
1581014003025,992.0822
1581014003064,992.0822
1581014003101,992.0822
1581014003152,992.0771
1581014003184,992.0771
1581014003217,992.0771
1581014003254,992.0771
1581014003293,992.0724
1581014003331,992.0724
1581014003371,992.0724
1581014003409,992.0724
1581014003447,992.0724
1581014003487,992.0833
1581014003523,992.0833
1581014003561,992.0833
1581014003601,992.0833
1581014003639,992.07666
1581014003679,992.07666
1581014003721,992.07666
1581014003755,992.07666
1581014003793,992.0759
1581014003830,992.0759
1581014003870,992.0759
1581014003910,992.0759
1581014003947,992.0727
1581014003985,992.0727
1581014004027,992.0727
1581014004075,992.0727
1581014004105,992.0727
1581014004138,992.0819
1581014004179,992.0819
1581014004225,992.0819
1581014004254,992.0819
1581014004294,992.0877
1581014004333,992.0877
1581014004369,992.0877
1581014004413,992.0877
1581014004447,992.087
1581014004486,992.087
1581014004525,992.087
1581014004561,992.087
1581014004603,992.0756
1581014004639,992.0756
1581014004685,992.0756
1581014004715,992.0756
1581014004755,992.0756
1581014004794,992.075
1581014004833,992.075
1581014004870,992.075
1581014004909,992.075
1581014004947,992.0809
1581014004985,992.0809
1581014005023,992.0809
1581014005067,992.0809
1581014005100,992.08
1581014005139,992.08
1581014005180,992.08
1581014005216,992.08
1581014005254,992.08624
1581014005294,992.08624
1581014005331,992.08624
1581014005371,992.08624
1581014005408,992.08624
1581014005447,992.0852
1581014005484,992.0852
1581014005524,992.0852
1581014005563,992.0852
1581014005601,992.08295
1581014005639,992.08295
1581014005675,992.08295
1581014005717,992.08295
1581014005754,992.08575
1581014005791,992.08575
1581014005829,992.08575
1581014005872,992.08575
1581014005908,992.0886
1581014005945,992.0886
1581014005985,992.0886
1581014006024,992.0886
1581014006071,992.0886
1581014006099,992.0893
1581014006139,992.0893
1581014006177,992.0893
1581014006218,992.0893
1581014006254,992.08997
1581014006292,992.08997
1581014006332,992.08997
1581014006367,992.08997
