1581017231355,989.79663
1581017231395,989.79663
1581017231432,989.79663
1581017231470,989.79663
1581017231509,989.79877
1581017231548,989.79877
1581017231587,989.79877
1581017231624,989.79877
1581017231664,989.79877
1581017231701,989.796
1581017231740,989.796
1581017231778,989.796
1581017231817,989.796
1581017231855,989.5488
1581017231895,989.5488
1581017231932,989.5488
1581017231970,989.5488
1581017232009,989.7109
1581017232048,989.7109
1581017232086,989.7109
1581017232124,989.7109
1581017232163,989.7109
1581017232201,989.83856
1581017232240,989.83856
1581017232278,989.83856
1581017232318,989.83856
1581017232355,989.8439
1581017232393,989.8439
1581017232432,989.8439
1581017232470,989.8439
1581017232511,989.85205
1581017232548,989.85205
1581017232587,989.85205
1581017232625,989.85205
1581017232665,989.8466
1581017232704,989.8466
1581017232739,989.8466
1581017232778,989.8466
1581017232816,989.8466
1581017232855,989.8727
1581017232894,989.8727
1581017232933,989.8727
1581017232970,989.8727
1581017233009,989.9515
1581017233088,990.01904
1581017233126,990.01904
1581017233164,990.01904
1581017233203,990.01904
1581017233263,990.1977
1581017233286,990.1977
1581017233318,990.1977
1581017233355,990.1977
1581017233394,990.04645
1581017233434,990.04645
1581017233475,990.04645
1581017233515,990.04645
1581017233552,990.04645
1581017233589,990.088
1581017233627,990.088
1581017233665,990.088
1581017233705,990.088
1581017233742,990.0853
1581017233780,990.0853
1581017233818,990.0853
1581017233855,990.0853
1581017233895,990.1981
1581017233932,990.1981
1581017233972,990.1981
1581017234011,990.1981
1581017234049,990.401
1581017234088,990.401
1581017234125,990.401
1581017234171,990.401
1581017234203,990.401
1581017234242,990.1737
1581017234279,990.1737
1581017234319,990.1737
1581017234356,990.1737
1581017234395,990.1183
1581017234435,990.1183
1581017234473,990.1183
1581017234510,990.1183
1581017234551,990.2815
1581017234586,990.2815
1581017234625,990.2815
1581017234666,990.2815
1581017234703,989.94336
1581017234742,989.94336
1581017234781,989.94336
1581017234820,989.94336
1581017234857,989.94336
1581017234894,989.9527
1581017234934,989.9527
1581017234972,989.9527
1581017235011,989.9527
1581017235049,989.6747
1581017235086,989.6747
1581017235126,989.6747
1581017235163,989.6747
1581017235203,989.82764
1581017235242,989.82764
1581017235285,989.82764
1581017235332,989.82764
1581017235354,990.0563
1581017235393,990.0563
1581017235433,990.0563
1581017235472,990.0563
1581017235508,990.0563
1581017235547,989.9592
1581017235587,989.9592
1581017235625,989.9592
1581017235664,989.9592
1581017235702,990.1322
1581017235741,990.1322
1581017235780,990.1322
1581017235817,990.1322
1581017235855,989.72217
1581017235893,989.72217
1581017235933,989.72217
1581017235972,989.72217
1581017236010,990.1046
1581017236047,990.1046
1581017236086,990.1046
1581017236125,990.1046
1581017236164,990.1046
1581017236201,989.9973
1581017236243,989.9973
1581017236282,989.9973
1581017236317,989.9973
1581017236356,989.7382
1581017236396,989.7382
1581017236432,989.7382
1581017236471,989.7382
1581017236509,990.22266
1581017236550,990.22266
1581017236587,990.22266
1581017236624,990.22266
1581017236665,989.8306
1581017236700,989.8306
1581017236741,989.8306
1581017236781,989.8306
1581017236817,989.8306
1581017236856,990.01013
1581017236895,990.01013
1581017236933,990.01013
1581017236971,990.01013
1581017237009,989.9189
1581017237049,989.9189
1581017237087,989.9189
1581017237126,989.9189
1581017237165,989.6234
1581017237203,989.6234
1581017237241,989.6234
1581017237300,989.6234
1581017237327,990.0644
1581017237354,990.0644
1581017237392,990.0644
1581017237432,990.0644
1581017237470,990.0644
1581017237510,989.8864
1581017237549,989.8864
1581017237589,989.8864
1581017237626,989.8864
1581017237664,990.1376
1581017237700,990.1376
1581017237740,990.1376
1581017237779,990.1376
1581017237815,989.9652
1581017237855,989.9652
1581017237892,989.9652
1581017237933,989.9652
1581017237971,989.7912
1581017238009,989.7912
1581017238048,989.7912
1581017238088,989.7912
1581017238127,989.7912
1581017238164,990.2093
1581017238201,990.2093
1581017238240,990.2093
1581017238281,990.2093
1581017238316,990.0169
1581017238356,990.0169
1581017238396,990.0169
1581017238432,990.0169
1581017238472,990.18585
1581017238510,990.18585
1581017238547,990.18585
1581017238587,990.18585
1581017238624,990.08185
1581017238662,990.08185
1581017238700,990.08185
1581017238739,990.08185
1581017238777,990.08185
1581017238816,989.9039
1581017238854,989.9039
1581017238892,989.9039
1581017238931,989.9039
1581017238969,989.99536
1581017239008,989.99536
1581017239047,989.99536
1581017239085,989.99536
1581017239124,989.9581
1581017239161,989.9581
1581017239201,989.9581
1581017239239,989.9581
1581017239279,990.23376
1581017239315,990.23376
1581017239356,990.23376
1581017239393,990.23376
1581017239432,990.23376
1581017239470,989.8954
1581017239511,989.8954
1581017239549,989.8954
1581017239587,989.8954
1581017239626,989.9165
1581017239663,989.9165
1581017239702,989.9165
1581017239740,989.9165
1581017239778,989.8244
1581017239818,989.8244
1581017239856,989.8244
1581017239894,989.8244
1581017239932,989.93353
1581017239971,989.93353
1581017240009,989.93353
1581017240048,989.93353
1581017240087,989.93353
1581017240130,990.1192
1581017240163,990.1192
1581017240202,990.1192
1581017240240,990.1192
1581017240278,989.82086
1581017240317,989.82086
1581017240357,989.82086
1581017240394,989.82086
1581017240431,990.00977
1581017240472,990.00977
1581017240514,990.00977
1581017240546,990.00977
1581017240587,989.72125
1581017240624,989.72125
1581017240664,989.72125
1581017240700,989.72125
1581017240738,989.72125
1581017240777,989.8844
1581017240816,989.8844
1581017240855,989.8844
1581017240892,989.8844
1581017240931,990.0684
1581017240969,990.0684
1581017241007,990.0684
1581017241047,990.0684
1581017241085,989.9959
1581017241124,989.9959
1581017241162,989.9959
1581017241202,989.9959
1581017241240,990.2221
1581017241278,990.2221
1581017241316,990.2221
1581017241355,990.2221
1581017241393,990.2221
1581017241431,989.745
1581017241471,989.745
1581017241509,989.745
1581017241546,989.745
1581017241585,990.1041
1581017241624,990.1041
1581017241662,990.1041
1581017241701,990.1041
1581017241739,989.9834
1581017241778,989.9834
1581017241817,989.9834
1581017241855,989.9834
1581017241892,989.73254
1581017241933,989.73254
1581017241970,989.73254
1581017242008,989.73254
1581017242047,989.73254
1581017242084,990.4648
1581017242125,990.4648
1581017242163,990.4648
1581017242201,990.4648
1581017242240,989.9046
1581017242278,989.9046
1581017242315,989.9046
1581017242356,989.9046
1581017242394,990.18677
1581017242431,990.18677
1581017242469,990.18677
1581017242510,990.18677
1581017242546,990.18677
1581017242586,990.06683
1581017242624,990.06683
1581017242662,990.06683
1581017242702,990.06683
1581017242739,989.5411
1581017242778,989.5411
1581017242815,989.5411
1581017242860,989.5411
1581017242892,990.0654
1581017242930,990.0654
1581017242975,990.0654
1581017243011,990.0654
1581017243047,989.7884
1581017243085,989.7884
1581017243123,989.7884
1581017243162,989.7884
1581017243201,989.7884
1581017243238,990.1675
1581017243276,990.1675
1581017243316,990.1675
1581017243353,990.1675
1581017243392,989.9686
1581017243430,989.9686
1581017243469,989.9686
1581017243507,989.9686
1581017243545,989.71246
1581017243584,989.71246
1581017243622,989.71246
1581017243661,989.71246
1581017243699,990.15045
1581017243738,990.15045
1581017243777,990.15045
1581017243814,990.15045
1581017243853,990.15045
1581017243892,990.0331
1581017243931,990.0331
1581017243969,990.0331
1581017244007,990.0331
1581017244046,990.3732
1581017244084,990.3732
1581017244122,990.3732
1581017244161,990.3732
1581017244199,990.09875
1581017244239,990.09875
1581017244281,990.09875
1581017244313,990.09875
1581017244352,990.1224
1581017244393,990.1224
1581017244432,990.1224
1581017244469,990.1224
1581017244508,990.1224
1581017244545,989.6997
1581017244583,989.6997
1581017244621,989.6997
1581017244660,989.6997
1581017244700,989.9737
1581017244737,989.9737
1581017244775,989.9737
1581017244813,989.9737
1581017244852,990.1319
1581017244891,990.1319
1581017244930,990.1319
1581017244968,990.1319
1581017245006,989.83325
1581017245044,989.83325
1581017245082,989.83325
1581017245122,989.83325
1581017245160,989.83325
1581017245199,990.4374
1581017245236,990.4374
1581017245276,990.4374
1581017245320,990.4374
1581017245353,989.8282
1581017245390,989.8282
1581017245430,989.8282
1581017245468,989.8282
1581017245506,990.19293
1581017245547,990.19293
1581017245582,990.19293
1581017245621,990.19293
1581017245660,990.0019
1581017245698,990.0019
1581017245739,990.0019
1581017245776,990.0019
1581017245816,990.0019
1581017245854,989.697
1581017245894,989.697
1581017245930,989.697
1581017245971,989.697
1581017246009,990.6075
1581017246046,990.6075
1581017246085,990.6075
1581017246123,990.6075
1581017246161,990.0138
1581017246459,990.0138
1581017246459,990.0138
1581017246459,990.0138
1581017246459,990.37537
1581017246459,990.37537
1581017246459,990.37537
1581017246459,990.37537
1581017246469,990.37537
1581017246505,990.24524
1581017246544,990.24524
1581017246583,990.24524
1581017246621,990.24524
1581017246659,990.12573
1581017246699,990.12573
1581017246737,990.12573
1581017246775,990.12573
1581017246814,990.02637
1581017246853,990.02637
1581017246891,990.02637
1581017246929,990.02637
1581017246967,990.0668
1581017247007,990.0668
1581017247045,990.0668
1581017247083,990.0668
1581017247122,990.0668
1581017247160,990.3587
1581017247198,990.3587
1581017247237,990.3587
1581017247276,990.3587
1581017247313,989.96515
1581017247352,989.96515
1581017247390,989.96515
1581017247429,989.96515
1581017247468,990.1897
1581017247506,990.1897
1581017247545,990.1897
1581017247583,990.1897
1581017247622,989.5958
1581017247660,989.5958
1581017247698,989.5958
1581017247737,989.5958
1581017247775,989.5958
1581017247814,990.0228
1581017247852,990.0228
1581017247890,990.0228
1581017247929,990.0228
1581017247969,989.84357
1581017248007,989.84357
1581017248045,989.84357
1581017248084,989.84357
1581017248122,989.46326
1581017248160,989.46326
1581017248198,989.46326
1581017248237,989.46326
1581017248275,990.2077
1581017248313,990.2077
1581017248353,990.2077
1581017248390,990.2077
1581017248430,990.2077
1581017248467,989.7627
1581017248506,989.7627
1581017248548,989.7627
1581017248586,989.7627
1581017248621,990.2318
1581017248661,990.2318
1581017248697,990.2318
1581017248736,990.2318
1581017248774,990.02496
1581017248815,990.02496
1581017248852,990.02496
1581017248890,990.02496
1581017248929,989.8515
1581017248967,989.8515
1581017249007,989.8515
1581017249047,989.8515
1581017249084,989.8515
1581017249122,990.01276
1581017249165,990.01276
1581017249200,990.01276
1581017249239,990.01276
1581017249275,989.9686
1581017249313,989.9686
1581017249351,989.9686
1581017249390,989.9686
1581017249430,990.2676
1581017249468,990.2676
1581017249506,990.2676
1581017249544,990.2676
1581017249584,989.8095
1581017249621,989.8095
1581017249660,989.8095
1581017249699,989.8095
1581017249740,989.8095
1581017249776,989.91345
1581017249815,989.91345
1581017249854,989.91345
1581017249891,989.91345
1581017249930,989.51385
1581017249968,989.51385
1581017250006,989.51385
1581017250045,989.51385
1581017250084,989.9254
1581017250124,989.9254
1581017250161,989.9254
1581017250199,989.9254
1581017250239,990.0441
1581017250275,990.0441
1581017250313,990.0441
1581017250351,990.0441
1581017250390,990.0441
1581017250429,989.7247
1581017250467,989.7247
1581017250507,989.7247
1581017250547,989.7247
1581017250583,990.29987
1581017250623,990.29987
1581017250661,990.29987
1581017250702,990.29987
1581017250735,989.6316
1581017250775,989.6316
1581017250816,989.6316
1581017250854,989.6316
1581017250891,989.9159
1581017250930,989.9159
1581017250968,989.9159
1581017251007,989.9159
1581017251045,989.9159
1581017251084,989.9839
1581017251122,989.9839
1581017251160,989.9839
1581017251199,989.9839
1581017251238,989.42883
1581017251276,989.42883
1581017251314,989.42883
1581017251354,989.42883
1581017251391,990.19055
1581017251430,990.19055
1581017251469,990.19055
1581017251508,990.19055
1581017251546,990.19055
1581017251581,989.6384
1581017251620,989.6384
1581017251659,989.6384
1581017251697,989.6384
1581017251739,990.05524
1581017251774,990.05524
1581017251814,990.05524
1581017251852,990.05524
1581017251892,989.93176
1581017251930,989.93176
1581017251967,989.93176
1581017252008,989.93176
1581017252046,989.58453
1581017252083,989.58453
1581017252121,989.58453
1581017252160,989.58453
1581017252198,989.58453
1581017252239,990.1483
1581017252278,990.1483
1581017252314,990.1483
1581017252352,990.1483
1581017252391,989.84485
1581017252429,989.84485
1581017252468,989.84485
1581017252507,989.84485
1581017252544,990.27515
1581017252583,990.27515
1581017252621,990.27515
1581017252661,990.27515
1581017252699,989.8739
1581017252737,989.8739
1581017252775,989.8739
1581017252814,989.8739
1581017252852,989.8739
1581017252891,989.76685
1581017252930,989.76685
1581017252970,989.76685
1581017253007,989.76685
1581017253045,989.57495
1581017253082,989.57495
1581017253122,989.57495
1581017253161,989.57495
1581017253200,989.6691
1581017253237,989.6691
1581017253274,989.6691
1581017253313,989.6691
1581017253353,989.96783
1581017253391,989.96783
1581017253428,989.96783
1581017253472,989.96783
1581017253506,989.96783
1581017253544,989.54895
1581017253583,989.54895
1581017253621,989.54895
1581017253660,989.54895
1581017253698,990.1315
1581017253738,990.1315
1581017253777,990.1315
1581017253812,990.1315
1581017253850,989.5011
1581017253889,989.5011
1581017253928,989.5011
1581017253970,989.5011
1581017254006,989.94543
1581017254046,989.94543
1581017254083,989.94543
1581017254122,989.94543
1581017254160,989.94543
1581017254199,989.81287
1581017254239,989.81287
1581017254275,989.81287
1581017254314,989.81287
1581017254351,989.4333
1581017254390,989.4333
1581017254430,989.4333
1581017254468,989.4333
1581017254507,989.8629
1581017254545,989.8629
1581017254583,989.8629
1581017254622,989.8629
1581017254661,989.7729
1581017254700,989.7729
1581017254737,989.7729
1581017254774,989.7729
1581017254812,989.7729
1581017254852,990.1918
1581017254891,990.1918
1581017254929,990.1918
1581017254967,990.1918
1581017255005,989.70416
1581017255044,989.70416
1581017255084,989.70416
1581017255121,989.70416
1581017255162,989.77783
1581017255198,989.77783
1581017255238,989.77783
1581017255273,989.77783
1581017255312,989.57983
1581017255351,989.57983
1581017255391,989.57983
1581017255428,989.57983
1581017255468,989.57983
1581017255503,989.7087
1581017255543,989.7087
1581017255581,989.7087
1581017255626,989.7087
1581017255658,989.81177
1581017255697,989.81177
1581017255737,989.81177
1581017255776,989.81177
1581017255813,989.50085
1581017255851,989.50085
1581017255890,989.50085
1581017255929,989.50085
1581017255965,990.0723
1581017256007,990.0723
1581017256044,990.0723
1581017256083,990.0723
1581017256121,990.0723
1581017256159,989.4424
1581017256198,989.4424
1581017256236,989.4424
1581017256275,989.4424
1581017256313,989.8383
1581017256353,989.8383
1581017256392,989.8383
1581017256430,989.8383
1581017256467,989.82196
1581017256505,989.82196
1581017256543,989.82196
1581017256582,989.82196
1581017256621,989.4333
1581017256659,989.4333
1581017256697,989.4333
1581017256737,989.4333
1581017256774,989.4333
1581017256812,990.1834
1581017256852,990.1834
1581017256891,990.1834
1581017256927,990.1834
1581017256966,989.68854
1581017257006,989.68854
1581017257045,989.68854
1581017257081,989.68854
1581017257120,990.136
1581017257160,990.136
1581017257199,990.136
1581017257235,990.136
1581017257275,989.93726
1581017257312,989.93726
1581017257350,989.93726
1581017257388,989.93726
1581017257426,989.93726
1581017257465,989.6729
1581017257504,989.6729
1581017257543,989.6729
1581017257582,989.6729
1581017257620,989.94653
1581017257658,989.94653
1581017257699,989.94653
1581017257738,989.94653
1581017257775,989.8115
1581017257814,989.8115
1581017257852,989.8115
1581017257890,989.8115
1581017257931,990.2975
1581017257966,990.2975
1581017258005,990.2975
1581017258045,990.2975
1581017258083,990.2975
1581017258120,989.80005
1581017258158,989.80005
1581017258196,989.80005
1581017258236,989.80005
1581017258273,989.95544
1581017258313,989.95544
1581017258351,989.95544
1581017258389,989.95544
1581017258427,989.5586
1581017258467,989.5586
1581017258507,989.5586
1581017258544,989.5586
1581017258582,989.82245
1581017258621,989.82245
1581017258659,989.82245
1581017258695,989.82245
1581017258736,989.82245
1581017258772,989.85516
1581017258811,989.85516
1581017258850,989.85516
1581017258889,989.85516
1581017258927,989.50085
1581017258967,989.50085
1581017259006,989.50085
1581017259042,989.50085
1581017259081,990.09644
1581017259120,990.09644
1581017259160,990.09644
1581017259199,990.09644
1581017259235,989.43866
1581017259274,989.43866
1581017259310,989.43866
1581017259349,989.43866
1581017259389,989.43866
1581017259430,989.8052
1581017259465,989.8052
1581017259505,989.8052
1581017259543,989.8052
1581017259582,989.61414
1581017259619,989.61414
1581017259659,989.61414
1581017259698,989.61414
1581017259736,989.3171
1581017259775,989.3171
1581017259811,989.3171
1581017259851,989.3171
1581017259890,990.2383
1581017259927,990.2383
1581017259967,990.2383
1581017260007,990.2383
1581017260043,990.2383
1581017260082,989.62634
1581017260120,989.62634
1581017260158,989.62634
1581017260196,989.62634
1581017260234,990.09174
1581017260276,990.09174
1581017260311,990.09174
1581017260353,990.09174
1581017260390,989.7894
1581017260428,989.7894
1581017260467,989.7894
1581017260504,989.7894
1581017260541,989.7558
1581017260580,989.7558
1581017260618,989.7558
1581017260659,989.7558
1581017260698,989.7558
1581017260736,989.68097
1581017260774,989.68097
1581017260813,989.68097
1581017260851,989.68097
1581017260891,989.7193
1581017260928,989.7193
1581017260966,989.7193
1581017261006,989.7193
1581017261042,990.0858
1581017261082,990.0858
1581017261119,990.0858
1581017261158,990.0858
1581017261196,990.0858
1581017261235,989.63007
1581017261273,989.63007
1581017261312,989.63007
1581017261350,989.63007
1581017261389,989.77734
1581017261428,989.77734
1581017261468,989.77734
1581017261510,989.77734
1581017261544,989.38135
1581017261582,989.38135
1581017261619,989.38135
1581017261658,989.38135
1581017261697,989.7588
1581017261736,989.7588
1581017261774,989.7588
1581017261819,989.7588
1581017261852,989.7588
1581017261889,989.7854
1581017261927,989.7854
1581017261965,989.7854
1581017262006,989.7854
1581017262041,989.31744
1581017262080,989.31744
1581017262118,989.31744
1581017262157,989.31744
1581017262195,990.0757
1581017262234,990.0757
1581017262272,990.0757
1581017262310,990.0757
1581017262350,989.51855
1581017262406,989.51855
1581017262429,989.51855
1581017262465,989.51855
1581017262502,989.51855
1581017262543,989.94434
1581017262580,989.94434
1581017262621,989.94434
1581017262657,989.94434
1581017262696,989.7398
1581017262735,989.7398
1581017262772,989.7398
1581017262811,989.7398
1581017262850,989.6031
1581017262887,989.6031
1581017262926,989.6031
1581017262965,989.6031
1581017263005,989.8329
1581017263043,989.8329
1581017263081,989.8329
1581017263119,989.8329
1581017263158,989.8329
1581017263196,989.8415
1581017263234,989.8415
1581017263272,989.8415
1581017263311,989.8415
1581017263351,990.2047
1581017263388,990.2047
1581017263425,990.2047
1581017263465,990.2047
1581017263503,989.5494
1581017263541,989.5494
1581017263581,989.5494
1581017263619,989.5494
1581017263659,989.74115
1581017263697,989.74115
1581017263734,989.74115
1581017263771,989.74115
1581017263809,989.74115
1581017263848,989.3927
1581017263886,989.3927
1581017263925,989.3927
1581017263964,989.3927
1581017264004,989.607
1581017264041,989.607
1581017264081,989.607
1581017264119,989.607
1581017264162,989.93494
1581017264197,989.93494
1581017264236,989.93494
1581017264272,989.93494
1581017264312,989.5129
1581017264349,989.5129
1581017264388,989.5129
1581017264428,989.5129
1581017264467,989.5129
1581017264503,989.82935
1581017264542,989.82935
1581017264579,989.82935
1581017264619,989.82935
1581017264656,989.3062
1581017264696,989.3062
1581017264735,989.3062
1581017264773,989.3062
1581017264811,989.65466
1581017264850,989.65466
1581017264888,989.65466
1581017264925,989.65466
1581017264965,989.7405
1581017265004,989.7405
1581017265043,989.7405
1581017265080,989.7405
1581017265119,989.7405
1581017265159,989.32495
1581017265196,989.32495
1581017265234,989.32495
1581017265273,989.32495
1581017265311,990.0092
1581017265349,990.0092
1581017265388,990.0092
1581017265427,990.0092
1581017265466,989.37115
1581017265505,989.37115
1581017265542,989.37115
1581017265581,989.37115
1581017265619,989.7465
1581017265657,989.7465
1581017265696,989.7465
1581017265735,989.7465
1581017265776,989.7465
1581017265811,989.5542
1581017265849,989.5542
1581017265888,989.5542
1581017265926,989.5542
1581017265965,989.21436
1581017266002,989.21436
1581017266043,989.21436
1581017266079,989.21436
1581017266118,989.998
1581017266156,989.998
1581017266195,989.998
1581017266233,989.998
1581017266272,989.45807
1581017266313,989.45807
1581017266349,989.45807
1581017266388,989.45807
1581017266426,989.45807
1581017266465,989.80237
1581017266503,989.80237
1581017266541,989.80237
1581017266580,989.80237
1581017266619,989.7828
1581017266657,989.7828
1581017266695,989.7828
1581017266733,989.7828
1581017266771,989.379
1581017266812,989.379
1581017266849,989.379
1581017266887,989.379
1581017266927,989.89514
1581017266966,989.89514
1581017267002,989.89514
1581017267042,989.89514
1581017267080,989.89514
1581017267118,989.4869
1581017267156,989.4869
1581017267196,989.4869
1581017267234,989.4869
1581017267273,989.77356
1581017267311,989.77356
1581017267349,989.77356
1581017267389,989.77356
1581017267425,989.6041
1581017267467,989.6041
1581017267504,989.6041
1581017267541,989.6041
1581017267580,989.38983
1581017267618,989.38983
1581017267661,989.38983
1581017267695,989.38983
1581017267734,989.38983
1581017267770,990.1219
1581017267811,990.1219
1581017267849,990.1219
1581017267888,990.1219
1581017267926,989.68054
1581017267968,989.68054
1581017268007,989.68054
1581017268041,989.68054
1581017268080,989.9741
1581017268118,989.9741
1581017268157,989.9741
1581017268194,989.9741
1581017268235,989.9054
1581017268271,989.9054
1581017268310,989.9054
1581017268348,989.9054
1581017268387,989.9054
1581017268424,989.48206
1581017268462,989.48206
1581017268503,989.48206
1581017268542,989.48206
1581017268579,989.864
1581017268618,989.864
1581017268657,989.864
1581017268695,989.864
1581017268732,989.69135
1581017268770,989.69135
1581017268808,989.69135
1581017268847,989.69135
1581017268892,990.12524
1581017268924,990.12524
1581017268962,990.12524
1581017269002,990.12524
1581017269039,990.12524
1581017269078,989.57886
1581017269116,989.57886
1581017269155,989.57886
1581017269193,989.57886
1581017269232,989.6328
1581017269270,989.6328
1581017269310,989.6328
1581017269346,989.6328
1581017269386,989.36945
1581017269423,989.36945
1581017269463,989.36945
1581017269501,989.36945
1581017269539,989.54285
1581017269578,989.5342
1581017269616,989.5342
1581017269655,989.5342
1581017269693,989.5342
1581017269731,989.9039
1581017269770,989.9039
1581017269811,989.9039
1581017269848,989.9039
1581017269885,989.61255
1581017269925,989.61255
1581017269962,989.61255
1581017270002,989.61255
1581017270041,989.8125
1581017270078,989.8125
1581017270118,989.8125
1581017270155,989.8125
1581017270194,989.8125
1581017270231,989.3519
1581017270271,989.3519
1581017270309,989.3519
1581017270349,989.3519
1581017270386,989.61896
1581017270425,989.61896
1581017270465,989.61896
1581017270503,989.61896
1581017270540,989.6933
1581017270579,989.6933
1581017270615,989.6933
1581017270656,989.6933
1581017270694,989.4087
1581017270733,989.4087
1581017270771,989.4087
1581017270808,989.4087
1581017270848,989.4087
1581017270885,990.01794
1581017270924,990.01794
1581017270962,990.01794
1581017271000,990.01794
1581017271040,989.3967
1581017271078,989.3967
1581017271118,989.3967
1581017271158,989.3967
1581017271195,989.76715
1581017271233,989.76715
1581017271273,989.76715
1581017271310,989.76715
1581017271347,989.62555
1581017271386,989.62555
1581017271425,989.62555
1581017271464,989.62555
1581017271503,989.62555
1581017271541,989.31354
1581017271578,989.31354
1581017271617,989.31354
1581017271656,989.31354
1581017271697,990.02673
1581017271734,990.02673
1581017271771,990.02673
1581017271809,990.02673
1581017271848,989.36426
1581017271887,989.36426
1581017271924,989.36426
1581017271963,989.36426
1581017272000,989.79443
1581017272040,989.79443
1581017272079,989.79443
1581017272118,989.79443
1581017272155,989.79443
1581017272193,989.7314
1581017272237,989.7314
1581017272270,989.7314
1581017272308,989.7314
1581017272348,989.28357
1581017272387,989.28357
1581017272425,989.28357
1581017272469,989.28357
1581017272502,990.1456
1581017272540,990.1456
1581017272579,990.1456
1581017272617,990.1456
1581017272655,989.5075
1581017272694,989.5075
1581017272734,989.5075
1581017272771,989.5075
1581017272810,989.5075
1581017272846,989.7807
1581017272885,989.7807
1581017272924,989.7807
1581017272963,989.7807
1581017273001,989.7058
1581017273039,989.7058
1581017273078,989.7058
1581017273116,989.7058
1581017273155,989.27966
1581017273194,989.27966
1581017273231,989.27966
1581017273271,989.27966
1581017273309,990.04193
1581017273350,990.04193
1581017273387,990.04193
1581017273425,990.04193
1581017273465,990.04193
1581017273500,989.77563
1581017273540,989.77563
1581017273579,989.77563
1581017273616,989.77563
1581017273656,990.26807
1581017273694,990.26807
1581017273732,990.26807
1581017273768,990.26807
1581017273808,989.7666
1581017273847,989.7666
1581017273886,989.7666
1581017273923,989.7666
1581017273962,989.4864
1581017273999,989.4864
1581017274040,989.4864
1581017274078,989.4864
1581017274115,989.4864
1581017274154,989.771
1581017274194,989.771
1581017274231,989.771
1581017274271,989.771
1581017274310,989.6916
1581017274351,989.6916
1581017274385,989.6916
1581017274423,989.6916
1581017274465,990.2134
1581017274501,990.2134
1581017274538,990.2134
1581017274577,990.2134
1581017274616,989.53
1581017274654,989.53
1581017274693,989.53
1581017274731,989.53
1581017274771,989.53
1581017274808,989.512
1581017274847,989.512
1581017274886,989.512
1581017274925,989.512
1581017274963,989.57166
1581017275001,989.57166
1581017275040,989.57166
1581017275077,989.57166
1581017275117,989.6027
1581017275155,989.6027
1581017275193,989.6027
1581017275231,989.6027
1581017275270,990.1073
1581017275308,990.1073
1581017275349,990.1073
1581017275386,990.1073
1581017275423,990.1073
1581017275462,989.73926
1581017275502,989.73926
1581017275540,989.73926
1581017275579,989.73926
1581017275618,989.74945
1581017275657,989.74945
1581017275694,989.74945
1581017275732,989.74945
1581017275769,989.27905
1581017275808,989.27905
1581017275847,989.27905
1581017275887,989.27905
1581017275924,989.5866
1581017275961,989.5866
1581017276002,989.5866
1581017276039,989.5866
1581017276078,989.5866
1581017276114,989.8552
1581017276154,989.8552
1581017276193,989.8552
1581017276231,989.8552
1581017276269,989.4042
1581017276307,989.4042
1581017276346,989.4042
1581017276384,989.4042
1581017276423,989.8188
1581017276461,989.8188
1581017276500,989.8188
1581017276538,989.8188
1581017276577,989.2761
1581017276615,989.2761
1581017276654,989.2761
1581017276693,989.2761
1581017276731,989.2761
1581017276770,989.5836
1581017276809,989.5836
1581017276847,989.5836
1581017276884,989.5836
1581017276924,989.5738
1581017276960,989.5738
1581017277003,989.5738
1581017277039,989.5738
1581017277077,989.32263
1581017277118,989.32263
1581017277153,989.32263
1581017277192,989.32263
1581017277232,989.9033
1581017277270,989.9033
1581017277307,989.9033
1581017277345,989.9033
1581017277384,989.9033
1581017277421,989.4088
1581017277462,989.4088
1581017277501,989.4088
1581017277537,989.4088
1581017277577,989.7278
1581017277615,989.7278
1581017277654,989.7278
1581017277691,989.7278
1581017277730,989.50116
1581017277770,989.50116
1581017277808,989.50116
1581017277849,989.50116
1581017277886,989.06934
1581017277923,989.06934
1581017277961,989.06934
1581017278001,989.06934
1581017278039,989.06934
1581017278076,989.81683
1581017278117,989.81683
1581017278153,989.81683
1581017278195,989.81683
1581017278232,989.32166
1581017278269,989.32166
1581017278307,989.32166
1581017278346,989.32166
1581017278384,989.674
1581017278423,989.674
1581017278461,989.674
1581017278499,989.674
1581017278538,989.674
1581017278577,989.6642
1581017278616,989.6642
1581017278653,989.6642
1581017278693,989.6642
1581017278732,989.1252
1581017278768,989.1252
1581017278807,989.1252
1581017278845,989.1252
1581017278886,989.7909
1581017278921,989.7909
1581017278960,989.7909
1581017279000,989.7909
1581017279039,989.4469
1581017279076,989.4469
1581017279116,989.4469
1581017279154,989.4469
1581017279192,989.4469
1581017279231,989.82513
1581017279268,989.82513
1581017279308,989.82513
1581017279346,989.82513
1581017279387,989.57886
1581017279422,989.57886
1581017279460,989.57886
1581017279499,989.57886
1581017279537,989.23047
1581017279578,989.23047
1581017279620,989.23047
1581017279656,989.23047
1581017279691,989.5347
1581017279732,989.5347
1581017279768,989.5347
1581017279807,989.5347
1581017279848,989.5347
1581017279884,989.5102
1581017279923,989.5102
1581017279961,989.5102
1581017280000,989.5102
1581017280038,989.9852
1581017280077,989.9852
1581017280116,989.9852
1581017280154,989.9852
1581017280194,989.4442
1581017280232,989.4442
1581017280269,989.4442
1581017280311,989.4442
1581017280351,989.3674
1581017280387,989.3674
1581017280424,989.3674
1581017280461,989.3674
1581017280500,989.3674
1581017280540,989.308
1581017280578,989.308
1581017280615,989.308
1581017280654,989.308
1581017280695,989.43396
1581017280731,989.43396
1581017280768,989.43396
1581017280808,989.43396
1581017280848,989.75525
1581017280884,989.75525
1581017280923,989.75525
1581017280963,989.75525
1581017281000,989.3144
1581017281038,989.3144
1581017281077,989.3144
1581017281116,989.3144
1581017281154,989.3144
1581017281192,989.4309
1581017281228,989.4309
1581017281268,989.4309
1581017281306,989.4309
1581017281345,989.3098
1581017281383,989.3098
1581017281421,989.3098
1581017281461,989.3098
1581017281500,989.57153
1581017281536,989.57153
1581017281576,989.57153
1581017281614,989.57153
1581017281653,989.68604
1581017281692,989.68604
1581017281731,989.68604
1581017281768,989.68604
1581017281806,989.68604
1581017281846,989.3564
1581017281882,989.3564
1581017281920,989.3564
1581017281960,989.3564
1581017282001,989.677
1581017282038,989.677
1581017282077,989.677
1581017282115,989.677
1581017282153,989.2419
1581017282192,989.2419
1581017282230,989.2419
1581017282268,989.2419
1581017282308,989.4847
1581017282347,989.4847
1581017282383,989.4847
1581017282423,989.4847
1581017282461,989.4847
1581017282499,989.39233
1581017282537,989.39233
1581017282574,989.39233
1581017282614,989.39233
1581017282652,989.06036
1581017282691,989.06036
1581017282730,989.06036
1581017282769,989.06036
1581017282808,989.78656
1581017282845,989.78656
1581017282883,989.78656
1581017282922,989.78656
1581017282961,989.3515
1581017282998,989.3515
1581017283038,989.3515
1581017283077,989.3515
1581017283115,989.3515
1581017283154,989.70386
1581017283191,989.70386
1581017283231,989.70386
1581017283268,989.70386
1581017283307,989.51575
1581017283345,989.51575
1581017283384,989.51575
1581017283421,989.51575
1581017283462,989.1527
1581017283500,989.1527
1581017283537,989.1527
1581017283576,989.1527
1581017283615,989.7088
1581017283652,989.7088
1581017283692,989.7088
1581017283731,989.7088
1581017283767,989.7088
1581017283805,989.3866
1581017283844,989.3866
1581017283882,989.3866
1581017283923,989.3866
1581017283958,989.7791
1581017284000,989.7791
1581017284037,989.7791
1581017284076,989.7791
1581017284114,989.63684
1581017284152,989.63684
1581017284190,989.63684
1581017284229,989.63684
1581017284268,989.3968
1581017284305,989.3968
1581017284346,989.3968
1581017284383,989.3968
1581017284422,989.3968
1581017284460,989.53705
1581017284499,989.53705
1581017284537,989.53705
1581017284579,989.53705
1581017284613,989.50104
1581017284651,989.50104
1581017284691,989.50104
1581017284730,989.50104
1581017284767,989.86743
1581017284807,989.86743
1581017284844,989.86743
1581017284883,989.86743
1581017284922,989.38165
1581017284960,989.38165
1581017284997,989.38165
1581017285038,989.38165
1581017285075,989.38165
1581017285115,989.2676
1581017285152,989.2676
1581017285192,989.2676
1581017285228,989.2676
1581017285268,989.2345
1581017285306,989.2345
1581017285345,989.2345
1581017285381,989.2345
1581017285421,989.32153
1581017285459,989.32153
1581017285497,989.32153
1581017285537,989.32153
1581017285575,989.58325
1581017285614,989.58325
1581017285652,989.58325
1581017285691,989.58325
1581017285729,989.58325
1581017285768,989.33624
1581017285805,989.33624
1581017285845,989.33624
1581017285883,989.33624
1581017285922,989.6057
1581017285960,989.6057
1581017285998,989.6057
1581017286036,989.6057
1581017286075,989.2246
1581017286114,989.2246
1581017286152,989.2246
1581017286191,989.2246
1581017286230,989.2246
1581017286268,989.5669
1581017286306,989.5669
1581017286343,989.5669
1581017286383,989.5669
1581017286423,989.6101
1581017286461,989.6101
1581017286499,989.6101
1581017286535,989.6101
1581017286574,989.13416
1581017286614,989.13416
1581017286653,989.13416
1581017286691,989.13416
1581017286730,989.6837
1581017286768,989.6837
1581017286807,989.6837
1581017286849,989.6837
1581017286886,989.6837
1581017286922,989.267
1581017286959,989.267
1581017286997,989.267
1581017287036,989.267
1581017287076,989.5545
1581017287114,989.5545
1581017287150,989.5545
1581017287190,989.5545
1581017287230,989.5369
1581017287268,989.5369
1581017287306,989.5369
1581017287344,989.5369
1581017287384,989.09204
1581017287421,989.09204
1581017287460,989.09204
1581017287498,989.09204
1581017287535,989.09204
1581017287574,989.6923
1581017287614,989.6923
1581017287652,989.6923
1581017287691,989.6923
1581017287729,989.36755
1581017287768,989.36755
1581017287806,989.36755
1581017287845,989.36755
1581017287883,989.7993
1581017287922,989.7993
1581017287959,989.7993
1581017287997,989.7993
1581017288037,989.5711
1581017288075,989.5711
1581017288114,989.5711
1581017288151,989.5711
1581017288189,989.5711
1581017288228,989.33765
1581017288268,989.33765
1581017288306,989.33765
1581017288344,989.33765
1581017288383,989.5052
1581017288421,989.5052
1581017288460,989.5052
1581017288497,989.5052
1581017288537,989.4136
1581017288575,989.4136
1581017288613,989.4136
1581017288652,989.4136
1581017288691,989.83887
1581017288729,989.83887
1581017288765,989.83887
1581017288804,989.83887
1581017288843,989.83887
1581017288882,989.3818
1581017288919,989.3818
1581017288957,989.3818
1581017288996,989.3818
1581017289036,989.2762
1581017289072,989.2762
1581017289111,989.2762
1581017289150,989.2762
1581017289188,989.10284
1581017289227,989.10284
1581017289266,989.10284
1581017289304,989.10284
1581017289342,989.2864
1581017289381,989.2864
1581017289420,989.2864
1581017289458,989.2864
1581017289497,989.2864
1581017289535,989.53174
1581017289573,989.53174
1581017289611,989.53174
1581017289650,989.53174
1581017289688,989.3812
1581017289726,989.3812
1581017289765,989.3812
1581017289803,989.3812
1581017289844,989.55865
1581017289880,989.55865
1581017289919,989.55865
1581017289958,989.55865
1581017289996,989.1465
1581017290034,989.1465
1581017290073,989.1465
1581017290117,989.1465
1581017290150,989.1465
1581017290188,989.5128
1581017290226,989.5128
1581017290265,989.5128
1581017290305,989.5128
1581017290342,989.55444
1581017290380,989.55444
1581017290419,989.55444
1581017290458,989.55444
1581017290496,989.06384
1581017290534,989.06384
1581017290573,989.06384
1581017290611,989.06384
1581017290650,989.81616
1581017290688,989.81616
1581017290727,989.81616
1581017290765,989.81616
1581017290803,989.81616
1581017290841,989.3046
1581017290880,989.3046
1581017290924,989.3046
1581017290958,989.3046
1581017290996,989.59973
1581017291035,989.59973
1581017291073,989.59973
1581017291111,989.59973
1581017291150,989.4967
1581017291187,989.4967
1581017291226,989.4967
1581017291265,989.4967
1581017291303,989.17615
1581017291341,989.17615
1581017291380,989.17615
1581017291419,989.17615
1581017291457,989.17615
1581017291496,989.70447
1581017291534,989.70447
1581017291573,989.70447
1581017291611,989.70447
1581017291649,989.50366
1581017291688,989.50366
1581017291726,989.50366
1581017291764,989.50366
1581017291803,989.89856
1581017291841,989.89856
1581017291880,989.89856
1581017291919,989.89856
1581017291956,989.48315
1581017291995,989.48315
1581017292034,989.48315
1581017292072,989.48315
1581017292111,989.48315
1581017292149,989.28107
1581017292187,989.28107
1581017292226,989.28107
1581017292264,989.28107
1581017292303,989.3661
1581017292341,989.3661
1581017292380,989.3661
1581017292418,989.3661
1581017292456,989.3759
1581017292496,989.3759
1581017292534,989.3759
1581017292573,989.3759
1581017292610,989.66956
1581017292650,989.66956
1581017292688,989.66956
1581017292726,989.66956
1581017292764,989.66956
1581017292802,989.2525
1581017292841,989.2525
1581017292881,989.2525
1581017292918,989.2525
1581017292957,989.3474
1581017292995,989.3474
1581017293033,989.3474
1581017293071,989.3474
1581017293111,989.1128
1581017293149,989.1128
1581017293188,989.1128
1581017293226,989.1128
1581017293264,989.4039
1581017293303,989.4039
1581017293343,989.4039
1581017293379,989.4039
1581017293418,989.4039
1581017293456,989.52405
1581017293495,989.52405
1581017293534,989.52405
1581017293571,989.52405
1581017293610,989.1413
1581017293649,989.1413
1581017293687,989.1413
1581017293726,989.1413
1581017293764,989.6745
1581017293803,989.6745
1581017293841,989.6745
1581017293879,989.6745
1581017293918,989.1217
1581017293956,989.1217
1581017293995,989.1217
1581017294032,989.1217
1581017294072,989.1217
1581017294111,989.51587
1581017294149,989.51587
1581017294187,989.51587
1581017294225,989.51587
1581017294264,989.5191
1581017294303,989.5191
1581017294341,989.5191
1581017294380,989.5191
1581017294418,989.071
1581017294456,989.071
1581017294494,989.071
1581017294533,989.071
1581017294571,989.071
1581017294609,989.67194
1581017294649,989.67194
1581017294687,989.67194
1581017294726,989.67194
1581017294764,989.1682
1581017294802,989.1682
1581017294841,989.1682
1581017294879,989.1682
1581017294917,989.475
1581017294957,989.475
1581017294995,989.475
1581017295033,989.475
1581017295071,989.4579
1581017295110,989.4579
1581017295148,989.4579
1581017295187,989.4579
1581017295226,989.4579
1581017295264,988.9852
1581017295303,988.9852
1581017295342,988.9852
1581017295402,988.9852
1581017295417,989.62305
1581017295455,989.62305
1581017295493,989.62305
1581017295532,989.62305
1581017295570,989.327
1581017295609,989.327
1581017295647,989.327
1581017295687,989.327
1581017295724,989.7404
1581017295763,989.7404
1581017295802,989.7404
1581017295840,989.7404
1581017295878,989.7404
1581017295917,989.5658
1581017295955,989.5658
1581017295997,989.5658
1581017296032,989.5658
1581017296070,989.2109
1581017296110,989.2109
1581017296148,989.2109
1581017296186,989.2109
1581017296225,989.54614
1581017296263,989.54614
1581017296301,989.54614
1581017296340,989.54614
1581017296379,989.4415
1581017296417,989.4415
1581017296456,989.4415
1581017296494,989.4415
1581017296533,989.4415
1581017296572,989.94977
1581017296609,989.94977
1581017296647,989.94977
1581017296686,989.94977
1581017296724,989.4911
1581017296763,989.4911
1581017296802,989.4911
1581017296841,989.4911
1581017296878,989.3635
1581017296916,989.3635
1581017296958,989.3635
1581017296994,989.3635
1581017297033,989.31604
1581017297072,989.31604
1581017297110,989.31604
1581017297148,989.31604
1581017297187,989.31604
1581017297224,989.3337
1581017297264,989.3337
1581017297302,989.3337
1581017297341,989.3337
1581017297379,989.6968
1581017297418,989.6968
1581017297456,989.6968
1581017297494,989.6968
1581017297533,989.39417
1581017297571,989.39417
1581017297609,989.39417
1581017297647,989.39417
1581017297686,989.39746
1581017297724,989.39746
1581017297762,989.39746
1581017297801,989.39746
1581017297840,989.39746
1581017297878,989.171
1581017297917,989.171
1581017297955,989.171
1581017297994,989.171
1581017298033,989.41724
1581017298071,989.41724
1581017298110,989.41724
1581017298148,989.41724
1581017298186,989.5755
1581017298225,989.5755
1581017298263,989.5755
1581017298301,989.5755
1581017298340,989.23254
1581017298378,989.23254
1581017298416,989.23254
1581017298455,989.23254
1581017298494,989.23254
1581017298532,989.6236
1581017298571,989.6236
1581017298609,989.6236
1581017298648,989.6236
1581017298686,989.1849
1581017298724,989.1849
1581017298763,989.1849
1581017298801,989.1849
1581017298839,989.50104
1581017298878,989.50104
1581017298917,989.50104
1581017298955,989.50104
1581017298994,989.3833
1581017299032,989.3833
1581017299071,989.3833
1581017299109,989.3833
1581017299148,989.3833
1581017299186,988.96967
1581017299224,988.96967
1581017299263,988.96967
1581017299301,988.96967
1581017299341,989.62604
1581017299378,989.62604
1581017299417,989.62604
1581017299455,989.62604
1581017299493,989.2807
1581017299533,989.2807
1581017299571,989.2807
1581017299609,989.2807
1581017299647,989.66486
1581017299687,989.66486
1581017299724,989.66486
1581017299762,989.66486
1581017299802,989.66486
1581017299840,989.54504
1581017299878,989.54504
1581017299917,989.54504
1581017299954,989.54504
1581017299994,989.1219
1581017300031,989.1219
1581017300070,989.1219
1581017300108,989.1219
1581017300148,989.54407
1581017300186,989.54407
1581017300224,989.54407
1581017300263,989.54407
1581017300301,989.45044
1581017300339,989.45044
1581017300378,989.45044
1581017300417,989.45044
1581017300455,989.45044
1581017300494,989.85986
1581017300532,989.85986
1581017300571,989.85986
1581017300609,989.85986
1581017300648,989.5215
1581017300687,989.5215
1581017300725,989.5215
1581017300762,989.5215
1581017300801,989.29626
1581017300840,989.29626
1581017300877,989.29626
1581017300915,989.29626
1581017300955,989.2386
1581017300993,989.2386
1581017301031,989.2386
1581017301070,989.2386
1581017301108,989.2386
1581017301146,989.2816
1581017301187,989.2816
1581017301224,989.2816
1581017301264,989.2816
1581017301301,989.6558
1581017301339,989.6558
1581017301378,989.6558
1581017301416,989.6558
1581017301456,989.43677
1581017301493,989.43677
1581017301531,989.43677
1581017301569,989.43677
1581017301608,989.5305
1581017301647,989.5305
1581017301685,989.5305
1581017301724,989.5305
1581017301765,989.5305
1581017301801,989.13354
1581017301841,989.13354
1581017301878,989.13354
1581017301916,989.13354
1581017301954,989.4027
1581017301993,989.4027
1581017302032,989.4027
1581017302070,989.4027
1581017302108,989.4948
1581017302146,989.4948
1581017302185,989.4948
1581017302223,989.4948
1581017302262,989.14764
1581017302301,989.14764
1581017302340,989.14764
1581017302377,989.14764
1581017302416,989.14764
1581017302457,989.53784
1581017302492,989.53784
1581017302531,989.53784
1581017302569,989.53784
1581017302608,989.0525
1581017302646,989.0525
1581017302685,989.0525
1581017302723,989.0525
1581017302762,989.372
1581017302800,989.372
1581017302839,989.372
1581017302877,989.372
1581017302916,989.372
1581017302954,989.3926
1581017302992,989.3926
1581017303031,989.3926
1581017303069,989.3926
1581017303107,988.86835
1581017303146,988.86835
1581017303186,988.86835
1581017303224,988.86835
1581017303264,989.5341
1581017303303,989.5341
1581017303339,989.5341
1581017303379,989.5341
1581017303417,989.2287
1581017303455,989.2287
1581017303493,989.2287
1581017303532,989.2287
1581017303570,989.2287
1581017303610,989.5237
1581017303647,989.5237
1581017303687,989.5237
1581017303724,989.5237
1581017303764,989.4804
1581017303802,989.4804
1581017303840,989.4804
1581017303878,989.4804
1581017303916,989.08575
1581017303954,989.08575
1581017303992,989.08575
1581017304030,989.08575
1581017304069,989.47363
1581017304108,989.47363
1581017304146,989.47363
1581017304185,989.47363
1581017304227,989.47363
1581017304262,989.33417
1581017304303,989.33417
1581017304340,989.33417
1581017304377,989.33417
1581017304417,989.803
1581017304454,989.803
1581017304492,989.803
1581017304531,989.803
1581017304569,989.4623
1581017304607,989.4623
1581017304646,989.4623
1581017304685,989.4623
1581017304723,989.3258
1581017304762,989.3258
1581017304800,989.3258
1581017304838,989.3258
1581017304878,989.3258
1581017304915,989.3627
1581017304958,989.3627
1581017304992,989.3627
1581017305031,989.3627
1581017305069,989.35736
1581017305109,989.35736
1581017305147,989.35736
1581017305187,989.35736
1581017305223,989.6298
1581017305261,989.6298
1581017305300,989.6298
1581017305338,989.6298
1581017305377,989.29736
1581017305415,989.29736
1581017305455,989.29736
1581017305492,989.29736
1581017305530,989.29736
1581017305568,989.6254
1581017305607,989.6254
1581017305645,989.6254
1581017305684,989.6254
1581017305723,989.1281
1581017305761,989.1281
1581017305799,989.1281
1581017305839,989.1281
1581017305876,989.52325
1581017305915,989.52325
1581017305954,989.52325
1581017305992,989.52325
1581017306031,989.3969
1581017306069,989.3969
1581017306107,989.3969
1581017306145,989.3969
1581017306184,989.3969
1581017306224,988.9568
1581017306261,988.9568
1581017306299,988.9568
1581017306338,988.9568
1581017306376,989.6644
1581017306415,989.6644
1581017306453,989.6644
1581017306492,989.6644
1581017306530,989.32306
1581017306570,989.32306
1581017306608,989.32306
1581017306646,989.32306
1581017306684,989.7771
1581017306723,989.7771
1581017306761,989.7771
1581017306799,989.7771
1581017306838,989.7771
1581017306876,989.52844
1581017306915,989.52844
1581017306953,989.52844
1581017306991,989.52844
1581017307031,989.4315
1581017307069,989.4315
1581017307107,989.4315
1581017307146,989.4315
1581017307184,989.3137
1581017307222,989.3137
1581017307261,989.3137
1581017307299,989.3137
1581017307338,989.35876
1581017307376,989.35876
1581017307414,989.35876
1581017307453,989.35876
1581017307492,989.35876
1581017307530,989.63293
1581017307569,989.63293
1581017307607,989.63293
1581017307646,989.63293
1581017307684,989.4415
1581017307722,989.4415
1581017307760,989.4415
1581017307798,989.4415
1581017307837,989.56586
1581017307876,989.56586
1581017307914,989.56586
1581017307953,989.56586
1581017307994,989.1761
1581017308030,989.1761
1581017308072,989.1761
1581017308106,989.1761
1581017308146,989.1761
1581017308184,989.5189
1581017308222,989.5189
1581017308261,989.5189
1581017308299,989.5189
1581017308338,989.37616
1581017308376,989.37616
1581017308414,989.37616
1581017308453,989.37616
1581017308491,988.915
1581017308530,988.915
1581017308568,988.915
1581017308608,988.915
1581017308645,989.6283
1581017308683,989.6283
1581017308722,989.6283
1581017308761,989.6283
1581017308799,989.6283
1581017308837,989.21814
1581017308876,989.21814
1581017308914,989.21814
1581017308952,989.21814
1581017308991,989.5449
1581017309029,989.5449
1581017309068,989.5449
1581017309108,989.5449
1581017309145,989.37805
1581017309183,989.37805
1581017309222,989.37805
1581017309261,989.37805
1581017309299,989.0092
1581017309337,989.0092
1581017309375,989.0092
1581017309414,989.0092
1581017309453,989.0092
1581017309491,989.3806
1581017309530,989.3806
1581017309568,989.3806
1581017309606,989.3806
1581017309645,989.3439
1581017309684,989.3439
1581017309722,989.3439
1581017309760,989.3439
1581017309799,989.921
1581017309837,989.921
1581017309876,989.921
1581017309914,989.921
1581017309952,989.23474
1581017309991,989.23474
1581017310029,989.23474
1581017310067,989.23474
1581017310106,989.23474
1581017310145,989.2217
1581017310183,989.2217
1581017310222,989.2217
1581017310260,989.2217
1581017310298,989.0099
1581017310337,989.0099
1581017310375,989.0099
1581017310414,989.0099
1581017310452,989.22217
1581017310492,989.22217
1581017310529,989.22217
1581017310568,989.22217
1581017310607,989.4267
1581017310644,989.4267
1581017310685,989.4267
1581017310724,989.4267
1581017310760,989.4267
1581017310799,989.1756
1581017310837,989.1756
1581017310875,989.1756
1581017310913,989.1756
1581017310952,989.49915
1581017310991,989.49915
1581017311029,989.49915
1581017311068,989.49915
1581017311106,989.0509
1581017311144,989.0509
1581017311183,989.0509
1581017311222,989.0509
1581017311260,989.41736
1581017311298,989.41736
1581017311337,989.41736
1581017311375,989.41736
1581017311414,989.41736
1581017311452,989.433
1581017311491,989.433
1581017311529,989.433
1581017311567,989.433
1581017311606,988.89886
1581017311644,988.89886
1581017311683,988.89886
1581017311722,988.89886
1581017311760,989.5435
1581017311799,989.5435
1581017311837,989.5435
1581017311875,989.5435
1581017311915,989.27405
1581017311953,989.27405
1581017311991,989.27405
1581017312029,989.27405
1581017312067,989.27405
1581017312106,989.6978
1581017312145,989.6978
1581017312183,989.6978
1581017312221,989.6978
1581017312260,989.44543
1581017312298,989.44543
1581017312337,989.44543
1581017312375,989.44543
1581017312413,989.2909
1581017312452,989.2909
1581017312491,989.2909
1581017312529,989.2909
1581017312567,989.2909
1581017312605,989.3998
1581017312644,989.3998
1581017312682,989.3998
1581017312721,989.3998
1581017312759,989.4697
1581017312797,989.4697
1581017312836,989.4697
1581017312875,989.4697
1581017312914,989.8388
1581017312953,989.8388
1581017312990,989.8388
1581017313029,989.8388
1581017313068,989.5165
1581017313107,989.5165
1581017313143,989.5165
1581017313182,989.5165
1581017313221,989.5165
1581017313260,989.60443
1581017313297,989.60443
1581017313336,989.60443
1581017313374,989.60443
1581017313413,989.14667
1581017313452,989.14667
1581017313490,989.14667
1581017313529,989.14667
1581017313567,989.4948
1581017313606,989.4948
1581017313644,989.4948
1581017313682,989.4948
1581017313721,989.40247
1581017313759,989.40247
1581017313798,989.40247
1581017313836,989.40247
1581017313874,989.40247
1581017313913,988.96484
1581017313951,988.96484
1581017313990,988.96484
1581017314028,988.96484
1581017314066,989.5633
1581017314105,989.5633
1581017314144,989.5633
1581017314182,989.5633
1581017314221,989.29333
1581017314258,989.29333
1581017314297,989.29333
1581017314336,989.29333
1581017314374,989.6493
1581017314413,989.6493
1581017314452,989.6493
1581017314490,989.6493
1581017314528,989.6493
1581017314567,989.3842
1581017314605,989.3842
1581017314644,989.3842
1581017314682,989.3842
1581017314720,989.31714
1581017314759,989.31714
1581017314797,989.31714
1581017314835,989.31714
1581017314874,989.37854
1581017314912,989.37854
1581017314951,989.37854
1581017314989,989.37854
1581017315029,989.27057
1581017315067,989.27057
1581017315105,989.27057
1581017315144,989.27057
1581017315182,989.27057
1581017315221,989.8281
1581017315258,989.8281
1581017315297,989.8281
1581017315336,989.8281
1581017315375,989.3405
1581017315412,989.3405
1581017315451,989.3405
1581017315490,989.3405
1581017315527,989.3798
1581017315566,989.3798
1581017315606,989.3798
1581017315644,989.3798
1581017315682,989.0502
1581017315721,989.0502
1581017315759,989.0502
1581017315797,989.0502
1581017315836,989.0502
1581017315874,989.25793
1581017315912,989.25793
1581017315950,989.25793
1581017315989,989.25793
1581017316028,989.61426
1581017316066,989.61426
1581017316105,989.61426
1581017316143,989.61426
1581017316181,989.18646
1581017316221,989.18646
1581017316259,989.18646
1581017316297,989.18646
1581017316336,989.4974
1581017316375,989.4974
1581017316412,989.4974
1581017316450,989.4974
1581017316489,989.4974
1581017316528,988.9665
1581017316566,988.9665
1581017316606,988.9665
1581017316643,988.9665
1581017316682,989.39844
1581017316721,989.39844
1581017316759,989.39844
1581017316798,989.39844
1581017316835,989.39026
1581017316874,989.39026
1581017316912,989.39026
1581017316951,989.39026
1581017316989,988.86304
1581017317027,988.86304
1581017317066,988.86304
1581017317104,988.86304
1581017317143,988.86304
1581017317181,989.56494
1581017317220,989.56494
1581017317259,989.56494
1581017317296,989.56494
1581017317335,989.11096
1581017317375,989.11096
1581017317412,989.11096
1581017317450,989.11096
1581017317490,989.62476
1581017317527,989.62476
1581017317565,989.62476
1581017317604,989.62476
1581017317643,989.4611
1581017317681,989.4611
1581017317720,989.4611
1581017317758,989.4611
1581017317797,989.4611
1581017317835,989.0419
1581017317873,989.0419
1581017317912,989.0419
1581017317951,989.0419
1581017317989,989.33966
1581017318027,989.33966
1581017318065,989.33966
1581017318104,989.33966
1581017318142,989.2251
1581017318181,989.2251
1581017318219,989.2251
1581017318258,989.2251
1581017318296,989.61456
1581017318334,989.61456
1581017318375,989.61456
1581017318412,989.61456
1581017318450,989.61456
1581017318489,989.3087
1581017318528,989.3087
1581017318565,989.3087
1581017318605,989.3087
1581017318642,989.2613
1581017318681,989.2613
1581017318719,989.2613
1581017318758,989.2613
1581017318796,989.076
1581017318835,989.076
1581017318873,989.076
1581017318912,989.076
1581017318950,989.28705
1581017318989,989.28705
1581017319027,989.28705
1581017319065,989.28705
1581017319104,989.28705
1581017319142,989.5636
1581017319181,989.5636
1581017319221,989.5636
1581017319260,989.5636
1581017319297,989.29285
1581017319335,989.29285
1581017319373,989.29285
1581017319412,989.29285
1581017319450,989.47736
1581017319488,989.47736
1581017319527,989.47736
1581017319565,989.47736
1581017319605,989.01917
1581017319642,989.01917
1581017319680,989.01917
1581017319719,989.01917
1581017319758,989.01917
1581017319797,989.40466
1581017319834,989.40466
1581017319873,989.40466
1581017319912,989.40466
1581017319949,989.3997
1581017319989,989.3997
1581017320027,989.3997
1581017320065,989.3997
1581017320104,988.92114
1581017320143,988.92114
1581017320180,988.92114
1581017320219,988.92114
1581017320257,989.68494
1581017320296,989.68494
1581017320334,989.68494
1581017320374,989.68494
1581017320411,989.68494
1581017320450,989.1613
1581017320489,989.1613
1581017320528,989.1613
1581017320565,989.1613
1581017320604,989.48364
1581017320642,989.48364
1581017320680,989.48364
1581017320719,989.48364
1581017320757,989.4682
1581017320796,989.4682
1581017320834,989.4682
1581017320873,989.4682
1581017320911,989.0166
1581017320951,989.0166
1581017320988,989.0166
1581017321027,989.0166
1581017321065,989.0166
1581017321104,989.4102
1581017321142,989.4102
1581017321181,989.4102
1581017321219,989.4102
1581017321281,989.2875
1581017321295,989.2875
1581017321334,989.2875
1581017321372,989.2875
1581017321412,989.7375
1581017321450,989.7375
1581017321488,989.7375
1581017321527,989.7375
1581017321565,989.34595
1581017321604,989.34595
1581017321642,989.34595
1581017321680,989.34595
1581017321719,989.34595
1581017321758,989.2396
1581017321795,989.2396
1581017321834,989.2396
1581017321873,989.2396
1581017321910,989.0678
1581017321950,989.0678
1581017321988,989.0678
1581017322027,989.0678
1581017322065,989.12506
1581017322104,989.12506
1581017322142,989.12506
1581017322180,989.12506
1581017322218,989.558
1581017322257,989.558
1581017322296,989.558
1581017322334,989.558
1581017322372,989.558
1581017322411,989.3694
1581017322449,989.3694
1581017322487,989.3694
1581017322527,989.3694
1581017322565,989.4407
1581017322603,989.4407
1581017322642,989.4407
1581017322681,989.4407
1581017322719,989.021
1581017322757,989.021
1581017322795,989.021
1581017322836,989.021
1581017322873,989.36755
1581017322910,989.36755
1581017322949,989.36755
1581017322988,989.36755
1581017323027,989.36755
1581017323064,989.37244
1581017323103,989.37244
1581017323141,989.37244
1581017323205,989.37244
1581017323220,988.84717
1581017323256,988.84717
1581017323315,988.84717
1581017323334,988.84717
1581017323372,989.6155
1581017323411,989.6155
1581017323450,989.6155
1581017323487,989.6155
1581017323526,989.6155
1581017323564,989.2621
1581017323603,989.2621
1581017323641,989.2621
1581017323681,989.2621
1581017323718,989.7411
1581017323757,989.7411
1581017323796,989.7411
1581017323834,989.7411
1581017323872,989.4344
1581017323911,989.4344
1581017323949,989.4344
1581017323988,989.4344
1581017324025,989.256
1581017324066,989.256
1581017324103,989.256
1581017324141,989.256
1581017324179,989.256
1581017324218,989.2422
1581017324256,989.2422
1581017324295,989.2422
1581017324335,989.2422
1581017324374,989.25195
1581017324411,989.25195
1581017324451,989.25195
1581017324488,989.25195
1581017324528,989.6022
1581017324565,989.6022
1581017324605,989.6022
1581017324643,989.6022
1581017324682,989.34485
1581017324720,989.34485
1581017324759,989.34485
1581017324798,989.34485
1581017324833,989.34485
1581017324873,989.54376
1581017324912,989.54376
1581017324950,989.54376
1581017324995,989.54376
1581017325025,989.07086
1581017325065,989.07086
1581017325103,989.07086
1581017325143,989.07086
1581017325181,989.41406
1581017325220,989.41406
1581017325258,989.41406
1581017325296,989.41406
1581017325334,989.4379
1581017325374,989.4379
1581017325413,989.4379
1581017325449,989.4379
1581017325488,989.4379
1581017325528,988.85046
1581017325565,988.85046
1581017325602,988.85046
1581017325641,988.85046
1581017325680,989.4723
1581017325717,989.4723
1581017325758,989.4723
1581017325796,989.4723
1581017325833,989.2273
1581017325874,989.2273
1581017325911,989.2273
1581017325950,989.2273
1581017325989,989.6987
1581017326026,989.6987
1581017326065,989.6987
1581017326104,989.6987
1581017326144,989.6987
1581017326178,989.4816
1581017326219,989.4816
1581017326256,989.4816
1581017326295,989.4816
1581017326333,989.3552
1581017326374,989.3552
1581017326410,989.3552
1581017326451,989.3552
1581017326489,989.2334
1581017326527,989.2334
1581017326564,989.2334
1581017326606,989.2334
1581017326643,989.27356
1581017326680,989.27356
1581017326718,989.27356
1581017326758,989.27356
1581017326794,989.27356
1581017326835,989.48425
1581017326873,989.48425
1581017326911,989.48425
1581017326951,989.48425
1581017326988,989.1193
1581017327027,989.1193
1581017327066,989.1193
1581017327104,989.1193
1581017327142,989.46716
1581017327180,989.46716
1581017327218,989.46716
1581017327257,989.46716
1581017327296,989.0069
1581017327333,989.0069
1581017327372,989.0069
1581017327410,989.0069
1581017327449,989.0069
1581017327492,989.2966
1581017327527,989.2966
1581017327566,989.2966
1581017327604,989.2966
1581017327642,989.3098
1581017327681,989.3098
1581017327718,989.3098
1581017327759,989.3098
1581017327800,988.8954
1581017327833,988.8954
1581017327873,988.8954
1581017327914,988.8954
1581017327951,989.5378
1581017327988,989.5378
1581017328026,989.5378
1581017328065,989.5378
1581017328105,989.5378
1581017328141,989.3345
1581017328179,989.3345
1581017328218,989.3345
1581017328257,989.3345
1581017328295,989.6945
1581017328335,989.6945
1581017328375,989.6945
1581017328411,989.6945
1581017328451,989.3992
1581017328490,989.3992
1581017328528,989.3992
1581017328568,989.3992
1581017328602,989.34515
1581017328643,989.34515
1581017328680,989.34515
1581017328719,989.34515
1581017328756,989.34515
1581017328794,989.16113
1581017328833,989.16113
1581017328874,989.16113
1581017328910,989.16113
1581017328948,989.2998
1581017328987,989.2998
1581017329026,989.2998
1581017329064,989.2998
1581017329101,989.457
1581017329141,989.457
1581017329179,989.457
1581017329217,989.457
1581017329264,989.3097
1581017329295,989.3097
1581017329332,989.3097
1581017329372,989.3097
1581017329411,989.3097
1581017329448,989.5126
1581017329487,989.5126
1581017329527,989.5126
1581017329565,989.5126
1581017329603,989.04614
1581017329643,989.04614
1581017329681,989.04614
1581017329719,989.04614
1581017329756,989.36786
1581017329795,989.36786
1581017329833,989.36786
1581017329871,989.36786
1581017329910,989.354
1581017329948,989.354
1581017329987,989.354
1581017330026,989.354
1581017330065,989.354
1581017330103,988.9629
1581017330140,988.9629
1581017330180,988.9629
1581017330218,988.9629
1581017330256,989.61383
1581017330295,989.61383
1581017330333,989.61383
1581017330371,989.61383
1581017330410,989.18176
1581017330448,989.18176
1581017330486,989.18176
1581017330525,989.18176
1581017330564,989.5353
1581017330602,989.5353
1581017330643,989.5353
1581017330680,989.5353
1581017330717,989.5353
1581017330755,989.46906
1581017330795,989.46906
1581017330833,989.46906
1581017330872,989.46906
1581017330911,989.107
1581017330949,989.107
1581017330987,989.107
1581017331025,989.107
1581017331063,989.5129
1581017331102,989.5129
1581017331140,989.5129
1581017331180,989.5129
1581017331217,989.40155
1581017331257,989.40155
1581017331297,989.40155
1581017331334,989.40155
1581017331371,989.40155
1581017331409,989.76416
1581017331449,989.76416
1581017331486,989.76416
1581017331524,989.76416
1581017331564,989.3583
1581017331602,989.3583
1581017331642,989.3583
1581017331680,989.3583
1581017331719,989.3616
1581017331756,989.3616
1581017331794,989.3616
1581017331834,989.3616
1581017331872,989.0637
1581017331910,989.0637
1581017331949,989.0637
1581017331987,989.0637
1581017332025,989.0637
1581017332064,989.3779
1581017332102,989.3779
1581017332142,989.3779
1581017332179,989.3779
1581017332217,989.40735
1581017332256,989.40735
1581017332295,989.40735
1581017332333,989.40735
1581017332371,988.9941
1581017332410,988.9941
1581017332447,988.9941
1581017332487,988.9941
1581017332525,989.55304
1581017332564,989.55304
1581017332602,989.55304
1581017332641,989.55304
1581017332679,989.55304
1581017332719,989.0064
1581017332757,989.0064
1581017332793,989.0064
1581017332831,989.0064
1581017332872,989.3321
1581017332910,989.3321
1581017332949,989.3321
1581017332986,989.3321
1581017333025,989.297
1581017333064,989.297
1581017333102,989.297
1581017333140,989.297
1581017333179,988.83057
1581017333216,988.83057
1581017333257,988.83057
1581017333293,988.83057
1581017333331,988.83057
1581017333370,989.46515
1581017333408,989.46515
1581017333447,989.46515
1581017333485,989.46515
1581017333526,989.25116
1581017333563,989.25116
1581017333603,989.25116
1581017333640,989.25116
1581017333681,989.583
1581017333716,989.583
1581017333755,989.583
1581017333795,989.583
1581017333833,989.3915
1581017333871,989.38696
1581017333910,989.38696
1581017333947,989.38696
1581017333987,989.38696
1581017334024,989.2266
1581017334065,989.2266
1581017334099,989.2266
1581017334139,989.2266
1581017334179,989.202
1581017334216,989.202
1581017334255,989.202
1581017334293,989.202
1581017334333,989.2348
1581017334371,989.2348
1581017334409,989.2348
1581017334447,989.2348
1581017334487,989.2348
1581017334525,989.69214
1581017334562,989.69214
1581017334601,989.69214
1581017334640,989.69214
1581017334679,989.409
1581017334716,989.409
1581017334757,989.409
1581017334793,989.409
1581017334832,989.4532
1581017334870,989.4532
1581017334911,989.4532
1581017334946,989.4532
1581017334985,989.02515
1581017335025,989.02515
1581017335067,989.02515
1581017335101,989.02515
1581017335140,989.02515
1581017335178,989.40485
1581017335216,989.40485
1581017335257,989.40485
1581017335294,989.40485
1581017335332,989.4147
1581017335371,989.4147
1581017335409,989.4147
1581017335450,989.4147
1581017335489,988.9557
1581017335525,988.9557
1581017335565,988.9557
1581017335601,988.9557
1581017335640,989.57434
1581017335679,989.57434
1581017335715,989.57434
1581017335755,989.57434
1581017335792,989.57434
1581017335832,989.1586
1581017335870,989.1586
1581017335909,989.1586
1581017335947,989.1586
1581017335986,989.50885
1581017336023,989.50885
1581017336062,989.50885
1581017336102,989.50885
1581017336141,989.39014
1581017336177,989.39014
1581017336216,989.39014
1581017336255,989.39014
1581017336293,989.02185
1581017336334,989.02185
1581017336370,989.02185
1581017336409,989.02185
1581017336447,989.02185
1581017336485,989.4932
1581017336524,989.4932
1581017336563,989.4932
1581017336602,989.4932
1581017336642,989.3999
1581017336681,989.3999
1581017336717,989.3999
1581017336755,989.3999
1581017336793,989.796
1581017336831,989.796
1581017336869,989.796
1581017336911,989.796
1581017336948,989.359
1581017336985,989.359
1581017337024,989.359
1581017337062,989.359
1581017337100,989.359
1581017337141,989.2988
1581017337178,989.2988
1581017337216,989.2988
1581017337254,989.2988
1581017337294,989.09827
1581017337331,989.09827
1581017337370,989.09827
1581017337409,989.09827
1581017337446,989.33435
1581017337486,989.33435
1581017337524,989.33435
1581017337561,989.33435
1581017337604,989.4702
1581017337643,989.4702
1581017337678,989.4702
1581017337717,989.4702
1581017337755,989.4702
1581017337794,989.03485
1581017337831,989.03485
1581017337871,989.03485
1581017337909,989.03485
1581017337946,989.6297
1581017337985,989.6297
1581017338023,989.6297
1581017338062,989.6297
1581017338100,989.11584
1581017338139,989.11584
1581017338176,989.11584
1581017338216,989.11584
1581017338255,989.4791
1581017338293,989.4791
1581017338333,989.4791
1581017338369,989.4791
1581017338407,989.4791
1581017338448,989.3342
1581017338483,989.3342
1581017338523,989.3342
1581017338561,989.3342
1581017338602,988.90796
1581017338639,988.90796
1581017338680,988.90796
1581017338717,988.90796
1581017338753,989.49786
1581017338794,989.49786
1581017338830,989.49786
1581017338870,989.49786
1581017338911,989.2626
1581017338947,989.2626
1581017338985,989.2626
1581017339022,989.2626
1581017339063,989.2626
1581017339101,989.67413
1581017339137,989.67413
1581017339178,989.67413
1581017339216,989.67413
1581017339255,989.33374
1581017339294,989.33374
1581017339331,989.33374
1581017339370,989.33374
1581017339408,989.2175
1581017339446,989.2175
1581017339486,989.2175
1581017339525,989.2175
1581017339564,989.16425
1581017339600,989.16425
1581017339640,989.16425
1581017339678,989.16425
1581017339717,989.16425
1581017339755,989.2428
1581017339792,989.2428
1581017339834,989.2428
1581017339871,989.2428
1581017339909,989.6245
1581017339945,989.6245
1581017339985,989.6245
1581017340023,989.6245
1581017340062,989.1925
1581017340101,989.1925
1581017340139,989.1925
1581017340176,989.1925
1581017340217,989.203
1581017340255,989.203
1581017340292,989.203
1581017340333,989.203
1581017340369,989.203
1581017340409,988.9199
1581017340446,988.9199
1581017340485,988.9199
1581017340524,988.9199
1581017340562,989.2689
1581017340601,989.2689
1581017340640,989.2689
1581017340677,989.2689
1581017340715,989.34814
1581017340757,989.34814
1581017340793,989.34814
1581017340830,989.34814
1581017340869,988.95544
1581017340907,988.95544
1581017340947,988.95544
1581017340985,988.95544
1581017341026,988.95544
1581017341061,989.5928
1581017341099,989.5928
1581017341138,989.5928
1581017341176,989.5928
1581017341215,989.06506
1581017341257,989.06506
1581017341293,989.06506
1581017341331,989.06506
1581017341370,989.36456
1581017341408,989.36456
1581017341447,989.36456
1581017341485,989.36456
1581017341523,989.35144
1581017341562,989.35144
1581017341599,989.35144
1581017341639,989.35144
1581017341676,989.35144
1581017341716,988.8818
1581017341754,988.8818
1581017341793,988.8818
1581017341834,988.8818
1581017341868,989.5371
1581017341911,989.5371
1581017341948,989.5371
1581017341985,989.5371
1581017342024,989.2544
1581017342061,989.2544
1581017342101,989.2544
1581017342139,989.2544
1581017342177,989.6406
1581017342215,989.6406
1581017342253,989.6406
1581017342293,989.6406
1581017342332,989.6406
1581017342368,989.45807
1581017342408,989.45807
1581017342446,989.45807
1581017342485,989.45807
1581017342522,989.24243
1581017342561,989.24243
1581017342600,989.24243
1581017342637,989.24243
1581017342677,989.2621
1581017342715,989.2621
1581017342752,989.2621
1581017342791,989.2621
1581017342830,989.3005
1581017342869,989.3005
1581017342908,989.3005
1581017342945,989.3005
1581017342987,989.3005
1581017343024,989.7538
1581017343060,989.7538
1581017343103,989.7538
1581017343138,989.7538
1581017343177,989.29395
1581017343215,989.29395
1581017343253,989.29395
1581017343291,989.29395
1581017343329,989.2558
1581017343367,989.2558
1581017343405,989.2558
1581017343444,989.2558
1581017343483,988.9121
1581017343521,988.9121
1581017343560,988.9121
1581017343599,988.9121
1581017343637,988.9121
1581017343675,989.2794
1581017343714,989.2794
1581017343753,989.2794
1581017343790,989.2794
1581017343829,989.486
1581017343867,989.486
1581017343906,989.486
1581017343944,989.486
1581017343983,989.06384
1581017344021,989.06384
1581017344061,989.06384
1581017344098,989.06384
1581017344136,989.5415
1581017344175,989.5415
1581017344213,989.5415
1581017344252,989.5415
1581017344290,989.5415
1581017344330,988.9544
1581017344367,988.9544
1581017344407,988.9544
1581017344446,988.9544
1581017344483,989.31116
1581017344521,989.31116
1581017344561,989.31116
1581017344601,989.31116
1581017344636,989.3217
1581017344676,989.3217
1581017344714,989.3217
1581017344752,989.3217
1581017344791,988.8324
1581017344830,988.8324
1581017344867,988.8324
1581017344907,988.8324
1581017344947,988.8324
1581017344984,989.48285
1581017345023,989.48285
1581017345062,989.48285
1581017345100,989.48285
1581017345136,989.1408
1581017345177,989.1408
1581017345214,989.1408
1581017345252,989.1408
1581017345290,989.455
1581017345330,989.455
1581017345367,989.455
1581017345406,989.455
1581017345445,989.3409
1581017345482,989.3409
1581017345520,989.3409
1581017345560,989.3409
1581017345599,989.3409
1581017345638,988.791
1581017345676,988.791
1581017345714,988.791
1581017345752,988.791
1581017345792,989.52325
1581017345829,989.52325
1581017345869,989.52325
1581017345905,989.52325
1581017345947,989.3076
1581017345984,989.3076
1581017346022,989.3076
1581017346059,989.3076
1581017346099,989.724
1581017346136,989.724
1581017346175,989.724
1581017346215,989.724
1581017346252,989.724
1581017346293,989.3182
1581017346330,989.3182
1581017346369,989.3182
1581017346406,989.3182
1581017346446,989.1455
1581017346483,989.1455
1581017346520,989.1455
1581017346560,989.1455
1581017346598,989.1537
1581017346635,989.1537
1581017346675,989.1537
1581017346713,989.1537
1581017346752,989.1537
1581017346791,989.20764
1581017346829,989.20764
1581017346868,989.20764
1581017346919,989.20764
1581017346947,989.751
1581017346983,989.751
1581017347022,989.751
1581017347060,989.751
1581017347098,989.41425
1581017347138,989.41425
1581017347175,989.41425
1581017347212,989.41425
1581017347254,989.4657
1581017347290,989.4657
1581017347331,989.4657
1581017347369,989.4657
1581017347406,989.4657
1581017347445,989.01733
1581017347485,989.01733
1581017347521,989.01733
1581017347560,989.01733
1581017347597,989.4055
1581017347636,989.4055
1581017347676,989.4055
1581017347712,989.4055
1581017347752,989.48083
1581017347789,989.48083
1581017347830,989.48083
1581017347866,989.48083
1581017347906,988.91376
1581017347944,988.91376
1581017347983,988.91376
1581017348021,988.91376
1581017348060,988.91376
1581017348097,989.5536
1581017348137,989.5536
1581017348175,989.5536
1581017348214,989.5536
1581017348251,989.13214
1581017348291,989.13214
1581017348330,989.13214
1581017348367,989.13214
1581017348406,989.4938
1581017348443,989.4938
1581017348482,989.4938
1581017348521,989.4938
1581017348560,989.40704
1581017348598,989.40704
1581017348637,989.40704
1581017348674,989.40704
1581017348714,989.40704
1581017348755,989.06995
1581017348790,989.06995
1581017348830,989.06995
1581017348868,989.06995
1581017348906,989.2978
1581017348944,989.2978
1581017348981,989.2978
1581017349021,989.2978
1581017349058,989.2953
1581017349097,989.2953
1581017349134,989.2953
1581017349173,989.2953
1581017349212,989.74036
1581017349252,989.74036
1581017349291,989.74036
1581017349329,989.74036
1581017349366,989.74036
1581017349405,989.1811
1581017349444,989.1811
1581017349483,989.1811
1581017349522,989.1811
1581017349559,989.1697
1581017349599,989.1697
1581017349636,989.1697
1581017349675,989.1697
1581017349714,988.9962
1581017349753,988.9962
1581017349790,988.9962
1581017349830,988.9962
1581017349872,989.1893
1581017349906,989.1893
1581017349944,989.1893
1581017349983,989.1893
1581017350022,989.1893
1581017350059,989.43384
1581017350099,989.43384
1581017350136,989.43384
1581017350175,989.43384
1581017350215,989.04443
1581017350252,989.04443
1581017350290,989.04443
1581017350327,989.04443
1581017350367,989.4673
1581017350404,989.4673
1581017350444,989.4673
1581017350482,989.4673
1581017350521,988.99646
1581017350559,988.99646
1581017350596,988.99646
1581017350637,988.99646
1581017350675,988.99646
1581017350712,989.3752
1581017350751,989.3752
1581017350789,989.3752
1581017350828,989.3752
1581017350866,989.32355
1581017350904,989.32355
1581017350944,989.32355
1581017350983,989.32355
1581017351020,988.74146
1581017351059,988.74146
1581017351100,988.74146
1581017351137,988.74146
1581017351175,989.229
1581017351214,989.229
1581017351251,989.229
1581017351290,989.229
1581017351330,989.229
1581017351367,989.1636
1581017351404,989.1636
1581017351447,989.1636
1581017351482,989.1636
1581017351523,989.5669
1581017351559,989.5669
1581017351598,989.5669
1581017351635,989.5669
1581017351674,989.18726
1581017351713,989.18726
1581017351752,989.18726
1581017351789,989.18726
1581017351828,989.14307
1581017351868,989.14307
1581017351904,989.14307
1581017351943,989.14307
1581017351982,989.14307
1581017352022,989.07544
1581017352061,989.07544
1581017352097,989.07544
1581017352137,989.07544
1581017352173,989.2587
1581017352213,989.2587
1581017352251,989.2587
1581017352290,989.2587
1581017352329,989.6456
1581017352367,989.6456
1581017352404,989.6456
1581017352444,989.6456
1581017352481,989.392
1581017352520,989.392
1581017352559,989.392
1581017352597,989.392
1581017352635,989.392
1581017352675,989.4988
1581017352714,989.4988
1581017352749,989.4988
1581017352789,989.4988
1581017352828,989.0586
1581017352866,989.0586
1581017352903,989.0586
1581017352943,989.0586
1581017352983,989.4202
1581017353020,989.4202
1581017353059,989.4202
1581017353098,989.4202
1581017353137,989.3637
1581017353174,989.3637
1581017353212,989.3637
1581017353251,989.3637
1581017353290,989.3637
1581017353328,988.8127
1581017353367,988.8127
1581017353405,988.8127
1581017353442,988.8127
1581017353483,989.45245
1581017353520,989.45245
1581017353557,989.45245
1581017353598,989.45245
1581017353635,989.1677
1581017353675,989.1677
1581017353713,989.1677
1581017353752,989.1677
1581017353790,989.5448
1581017353828,989.5448
1581017353866,989.5448
1581017353904,989.5448
1581017353943,989.5448
1581017353981,989.427
1581017354020,989.427
1581017354058,989.427
1581017354096,989.427
1581017354136,989.1227
1581017354172,989.1227
1581017354213,989.1227
1581017354250,989.1227
1581017354288,989.4761
1581017354326,989.4761
1581017354366,989.4761
1581017354404,989.4761
1581017354442,989.38684
1581017354481,989.38684
1581017354520,989.38684
1581017354562,989.38684
1581017354602,989.38684
1581017354635,989.8646
1581017354674,989.8646
1581017354711,989.8646
1581017354754,989.8646
1581017354790,989.37744
1581017354830,989.37744
1581017354870,989.37744
1581017354906,989.37744
1581017354943,989.2809
1581017354982,989.2809
1581017355019,989.2809
1581017355058,989.2809
1581017355095,988.9282
1581017355135,988.9282
1581017355174,988.9282
1581017355212,988.9282
1581017355250,988.9282
1581017355288,989.2989
1581017355327,989.2989
1581017355366,989.2989
1581017355407,989.2989
1581017355443,989.4003
1581017355480,989.4003
1581017355519,989.4003
1581017355559,989.4003
1581017355594,988.89966
1581017355635,988.89966
1581017355672,988.89966
1581017355712,988.89966
1581017355751,989.4109
1581017355788,989.4109
1581017355827,989.4109
1581017355865,989.4109
1581017355905,989.4109
1581017355944,988.9838
1581017355981,988.9838
1581017356020,988.9838
1581017356058,988.9838
1581017356096,989.3425
1581017356136,989.3425
1581017356174,989.3425
1581017356210,989.3425
1581017356250,989.32367
1581017356288,989.32367
1581017356327,989.32367
1581017356365,989.32367
1581017356404,988.8557
1581017356443,988.8557
1581017356481,988.8557
1581017356520,988.8557
1581017356557,988.8557
1581017356596,989.3924
1581017356634,989.3924
1581017356672,989.3924
1581017356714,989.3924
1581017356749,989.24426
1581017356789,989.24426
1581017356828,989.24426
1581017356866,989.24426
1581017356904,989.63525
1581017356943,989.63525
1581017356981,989.63525
1581017357019,989.63525
1581017357058,989.25244
1581017357096,989.25244
1581017357134,989.25244
1581017357173,989.25244
1581017357211,989.25244
1581017357250,989.24536
1581017357288,989.24536
1581017357328,989.24536
1581017357366,989.24536
1581017357403,989.1823
1581017357442,989.1823
1581017357482,989.1823
1581017357519,989.1823
1581017357558,989.2641
1581017357595,989.2641
1581017357635,989.2641
1581017357673,989.2641
1581017357711,989.7893
1581017357753,989.7893
1581017357789,989.7893
1581017357826,989.7893
1581017357866,989.7893
1581017357903,989.505
1581017357942,989.505
1581017357980,989.505
1581017358018,989.505
1581017358056,989.5614
1581017358095,989.5614
1581017358133,989.5614
1581017358172,989.5614
1581017358212,989.0607
1581017358251,989.0607
1581017358291,989.0607
1581017358325,989.0607
1581017358364,989.0607
1581017358403,989.3569
1581017358440,989.3569
1581017358481,989.3569
1581017358523,989.3569
1581017358559,989.62885
1581017358596,989.62885
1581017358635,989.62885
1581017358674,989.62885
1581017358712,989.0226
1581017358750,989.0226
1581017358788,989.0226
1581017358827,989.0226
1581017358867,989.1624
1581017358903,989.1624
1581017358943,989.1624
1581017358980,989.1624
1581017359019,989.1624
1581017359056,988.9337
1581017359094,988.9337
1581017359136,988.9337
1581017359171,988.9337
1581017359210,988.9779
1581017359250,988.9779
1581017359288,988.9779
1581017359326,988.9779
1581017359364,989.688
1581017359403,989.688
1581017359443,989.688
1581017359480,989.688
1581017359520,989.99304
1581017359558,989.99304
1581017359596,989.99304
1581017359634,989.99304
1581017359672,989.99304
1581017359712,990.1505
1581017359749,990.1505
1581017359788,990.1505
1581017359826,990.1505
1581017359865,989.68585
1581017359903,989.68585
1581017359941,989.68585
1581017359980,989.68585
1581017360018,989.0686
1581017360056,989.0686
1581017360095,989.0686
1581017360134,989.0686
1581017360172,988.83997
1581017360210,988.83997
1581017360251,988.83997
1581017360288,988.83997
1581017360326,988.83997
1581017360365,988.6665
1581017360404,988.6665
1581017360442,988.6665
1581017360485,988.6665
1581017360518,988.7369
1581017360555,988.7369
1581017360593,988.7369
1581017360632,988.7369
1581017360670,988.8522
1581017360709,988.8522
1581017360755,988.8522
1581017360786,988.8522
1581017360825,988.9298
1581017360862,988.9298
1581017360902,988.9298
1581017360939,988.9298
1581017360985,988.9298
1581017361021,988.9798
1581017361054,988.9798
1581017361093,988.9798
1581017361131,988.9798
1581017361170,989.04926
1581017361208,989.04926
1581017361246,989.04926
1581017361285,989.04926
1581017361324,989.08887
1581017361362,989.08887
1581017361401,989.08887
1581017361439,989.08887
1581017361477,989.1109
1581017361516,989.1109
1581017361556,989.1109
1581017361593,989.1109
1581017361631,989.1109
1581017361669,989.1473
1581017361711,989.1473
1581017361747,989.1473
1581017361785,989.1473
1581017361824,989.18494
1581017361864,989.18494
1581017361900,989.18494
1581017361939,989.18494
