1456889413243,969.737
1456889413274,969.737
1456889413303,969.737
1456889413333,969.737
1456889413393,969.737
1456889413423,969.737
1456889413452,969.737
1456889413482,969.737
1456889413512,969.737
1456889413542,969.737
1456889413572,969.737
1456889413602,969.737
1456889413662,969.737
1456889413691,969.73486
1456889413721,969.72705
1456889413751,969.72705
1456889413781,969.72705
1456889413811,969.72705
1456889413840,969.72705
1456889413870,969.72705
1456889413930,969.72705
1456889413959,969.72705
1456889413990,969.72705
1456889414019,969.72705
1456889414049,969.72705
1456889414080,969.72705
1456889414109,969.72705
1456889414139,969.7174
1456889414199,969.71704
1456889414229,969.7191
1456889414258,969.72705
1456889414288,969.7224
1456889414318,969.71704
1456889414348,969.71704
1456889414378,969.71704
1456889414407,969.71704
1456889414467,969.71704
1456889414497,969.71704
1456889414527,969.71704
1456889414556,969.71704
1456889414587,969.71704
1456889414617,969.71704
1456889414647,969.71704
1456889414676,969.71704
1456889414736,969.71704
1456889414778,969.71704
1456889414796,969.71704
1456889414825,969.71704
1456889414855,969.71704
1456889414885,969.71704
1456889414916,969.71704
1456889414945,969.71704
1456889415005,969.71704
1456889415034,969.71704
1456889415066,969.71704
1456889415094,969.71704
1456889415124,969.71124
1456889415153,969.70703
1456889415185,969.7153
1456889415214,969.71704
1456889415275,969.71704
1456889415303,969.71704
1456889415333,969.71704
1456889415363,969.71704
1456889415393,969.71704
1456889415423,969.71704
1456889415452,969.71704
1456889415482,969.71704
1456889415542,969.70703
1456889415572,969.70703
1456889415603,969.70703
1456889415632,969.70703
1456889415661,969.7127
1456889415691,969.71704
1456889415721,969.71704
1456889415751,969.71704
1456889415813,969.71704
1456889415842,969.71704
1456889415874,969.71704
1456889415900,969.71704
1456889415930,969.71704
1456889415960,969.71704
1456889415989,969.71704
1456889416022,969.71704
1456889416079,969.70703
1456889416109,969.70703
1456889416142,969.70703
1456889416171,969.70703
1456889416201,969.70703
1456889416231,969.70703
1456889416259,969.70703
1456889416294,969.70703
1456889416347,969.70703
1456889416377,969.7052
1456889416407,969.697
1456889416437,969.697
1456889416467,969.697
1456889416498,969.697
1456889416526,969.697
1456889416556,969.697
1456889416616,969.697
1456889416647,969.69525
1456889416678,969.687
1456889416707,969.687
1456889416737,969.687
1456889416776,969.687
1456889416828,969.687
1456889416828,969.67773
1456889416885,969.67706
1456889416917,969.67706
1456889416944,969.67706
1456889416975,969.6728
1456889417004,969.66705
1456889417035,969.66705
1456889417064,969.66705
1456889417094,969.65784
1456889417154,969.65704
1456889417184,969.65704
1456889417215,969.6541
1456889417246,969.6471
1456889417273,969.6471
1456889417304,969.6471
1456889417333,969.6471
1456889417364,969.6471
1456889417424,969.6471
1456889417454,969.6471
1456889417484,969.6471
1456889417515,969.6471
1456889417543,969.6471
1456889417572,969.6471
1456889417604,969.63916
1456889417631,969.6371
1456889417691,969.6371
1456889417722,969.6371
1456889417764,969.6371
1456889417780,969.6371
1456889417810,969.6371
1456889417840,969.6371
1456889417870,969.6371
1456889417900,969.6371
1456889417964,969.6371
1456889417990,969.6371
1456889418020,969.63416
1456889418049,969.6271
1456889418080,969.6271
1456889418109,969.6271
1456889418139,969.6192
1456889418171,969.61707
1456889418228,969.60706
1456889418258,969.60547
1456889418288,969.5971
1456889418319,969.5971
1456889418352,969.59174
1456889418386,969.5871
1456889418409,969.5792
1456889418442,969.5771
1456889418497,969.56714
1456889418527,969.56714
1456889418556,969.56714
1456889418587,969.563
1456889418617,969.5571
1456889418647,969.55054
1456889418677,969.5471
1456889418706,969.5471
1456889418766,969.5371
1456889418816,969.5371
1456889418825,969.5371
1456889418855,969.533
1456889418886,969.5271
1456889418917,969.5271
1456889418944,969.5271
1456889418974,969.51807
1456889419036,969.51715
1456889419064,969.51715
1456889419094,969.51715
1456889419124,969.51715
1456889419154,969.51715
1456889419184,969.51056
1456889419213,969.50714
1456889419244,969.50714
1456889419304,969.50684
1456889419336,969.49713
1456889419363,969.49713
1456889419393,969.4931
1456889419426,969.4872
1456889419453,969.4872
1456889419484,969.4872
1456889419515,969.47815
1456889419574,969.4769
1456889419604,969.46716
1456889419631,969.46716
1456889419661,969.46716
1456889419691,969.46716
1456889419722,969.46716
1456889419751,969.46716
1456889419781,969.4582
1456889419840,969.4569
1456889419871,969.44714
1456889419901,969.44714
1456889419932,969.44714
1456889419963,969.44714
1456889419989,969.44714
1456889420020,969.4395
1456889420049,969.4372
1456889420111,969.4372
1456889420139,969.4372
1456889420168,969.4372
1456889420199,969.4372
1456889420229,969.432
1456889420258,969.4272
1456889420290,969.4272
1456889420321,969.4272
1456889420377,969.4172
1456889420407,969.4172
1456889420437,969.4172
1456889420466,969.4172
1456889420496,969.4172
1456889420526,969.4172
1456889420556,969.4096
1456889420586,969.4072
1456889420646,969.3972
1456889420676,969.3972
1456889420705,969.3972
1456889420735,969.39343
1456889420765,969.3872
1456889420795,969.3872
1456889420827,969.3872
1456889420856,969.3872
1456889420914,969.3872
1456889420945,969.3859
1456889420974,969.3772
1456889421004,969.3735
1456889421034,969.3672
1456889421064,969.3672
1456889421094,969.3672
1456889421124,969.3672
1456889421153,969.3672
1456889421212,969.36597
1456889421246,969.35724
1456889421273,969.35724
1456889421303,969.35724
1456889421333,969.351
1456889421363,969.3472
1456889421393,969.3472
1456889421422,969.3472
1456889421482,969.3472
1456889421512,969.3472
1456889421541,969.34357
1456889421572,969.3372
1456889421602,969.3311
1456889421632,969.3273
1456889421661,969.3273
1456889421691,969.3273
1456889421751,969.3273
1456889421781,969.3273
1456889421810,969.3236
1456889421840,969.31726
1456889421870,969.31726
1456889421900,969.31726
1456889421932,969.30865
1456889421959,969.30725
1456889422019,969.30725
1456889422049,969.30493
1456889422079,969.29724
1456889422109,969.2925
1456889422139,969.28723
1456889422171,969.28723
1456889422198,969.28723
1456889422228,969.28723
1456889422288,969.28723
1456889422318,969.285
1456889422348,969.2773
1456889422377,969.2773
1456889422408,969.2773
1456889422437,969.27
1456889422467,969.2673
1456889422497,969.2673
1456889422556,969.2673
1456889422588,969.265
1456889422616,969.25726
1456889422646,969.25256
1456889422676,969.2473
1456889422706,969.24005
1456889422736,969.2373
1456889422774,969.2373
1456889422825,969.2373
1456889422855,969.23505
1456889422885,969.2273
1456889422915,969.2273
1456889422945,969.2273
1456889422974,969.22003
1456889423004,969.2173
1456889423034,969.2173
1456889423094,969.2163
1456889423124,969.2073
1456889423154,969.2073
1456889423184,969.2073
1456889423213,969.2073
1456889423243,969.2073
1456889423273,969.2073
1456889423303,969.1976
1456889423362,969.1963
1456889423392,969.1873
1456889423422,969.1873
1456889423453,969.1873
1456889423482,969.1873
1456889423512,969.1873
1456889423542,969.1873
1456889423572,969.1776
1456889423631,969.1773
1456889423661,969.1773
1456889423691,969.1738
1456889423721,969.16736
1456889423750,969.16736
1456889423780,969.16736
1456889423810,969.16736
1456889423840,969.16736
1456889423899,969.1664
1456889423930,969.15735
1456889423959,969.1539
1456889423989,969.14734
1456889424019,969.14734
1456889424049,969.14734
1456889424080,969.14734
1456889424108,969.14734
1456889424169,969.1373
1456889424197,969.1373
1456889424228,969.1373
1456889424258,969.1373
1456889424288,969.1315
1456889424317,969.1273
1456889424348,969.1273
1456889424377,969.1273
1456889424437,969.1174
1456889424468,969.1174
1456889424497,969.1174
1456889424529,969.1174
1456889424559,969.1174
1456889424589,969.1174
1456889424617,969.109
1456889424648,969.10736
1456889424710,969.10736
1456889424736,969.10736
1456889424766,969.10736
1456889424796,969.1028
1456889424826,969.09735
1456889424856,969.09735
1456889424887,969.09735
1456889424916,969.09735
1456889424975,969.0874
1456889425006,969.0853
1456889425037,969.0774
1456889425065,969.0774
1456889425116,969.0774
1456889425125,969.0774
1456889425153,969.0774
1456889425183,969.0678
1456889425243,969.0674
1456889425274,969.0674
1456889425303,969.0674
1456889425332,969.06287
1456889425364,969.0574
1456889425394,969.05035
1456889425425,969.04736
1456889425453,969.04736
1456889425514,969.04663
1456889425542,969.0374
1456889425573,969.0374
1456889425612,969.0374
1456889425631,969.0374
1456889425663,969.03033
1456889425691,969.0274
1456889425722,969.0369
1456889425782,969.0366
1456889425811,969.0274
1456889425843,969.0241
1456889425877,969.0174
1456889425900,969.0174
1456889425933,969.0174
1456889425960,969.0174
1456889425991,969.0174
1456889426048,969.0166
1456889426078,969.00745
1456889426108,969.00745
1456889426138,969.00745
1456889426167,969.00165
1456889426198,968.99744
1456889426227,968.99744
1456889426260,968.99744
1456889426318,968.99664
1456889426350,968.9874
1456889426378,968.98413
1456889426409,968.9774
1456889426440,968.9774
1456889426468,968.9774
1456889426499,968.9774
1456889426530,968.9774
1456889426587,968.9674
1456889426636,968.9674
1456889426645,968.9674
1456889426675,968.9674
1456889426705,968.9617
1456889426735,968.95746
1456889426765,968.95746
1456889426795,968.95746
1456889426856,968.94745
1456889426884,968.94745
1456889426915,968.94745
1456889426944,968.94293
1456889426975,968.93744
1456889427003,968.93744
1456889427033,968.93744
1456889427063,968.93744
1456889427123,968.9275
1456889427152,968.9254
1456889427183,968.9175
1456889427213,968.9175
1456889427243,968.9175
1456889427275,968.9175
1456889427303,968.9175
1456889427334,968.9175
1456889427394,968.9175
1456889427422,968.9175
1456889427453,968.9175
1456889427485,968.91296
1456889427513,968.9075
1456889427541,968.9075
1456889427571,968.9075
1456889427640,968.9075
1456889427672,968.9075
1456889427691,968.9054
1456889427719,968.89746
1456889427750,968.89746
1456889427786,968.89746
1456889427809,968.89746
1456889427839,968.89746
1456889427869,968.89746
1456889427929,968.89667
1456889427961,968.88745
1456889427991,968.88745
1456889428020,968.88745
1456889428049,968.88745
1456889428077,968.88745
1456889428108,968.88745
1456889428141,968.8779
1456889428198,968.8775
1456889428229,968.8775
1456889428258,968.8775
1456889428289,968.8775
1456889428319,968.8775
1456889428346,968.8775
1456889428389,968.8775
1456889428406,968.8679
1456889428467,968.8675
1456889428497,968.8675
1456889428526,968.8642
1456889428556,968.8575
1456889428587,968.8575
1456889428627,968.8575
1456889428644,968.8492
1456889428674,968.84753
1456889428735,968.84753
1456889428763,968.84753
1456889428794,968.8442
1456889428823,968.8375
1456889428855,968.8375
1456889428884,968.8375
1456889428914,968.8375
1456889428945,968.8375
1456889429004,968.8375
1456889429032,968.8375
1456889429063,968.8342
1456889429092,968.8275
1456889429121,968.8275
1456889429152,968.8275
1456889429182,968.8275
1456889429212,968.8275
1456889429273,968.8175
1456889429301,968.8175
1456889429332,968.8175
1456889429363,968.8175
1456889429391,968.8175
1456889429423,968.8175
1456889429451,968.8175
1456889429483,968.8175
1456889429546,968.8075
1456889429572,968.8096
1456889429620,968.8175
1456889429630,968.8175
1456889429662,968.8175
1456889429689,968.8175
1456889429721,968.8175
1456889429749,968.8175
1456889429819,968.8175
1456889429841,968.8175
1456889429869,968.8175
1456889429897,968.8175
1456889429928,968.8175
1456889429957,968.8175
1456889429987,968.8175
1456889430017,968.8175
1456889430077,968.8175
1456889430108,968.8175
1456889430138,968.8175
1456889430167,968.8175
1456889430222,968.8175
1456889430226,968.8175
1456889430256,968.8175
1456889430285,968.8175
1456889430346,968.8175
1456889430375,968.8175
1456889430406,968.8175
1456889430440,968.8175
1456889430466,968.8175
1456889430496,968.8175
1456889430525,968.8175
1456889430559,968.8175
1456889430647,968.8175
1456889430647,968.8175
1456889430674,968.8175
1456889430704,968.8175
1456889430733,968.8175
1456889430763,968.8175
1456889430793,968.8175
1456889430823,968.827
1456889430883,968.8275
1456889430912,968.8275
1456889430943,968.8275
1456889430974,968.8275
1456889431003,968.8275
1456889431031,968.8275
1456889431061,968.8275
1456889431091,968.8275
