1456889906960,968.3478
1456889906991,968.3478
1456889907019,968.3478
1456889907051,968.3478
1456889907079,968.3478
1456889907111,968.3558
1456889907138,968.3578
1456889907199,968.3578
1456889907230,968.3578
1456889907259,968.3578
1456889907291,968.3578
1456889907318,968.3578
1456889907351,968.3578
1456889907378,968.3578
1456889907408,968.3578
1456889907470,968.3678
1456889907498,968.3678
1456889907531,968.3678
1456889907557,968.3721
1456889907590,968.37775
1456889907616,968.37775
1456889907647,968.37775
1456889907675,968.37775
1456889907735,968.38776
1456889907785,968.38776
1456889907786,968.38776
1456889907816,968.38776
1456889907846,968.38776
1456889907908,968.39777
1456889907934,968.39777
1456889907963,968.39777
1456889907993,968.39777
1456889908024,968.39777
1456889908054,968.39777
1456889908083,968.39777
1456889908113,968.39777
1456889908173,968.4077
1456889908203,968.40924
1456889908233,968.4177
1456889908263,968.4177
1456889908292,968.4177
1456889908322,968.4177
1456889908351,968.4255
1456889908381,968.42773
1456889908446,968.42773
1456889908482,968.42773
1456889908502,968.42773
1456889908531,968.42773
1456889908561,968.42773
1456889908591,968.43427
1456889908621,968.43774
1456889908652,968.43774
1456889908711,968.43774
1456889908739,968.43774
1456889908769,968.43774
1456889908801,968.4418
1456889908829,968.44775
1456889908859,968.44775
1456889908888,968.44775
1456889908919,968.4568
1456889908979,968.4577
1456889909008,968.45935
1456889909038,968.4677
1456889909069,968.4677
1456889909099,968.4677
1456889909129,968.4677
1456889909157,968.4677
1456889909186,968.4677
1456889909247,968.4681
1456889909277,968.4777
1456889909307,968.4777
1456889909337,968.4777
1456889909366,968.4777
1456889909396,968.4843
1456889909426,968.4877
1456889909456,968.4877
1456889909515,968.4877
1456889909544,968.4877
1456889909574,968.4906
1456889909605,968.4977
1456889909635,968.4977
1456889909664,968.5044
1456889909694,968.5077
1456889909724,968.5077
1456889909784,968.5077
1456889909814,968.5077
1456889909843,968.5077
1456889909873,968.5077
1456889909903,968.5131
1456889909932,968.5177
1456889909962,968.5177
1456889909992,968.5177
1456889910052,968.5177
1456889910082,968.5177
1456889910112,968.5206
1456889910142,968.5277
1456889910171,968.5277
1456889910201,968.5277
1456889910231,968.5277
1456889910261,968.5277
1456889910320,968.53766
1456889910350,968.53766
1456889910383,968.53766
1456889910414,968.53766
1456889910447,968.53766
1456889910498,968.53766
1456889910501,968.5457
1456889910532,968.54767
1456889910593,968.54767
1456889910623,968.54767
1456889910649,968.54767
1456889910680,968.54767
1456889910708,968.5532
1456889910737,968.5577
1456889910769,968.5577
1456889910799,968.5577
1456889910859,968.5676
1456889910888,968.5676
1456889910918,968.5676
1456889910948,968.572
1456889910979,968.57764
1456889911007,968.57764
1456889911037,968.57764
1456889911068,968.57764
1456889911128,968.58765
1456889911155,968.58765
1456889911185,968.58765
1456889911215,968.58765
1456889911245,968.58765
1456889911275,968.59454
1456889911305,968.59766
1456889911335,968.59766
1456889911395,968.60767
1456889911431,968.60767
1456889911457,968.60767
1456889911483,968.60767
1456889911513,968.60767
1456889911544,968.61456
1456889911575,968.6176
1456889911605,968.6176
1456889911703,968.6176
1456889911703,968.6176
1456889911722,968.6176
1456889911752,968.6221
1456889911782,968.6276
1456889911812,968.6276
1456889911841,968.6276
1456889911871,968.6276
1456889911931,968.62836
1456889911961,968.63763
1456889911991,968.63763
1456889912021,968.63763
1456889912050,968.63763
1456889912081,968.64465
1456889912110,968.6476
1456889912141,968.6476
1456889912201,968.6476
1456889912230,968.6476
1456889912258,968.6476
1456889912288,968.6476
1456889912322,968.65344
1456889912351,968.6576
1456889912379,968.6576
1456889912410,968.6672
1456889912502,968.6676
1456889912503,968.6676
1456889912540,968.6676
1456889912558,968.6676
1456889912588,968.67346
1456889912619,968.6776
1456889912646,968.6776
1456889912676,968.6776
1456889912742,968.6776
1456889912768,968.6776
1456889912796,968.6776
1456889912826,968.6776
1456889912858,968.6835
1456889912887,968.6876
1456889912916,968.6876
1456889912947,968.6876
1456889913014,968.6876
1456889913034,968.6876
1456889913064,968.69104
1456889913095,968.6976
1456889913125,968.6976
1456889913155,968.6976
1456889913185,968.6976
1456889913214,968.6976
1456889913330,968.7076
1456889913331,968.7076
1456889913333,968.7076
1456889913362,968.7076
1456889913394,968.71356
1456889913421,968.7176
1456889913451,968.7176
1456889913482,968.7176
1456889913541,968.7176
1456889913571,968.7198
1456889913603,968.72754
1456889913632,968.7323
1456889913663,968.73755
1456889913692,968.73755
1456889913721,968.73755
1456889913751,968.73755
1456889913811,968.73755
1456889913839,968.73755
1456889913870,968.73755
1456889913901,968.7423
1456889913930,968.74756
1456889913963,968.74756
1456889913990,968.74756
1456889914030,968.74756
1456889914087,968.74756
1456889914112,968.7498
1456889914145,968.75757
1456889914175,968.7623
1456889914200,968.7676
1456889914227,968.7676
1456889914257,968.7676
1456889914288,968.77734
1456889914348,968.7775
1456889914377,968.7775
1456889914407,968.7775
1456889914444,968.7775
1456889914467,968.7775
1456889914504,968.78485
1456889914526,968.78754
1456889914556,968.78754
1456889914615,968.78754
1456889914645,968.78754
1456889914676,968.78754
1456889914706,968.78754
1456889914736,968.78754
1456889914765,968.7948
1456889914796,968.79755
1456889914826,968.79755
1456889914885,968.79755
1456889914915,968.79755
1456889914945,968.8011
1456889914975,968.8075
1456889915004,968.8136
1456889915033,968.8175
1456889915063,968.8175
1456889915093,968.8175
1456889915153,968.8175
1456889915183,968.8175
1456889915213,968.82104
1456889915243,968.8275
1456889915272,968.8275
1456889915302,968.8275
1456889915332,968.83606
1456889915362,968.8375
1456889915421,968.8375
1456889915450,968.8375
1456889915481,968.8375
1456889915511,968.8375
1456889915541,968.84357
1456889915571,968.84753
1456889915601,968.84753
1456889915630,968.84753
1456889915690,968.84753
1456889915720,968.84753
1456889915750,968.8511
1456889915780,968.8575
1456889915808,968.8575
1456889915839,968.8575
1456889915869,968.8575
1456889915899,968.8575
1456889915959,968.8575
1456889915988,968.8575
1456889916018,968.8575
1456889916048,968.8575
1456889916078,968.8636
1456889916108,968.8675
1456889916138,968.8675
1456889916168,968.8675
1456889916226,968.8775
1456889916256,968.8775
1456889916286,968.8775
1456889916318,968.8823
1456889916346,968.88745
1456889916377,968.88745
1456889916406,968.89606
1456889916436,968.89746
1456889916495,968.89746
1456889916525,968.89746
1456889916556,968.89746
1456889916585,968.89746
1456889916614,968.89746
1456889916646,968.90485
1456889916675,968.9075
1456889916704,968.9075
1456889916764,968.9075
1456889916794,968.9098
1456889916824,968.9175
1456889916854,968.9175
1456889916883,968.9175
1456889916913,968.9175
1456889916943,968.9175
1456889916973,968.9175
1456889917032,968.9186
1456889917063,968.9275
1456889917092,968.9275
1456889917122,968.9275
1456889917152,968.9275
1456889917182,968.9275
1456889917211,968.9275
1456889917241,968.9275
1456889917301,968.9275
1456889917331,968.9275
1456889917361,968.93115
1456889917389,968.93744
1456889917419,968.93744
1456889917450,968.93744
1456889917480,968.93744
1456889917509,968.93744
1456889917570,968.93744
1456889917599,968.93744
1456889917629,968.93744
1456889917659,968.93744
1456889917689,968.9437
1456889917719,968.94745
1456889917748,968.94745
1456889917807,968.94745
1456889917838,968.9487
1456889917868,968.95746
1456889917898,968.96124
1456889917927,968.9674
1456889917957,968.9674
1456889917987,968.9674
1456889918017,968.9674
1456889918079,968.9674
1456889918109,968.96875
1456889918139,968.9774
1456889918165,968.9774
1456889918195,968.9774
1456889918226,968.98376
1456889918256,968.9874
1456889918285,968.9874
1456889918346,968.9875
1456889918375,968.99744
1456889918404,968.99744
1456889918434,968.99744
1456889918464,968.99744
1456889918494,968.99744
1456889918524,968.99744
1456889918554,969.0062
1456889918613,969.0075
1456889918647,969.0174
1456889918673,969.0174
1456889918703,969.0174
1456889918732,969.0174
1456889918762,969.02374
1456889918792,969.0274
1456889918822,969.0274
1456889918883,969.02747
1456889918911,969.0374
1456889918941,969.0374
1456889918970,969.0374
1456889919000,969.0374
1456889919031,969.0374
1456889919061,969.0374
1456889919090,969.04626
1456889919151,969.04736
1456889919180,969.04736
1456889919210,969.05005
1456889919240,969.0574
1456889919270,969.0574
1456889919299,969.0574
1456889919329,969.0574
1456889919358,969.0574
1456889919419,969.0674
1456889919449,969.0674
1456889919479,969.0674
1456889919508,969.0674
1456889919538,969.0674
1456889919568,969.0674
1456889919598,969.0751
1456889919628,969.0774
1456889919687,969.0774
1456889919717,969.0774
1456889919746,969.0774
1456889919776,969.0774
1456889919807,969.0826
1456889919837,969.0874
1456889919866,969.0874
1456889919899,969.0874
1456889919956,969.09735
1456889919986,969.09735
1456889920016,969.09735
1456889920045,969.1013
1456889920075,969.10736
1456889920105,969.10736
1456889920135,969.10736
1456889920164,969.10736
1456889920224,969.10736
1456889920254,969.10736
1456889920284,969.10736
1456889920314,969.1113
1456889920344,969.1174
1456889920373,969.1174
1456889920403,969.1174
1456889920433,969.1174
1456889920493,969.1174
1456889920523,969.1189
1456889920552,969.1273
1456889920581,969.1273
1456889920612,969.1273
1456889920642,969.1339
1456889920671,969.1373
1456889920701,969.1373
1456889920761,969.1373
1456889920791,969.1389
1456889920821,969.14734
1456889920851,969.14734
1456889920881,969.14734
1456889920910,969.14734
1456889920943,969.14734
1456889920969,969.15643
1456889921029,969.15735
1456889921060,969.15735
1456889921089,969.15735
1456889921119,969.16144
1456889921149,969.16736
1456889921183,969.16736
1456889921209,969.16736
1456889921239,969.17645
1456889921298,969.1773
1456889921327,969.1773
1456889921357,969.1773
1456889921388,969.1773
1456889921417,969.1773
1456889921447,969.18396
1456889921477,969.1873
1456889921507,969.1873
1456889921567,969.1873
1456889921597,969.1873
1456889921627,969.1873
1456889921656,969.1873
1456889921686,969.19275
1456889921715,969.1973
1456889921745,969.1973
1456889921776,969.1973
1456889921835,969.1973
1456889921865,969.1973
1456889921895,969.1973
1456889921925,969.1973
1456889921954,969.1973
1456889921984,969.1973
1456889922014,969.20526
1456889922044,969.2073
1456889922103,969.2073
1456889922132,969.2073
1456889922163,969.21027
1456889922193,969.2173
1456889922223,969.2173
1456889922253,969.2173
1456889922283,969.2173
1456889922312,969.2173
1456889922372,969.2273
1456889922402,969.2273
1456889922432,969.2273
1456889922462,969.2273
1456889922491,969.2328
1456889922520,969.2373
1456889922550,969.2373
1456889922581,969.2373
1456889922640,969.2473
1456889922672,969.2473
1456889922702,969.2473
1456889922731,969.2473
1456889922761,969.2473
1456889922791,969.2473
1456889922822,969.2553
1456889922851,969.25726
1456889922908,969.2673
1456889922938,969.2673
1456889922969,969.2673
1456889923001,969.2673
1456889923028,969.2673
1456889923058,969.2741
1456889923088,969.2773
1456889923117,969.2773
1456889923177,969.2773
1456889923207,969.2773
1456889923239,969.2773
1456889923268,969.2816
1456889923296,969.28723
1456889923326,969.28723
1456889923359,969.28723
1456889923389,969.29663
1456889923446,969.29724
1456889923476,969.29724
1456889923505,969.29724
1456889923535,969.29724
1456889923567,969.29724
1456889923597,969.3042
1456889923627,969.30725
1456889923656,969.30725
1456889923715,969.30725
1456889923745,969.30725
1456889923774,969.30725
1456889923804,969.3117
1456889923833,969.31726
1456889923863,969.31726
1456889923893,969.31726
1456889923923,969.31726
1456889923983,969.31726
1456889924014,969.31726
1456889924044,969.31726
1456889924072,969.31726
1456889924104,969.31726
1456889924132,969.3242
1456889924162,969.3273
1456889924192,969.33673
1456889924252,969.3372
1456889924283,969.3372
1456889924312,969.3372
1456889924341,969.3372
1456889924371,969.3372
1456889924401,969.3372
1456889924430,969.3372
1456889924459,969.3468
1456889924521,969.3472
1456889924549,969.3472
1456889924582,969.3472
1456889924610,969.3472
1456889924641,969.3472
1456889924671,969.3472
1456889924699,969.3472
1456889924729,969.3472
1456889924789,969.3472
1456889924820,969.3472
1456889924847,969.3472
1456889924879,969.3472
1456889924908,969.3531
1456889924938,969.35724
1456889924969,969.35724
1456889924998,969.35724
1456889925060,969.35724
1456889925087,969.35724
1456889925117,969.35724
1456889925147,969.35724
1456889925178,969.35724
1456889925207,969.35724
1456889925235,969.35724
1456889925265,969.35724
1456889925327,969.35724
1456889925355,969.35724
1456889925385,969.35724
1456889925415,969.35724
1456889925445,969.35724
1456889925475,969.35724
1456889925506,969.35724
1456889925535,969.35724
1456889925594,969.35724
1456889925623,969.35724
1456889925652,969.35724
1456889925683,969.35724
1456889925713,969.35724
1456889925743,969.35724
1456889925772,969.35724
1456889925803,969.35724
1456889925862,969.35724
1456889925892,969.35724
1456889925923,969.35724
1456889925953,969.35724
1456889925982,969.35724
1456889926010,969.35724
1456889926040,969.35724
1456889926075,969.35724
1456889926131,969.35724
1456889926161,969.35724
1456889926190,969.35724
1456889926220,969.35724
1456889926251,969.35724
1456889926281,969.35724
1456889926315,969.35724
1456889926339,969.35724
1456889926398,969.35724
1456889926427,969.35724
1456889926458,969.35724
1456889926488,969.35236
1456889926519,969.3472
1456889926548,969.3472
1456889926579,969.3472
1456889926608,969.3472
1456889926673,969.3472
1456889926696,969.3472
1456889926729,969.3472
1456889926757,969.3472
1456889926786,969.3472
1456889926816,969.3472
1456889926848,969.3472
1456889926876,969.3472
1456889926936,969.3472
1456889926967,969.3472
1456889926997,969.3472
1456889927026,969.3472
1456889927054,969.3472
1456889927084,969.3472
1456889927114,969.3472
1456889927144,969.3472
1456889927203,969.34845
1456889927234,969.35724
1456889927264,969.3535
1456889927297,969.3472
1456889927324,969.3472
1456889927355,969.3472
1456889927384,969.3472
1456889927444,969.3472
1456889927473,969.3472
1456889927504,969.3472
1456889927533,969.3472
1456889927589,969.3472
1456889927604,969.3472
1456889927624,969.3472
1456889927652,969.356
1456889927711,969.35724
1456889927741,969.35724
1456889927771,969.35724
1456889927801,969.35724
1456889927830,969.35724
1456889927860,969.3509
1456889927890,969.3472
1456889927920,969.3472
1456889927979,969.3472
1456889928009,969.3472
1456889928039,969.3472
1456889928069,969.3472
1456889928099,969.3472
1456889928129,969.3472
1456889928159,969.3472
1456889928189,969.3472
1456889928250,969.3472
1456889928277,969.3472
1456889928307,969.3446
1456889928336,969.3372
1456889928367,969.34235
1456889928397,969.3472
1456889928427,969.3472
1456889928456,969.3472
1456889928516,969.3472
1456889928546,969.3472
1456889928579,969.3472
1456889928606,969.3472
1456889928636,969.3472
1456889928666,969.3472
1456889928696,969.3472
1456889928726,969.3472
1456889928785,969.3372
1456889928814,969.3372
1456889928844,969.3372
1456889928874,969.3372
1456889928904,969.3372
1456889928934,969.3372
1456889928964,969.3372
1456889928993,969.3372
1456889929053,969.3372
1456889929083,969.3372
1456889929113,969.3372
1456889929142,969.3372
1456889929172,969.3372
1456889929203,969.3372
1456889929233,969.3449
1456889929262,969.3472
1456889929324,969.3472
1456889929354,969.3472
1456889929382,969.3472
1456889929412,969.34326
1456889929442,969.3372
1456889929472,969.3372
1456889929502,969.3372
1456889929530,969.3372
1456889929592,969.3372
1456889929621,969.3372
1456889929651,969.3372
1456889929720,969.33325
1456889929721,969.3273
1456889929740,969.3337
1456889929770,969.3372
1456889929800,969.3372
1456889929859,969.3372
1456889929889,969.3372
1456889929918,969.3372
1456889929948,969.33325
1456889929979,969.3273
1456889930010,969.3337
1456889930038,969.3372
1456889930070,969.3372
1456889930127,969.3372
1456889930158,969.3372
1456889930187,969.3372
1456889930217,969.3372
1456889930247,969.3372
1456889930277,969.3372
1456889930306,969.3372
1456889930335,969.3372
1456889930396,969.3372
1456889930425,969.3372
1456889930456,969.3372
1456889930501,969.3372
1456889930522,969.3372
1456889930546,969.3372
1456889930575,969.3372
1456889930604,969.3372
1456889930664,969.3372
1456889930694,969.3372
1456889930723,969.3372
