1457022503721,996.8421
1457022503752,996.8421
1457022503782,996.8421
1457022503811,996.8421
1457022503841,996.8421
1457022503871,996.8421
1457022503901,996.8421
1457022503961,996.8421
1457022503991,996.8421
1457022504020,996.8421
1457022504051,996.8421
1457022504081,996.8421
1457022504110,996.8421
1457022504140,996.8421
1457022504170,996.8421
1457022504230,996.8521
1457022504261,996.85034
1457022504290,996.8421
1457022504320,996.8421
1457022504350,996.8475
1457022504380,996.8521
1457022504410,996.8521
1457022504440,996.8521
1457022504501,996.8521
1457022504531,996.8521
1457022504561,996.8521
1457022504591,996.8521
1457022504621,996.8521
1457022504651,996.8584
1457022504681,996.8621
1457022504710,996.8621
1457022504740,996.8621
1457022504800,996.8621
1457022504830,996.8621
1457022504861,996.8621
1457022504890,996.8621
1457022504920,996.8621
1457022504950,996.8621
1457022504980,996.8621
1457022505009,996.8621
1457022505069,996.8621
1457022505099,996.8621
1457022505129,996.8621
1457022505159,996.8621
1457022505189,996.8621
1457022505219,996.8621
1457022505255,996.8621
1457022505281,996.8621
1457022505341,996.8621
1457022505368,996.8621
1457022505398,996.8621
1457022505428,996.8621
1457022505458,996.8621
1457022505491,996.8621
1457022505518,996.85425
1457022505548,996.8521
1457022505608,996.8521
1457022505638,996.8521
1457022505667,996.8521
1457022505697,996.8521
1457022505729,996.8521
1457022505759,996.8521
1457022505790,996.8521
1457022505817,996.8521
1457022505847,996.8521
1457022505907,996.8521
1457022505937,996.8521
1457022505968,996.8521
1457022505997,996.8521
1457022506027,996.8521
1457022506057,996.8521
1457022506087,996.8521
1457022506116,996.8521
1457022506176,996.8521
1457022506206,996.8521
1457022506237,996.8521
1457022506266,996.8521
1457022506296,996.8463
1457022506332,996.8421
1457022506358,996.8421
1457022506388,996.8421
1457022506453,996.8421
1457022506478,996.8421
1457022506505,996.8421
1457022506535,996.8421
1457022506566,996.8421
1457022506596,996.8421
1457022506627,996.8421
1457022506657,996.8421
1457022506719,996.8421
1457022506747,996.8421
1457022506776,996.8421
1457022506812,996.8381
1457022506836,996.83215
1457022506866,996.83215
1457022506897,996.83215
1457022506927,996.83215
1457022507002,996.83215
1457022507029,996.83215
1457022507043,996.83215
1457022507073,996.83215
1457022507104,996.83215
1457022507134,996.83215
1457022507164,996.83215
1457022507195,996.83215
1457022507223,996.83215
1457022507309,996.83215
1457022507314,996.83215
1457022507415,996.8287
1457022507416,996.82214
1457022507416,996.82214
1457022507432,996.82214
1457022507463,996.82214
1457022507492,996.82214
1457022507553,996.82214
1457022507583,996.82214
1457022507620,996.82214
1457022507649,996.82214
1457022507674,996.82214
1457022507703,996.82214
1457022507734,996.82214
1457022507763,996.82214
1457022507825,996.83215
1457022507856,996.83215
1457022507883,996.83215
1457022507912,996.83215
1457022507942,996.83215
1457022507973,996.83215
1457022508002,996.83215
1457022508033,996.83215
1457022508097,996.83215
1457022508122,996.83215
1457022508152,996.83215
1457022508181,996.83594
1457022508211,996.8421
1457022508241,996.8421
1457022508272,996.8421
1457022508301,996.8421
1457022508331,996.8421
1457022508390,996.8421
1457022508421,996.8421
1457022508451,996.8421
1457022508481,996.8421
1457022508512,996.8421
1457022508541,996.8421
1457022508571,996.8421
1457022508602,996.8421
1457022508662,996.8421
1457022508697,996.8421
1457022508723,996.8454
1457022508756,996.8521
1457022508782,996.8464
1457022508812,996.8421
1457022508847,996.8503
1457022508876,996.8521
1457022508932,996.8521
1457022508962,996.8503
1457022509014,996.8421
1457022509027,996.8463
1457022509049,996.8521
1457022509079,996.8521
1457022509109,996.8521
1457022509140,996.8521
1457022509199,996.8521
1457022509229,996.8521
1457022509267,996.8521
1457022509341,996.8521
1457022509341,996.8521
1457022509356,996.8521
1457022509379,996.8521
1457022509408,996.8521
1457022509471,996.8521
1457022509498,996.8521
1457022509528,996.8521
1457022509559,996.85583
1457022509591,996.8621
1457022509618,996.85596
1457022509647,996.8521
1457022509677,996.86066
1457022509707,996.8621
1457022509768,996.8621
1457022509799,996.8621
1457022509828,996.8621
1457022509859,996.8621
1457022509900,996.8679
1457022509917,996.8721
1457022509948,996.86383
1457022509978,996.8621
1457022510038,996.8621
1457022510067,996.864
1457022510097,996.8721
1457022510128,996.8721
1457022510157,996.8721
1457022510187,996.8721
1457022510217,996.8721
1457022510247,996.8721
1457022510307,996.8721
1457022510337,996.8738
1457022510367,996.8821
1457022510396,996.8821
1457022510433,996.8821
1457022510463,996.8886
1457022510488,996.8921
1457022510519,996.8921
1457022510575,996.8921
1457022510606,996.8921
1457022510636,996.8921
1457022510666,996.8921
1457022510696,996.8921
1457022510725,996.8921
1457022510758,996.8921
1457022510791,996.90076
1457022510817,996.9021
1457022510878,996.9021
1457022510970,996.9021
1457022510970,996.9021
1457022510971,996.9021
1457022510996,996.9081
1457022511025,996.9121
1457022511054,996.9121
1457022511084,996.9121
1457022511144,996.92206
1457022511178,996.92206
1457022511205,996.92206
1457022511241,996.92206
1457022511275,996.92773
1457022511317,996.93207
1457022511324,996.93207
1457022511354,996.93207
1457022511414,996.93207
1457022511444,996.93207
1457022511473,996.93207
1457022511503,996.93207
1457022511534,996.93207
1457022511565,996.93207
1457022511601,996.93207
1457022511624,996.93207
1457022511689,996.93207
1457022511720,996.93353
1457022511750,996.9421
1457022511775,996.9421
1457022511810,996.9421
1457022511832,996.9484
1457022511862,996.952
1457022511892,996.952
1457022511952,996.952
1457022511983,996.95325
1457022512016,996.96204
1457022512042,996.96204
1457022512072,996.96204
1457022512102,996.96204
1457022512132,996.96204
1457022512162,996.9706
1457022512192,996.97205
1457022512252,996.97205
1457022512282,996.97424
1457022512311,996.98206
1457022512342,996.98206
1457022512372,996.98785
1457022512401,996.99207
1457022512431,996.99207
1457022512461,996.99207
1457022512521,996.99207
1457022512551,996.99207
1457022512581,996.99207
1457022512611,996.99634
1457022512642,997.002
1457022512671,997.002
1457022512701,997.002
1457022512731,997.002
1457022512790,997.012
1457022512821,997.012
1457022512851,997.012
1457022512880,997.012
1457022512911,997.012
1457022512940,997.0185
1457022512970,997.02203
1457022513000,997.02203
1457022513060,997.02203
1457022513090,997.0234
1457022513120,997.032
1457022513149,997.032
1457022513180,997.032
1457022513211,997.0382
1457022513240,997.042
1457022513274,997.042
1457022513299,997.042
1457022513359,997.052
1457022513389,997.052
1457022513419,997.052
1457022513449,997.052
1457022513479,997.058
1457022513511,997.062
1457022513539,997.062
1457022513569,997.062
1457022513628,997.062
1457022513658,997.064
1457022513688,997.072
1457022513718,997.0765
1457022513749,997.082
1457022513778,997.082
1457022513808,997.082
1457022513838,997.082
1457022513898,997.082
1457022513928,997.08374
1457022513960,997.092
1457022513988,997.092
1457022514017,997.092
1457022514047,997.09863
1457022514077,997.102
1457022514107,997.102
1457022514167,997.102
1457022514197,997.102
1457022514227,997.102
1457022514257,997.102
1457022514287,997.102
1457022514317,997.10834
1457022514347,997.11194
1457022514377,997.11194
1457022514437,997.11194
1457022514467,997.11194
1457022514497,997.11194
1457022514527,997.11194
1457022514557,997.11194
1457022514586,997.11194
1457022514616,997.11194
1457022514646,997.11194
1457022514676,997.11194
1457022514736,997.12195
1457022514766,997.12415
1457022514796,997.13196
1457022514863,997.1273
1457022514864,997.12195
1457022514886,997.12195
1457022514916,997.13025
1457022514945,997.13196
1457022515010,997.13196
1457022515035,997.1339
1457022515066,997.14197
1457022515097,997.14197
1457022515131,997.14197
1457022515163,997.1488
1457022515187,997.152
1457022515220,997.152
1457022515277,997.152
1457022515311,997.152
1457022515341,997.152
1457022515372,997.15607
1457022515396,997.1619
1457022515430,997.1619
1457022515457,997.1619
1457022515487,997.1619
1457022515543,997.1622
1457022515574,997.17194
1457022515603,997.17194
1457022515633,997.17194
1457022515663,997.17194
1457022515693,997.1783
1457022515723,997.18195
1457022515754,997.18195
1457022515785,997.18195
1457022515846,997.1919
1457022515876,997.1919
1457022515906,997.1919
1457022515939,997.1919
1457022515973,997.1919
1457022515995,997.1919
1457022516040,997.1919
1457022516075,997.1919
1457022516112,997.1919
1457022516148,997.1941
1457022516177,997.2019
1457022516207,997.2019
1457022516237,997.2019
1457022516267,997.209
1457022516297,997.2119
1457022516327,997.2119
1457022516393,997.2119
1457022516414,997.2119
1457022516449,997.2119
1457022516478,997.2119
1457022516503,997.2119
1457022516539,997.2119
1457022516564,997.2119
1457022516593,997.2211
1457022516652,997.2219
1457022516684,997.2219
1457022516717,997.2219
1457022516743,997.226
1457022516773,997.23193
1457022516827,997.23193
1457022516840,997.23193
1457022516860,997.23193
1457022516920,997.2321
1457022516951,997.2419
1457022516980,997.2419
1457022517010,997.2419
1457022517041,997.2419
1457022517070,997.24817
1457022517101,997.2519
1457022517132,997.2519
1457022517161,997.2519
1457022517222,997.2519
1457022517252,997.2543
1457022517281,997.2619
1457022517312,997.2619
1457022517342,997.2619
1457022517372,997.26917
1457022517402,997.27185
1457022517431,997.27185
1457022517491,997.27185
1457022517527,997.27405
1457022517561,997.28186
1457022517578,997.28186
1457022517608,997.28186
1457022517639,997.28894
1457022517668,997.2919
1457022517699,997.2919
1457022517758,997.2919
1457022517788,997.2919
1457022517818,997.2919
1457022517848,997.29626
1457022517878,997.3019
1457022517908,997.3019
1457022517943,997.3019
1457022517973,997.3111
1457022518027,997.3114
1457022518058,997.3019
1457022518088,997.30475
1457022518123,997.3119
1457022518149,997.3119
1457022518188,997.3119
1457022518213,997.3119
1457022518239,997.32086
1457022518300,997.32184
1457022518327,997.32184
1457022518356,997.32184
1457022518387,997.32184
1457022518416,997.32184
1457022518446,997.32184
1457022518476,997.32184
1457022518507,997.32184
1457022518539,997.32184
1457022518595,997.33185
1457022518629,997.33185
1457022518658,997.33185
1457022518688,997.33185
1457022518718,997.33185
1457022518748,997.33185
1457022518782,997.33185
1457022518814,997.34155
1457022518872,997.34186
1457022518901,997.34186
1457022518928,997.34186
1457022518963,997.34644
1457022518991,997.3518
1457022519020,997.3518
1457022519051,997.3518
1457022519074,997.3518
1457022519135,997.35254
1457022519165,997.3618
1457022519197,997.3618
1457022519227,997.3575
1457022519259,997.3518
1457022519289,997.35864
1457022519319,997.3618
1457022519349,997.3618
1457022519405,997.3618
1457022519435,997.3618
1457022519466,997.36475
1457022519495,997.3718
1457022519525,997.3718
1457022519566,997.3718
1457022519584,997.3718
1457022519616,997.3718
1457022519676,997.3718
1457022519720,997.3718
1457022519736,997.3745
1457022519769,997.38184
1457022519799,997.3767
1457022519826,997.3718
1457022519857,997.3718
1457022519888,997.3718
1457022519914,997.3718
1457022519978,997.3718
1457022520044,997.3718
1457022520044,997.3718
1457022520062,997.3718
1457022520091,997.3718
1457022520121,997.37915
1457022520154,997.38184
1457022520184,997.3721
1457022520242,997.3728
1457022520273,997.38184
1457022520306,997.38184
1457022520332,997.38184
1457022520368,997.38184
1457022520398,997.38184
1457022520423,997.38184
1457022520457,997.38184
1457022520518,997.3811
1457022520542,997.3718
1457022520588,997.3718
1457022520612,997.3718
1457022520630,997.3718
1457022520660,997.3718
1457022520691,997.3718
1457022520720,997.3718
1457022520780,997.3718
1457022520810,997.3718
1457022520840,997.3718
1457022520870,997.3718
1457022520900,997.3772
1457022520932,997.38184
1457022520962,997.38184
1457022520992,997.38184
1457022521052,997.38184
1457022521086,997.38184
1457022521109,997.38184
1457022521138,997.38184
1457022521171,997.38184
1457022521203,997.38184
1457022521234,997.38184
1457022521261,997.38184
1457022521331,997.38184
1457022521354,997.38184
1457022521379,997.3843
1457022521409,997.39185
1457022521441,997.39185
1457022521470,997.39185
1457022521506,997.38446
1457022521534,997.38184
1457022521559,997.3916
1457022521619,997.39185
1457022521649,997.39185
1457022521686,997.39526
1457022521714,997.4018
1457022521744,997.4018
1457022521774,997.4018
1457022521798,997.4018
1457022521833,997.4018
1457022521890,997.4018
1457022521919,997.4018
1457022521954,997.4018
1457022521984,997.4018
1457022522013,997.4075
1457022522039,997.4118
1457022522083,997.4118
1457022522117,997.4118
1457022522158,997.4118
1457022522187,997.4118
1457022522219,997.4118
1457022522253,997.4118
1457022522278,997.4118
1457022522313,997.4118
1457022522342,997.4118
1457022522373,997.4118
1457022522432,997.4118
1457022522456,997.4118
1457022522487,997.4118
1457022522521,997.4118
1457022522547,997.4118
1457022522593,997.4118
1457022522621,997.41943
1457022522638,997.4218
1457022522695,997.4218
1457022522725,997.4218
1457022522755,997.4218
1457022522784,997.42554
1457022522815,997.43176
1457022522847,997.43176
1457022522876,997.43176
1457022522907,997.43176
1457022522936,997.43176
1457022523000,997.4307
1457022523030,997.4218
1457022523107,997.4218
1457022523107,997.4218
1457022523113,997.4218
1457022523143,997.4218
1457022523173,997.4218
1457022523203,997.4218
1457022523263,997.4218
1457022523293,997.4218
1457022523325,997.4218
1457022523353,997.4218
1457022523384,997.4161
1457022523420,997.4118
1457022523443,997.4118
1457022523473,997.4118
1457022523534,997.4218
1457022523565,997.4218
1457022523594,997.4187
1457022523665,997.4118
1457022523667,997.4118
1457022523681,997.4118
1457022523711,997.4118
1457022523742,997.4118
1457022523802,997.4118
1457022523832,997.41016
1457022523861,997.4018
1457022523892,997.4018
1457022523922,997.4071
1457022523952,997.4118
1457022523983,997.40405
1457022524013,997.4018
1457022524073,997.4118
1457022524103,997.4104
1457022524167,997.4018
1457022524167,997.4018
1457022524190,997.4018
1457022524220,997.4018
1457022524256,997.4018
1457022524285,997.4018
1457022524313,997.4018
1457022524377,997.4018
1457022524401,997.4018
1457022524431,997.3982
1457022524462,997.39185
1457022524492,997.39185
1457022524521,997.39185
1457022524551,997.39185
1457022524582,997.39185
1457022524652,997.39185
1457022524672,997.39185
1457022524698,997.39514
1457022524729,997.4018
1457022524759,997.4018
1457022524789,997.4018
1457022524819,997.4018
1457022524849,997.4018
1457022524909,997.39185
1457022524938,997.39185
1457022524969,997.39185
1457022524998,997.39185
1457022525029,997.39185
1457022525058,997.39185
1457022525088,997.39185
1457022525118,997.39185
1457022525179,997.39185
1457022525209,997.39185
1457022525243,997.39185
1457022525270,997.39185
1457022525300,997.39185
1457022525334,997.39185
1457022525360,997.39185
1457022525394,997.39185
1457022525449,997.39185
1457022525484,997.3904
1457022525513,997.38184
1457022525542,997.38184
1457022525578,997.38184
1457022525598,997.38184
1457022525628,997.38184
1457022525678,997.38184
1457022525691,997.38184
1457022525748,997.38184
1457022525781,997.38184
1457022525811,997.38184
1457022525837,997.38184
1457022525866,997.38184
1457022525903,997.38184
1457022525926,997.38184
1457022525957,997.38184
1457022526018,997.38184
1457022526049,997.38184
1457022526078,997.38184
1457022526142,997.38184
1457022526143,997.38763
1457022526166,997.39185
1457022526195,997.39185
1457022526225,997.39185
1457022526284,997.39185
1457022526314,997.39185
1457022526348,997.39185
1457022526377,997.39185
1457022526406,997.39185
1457022526436,997.39185
1457022526467,997.39185
1457022526495,997.39185
1457022526556,997.4018
1457022526585,997.4018
1457022526616,997.4018
1457022526646,997.4018
1457022526691,997.4018
1457022526709,997.4018
1457022526733,997.4018
1457022526763,997.4018
1457022526828,997.4018
1457022526854,997.4018
1457022526883,997.4018
1457022526913,997.4057
1457022526943,997.4118
1457022526973,997.40546
1457022527003,997.4018
1457022527033,997.4018
1457022527093,997.4018
1457022527123,997.4018
1457022527152,997.4018
1457022527190,997.4018
1457022527215,997.4018
1457022527242,997.3957
1457022527271,997.39185
1457022527307,997.39185
1457022527336,997.39185
1457022527397,997.39185
1457022527424,997.39185
1457022527457,997.39185
1457022527483,997.39185
1457022527513,997.39185
1457022527548,997.39185
1457022527572,997.39185
1457022527603,997.39185
1457022527663,997.38184
1457022527693,997.38184
1457022527720,997.38184
1457022527750,997.38184
1457022527785,997.38184
1457022527810,997.38184
1457022527841,997.38184
1457022527871,997.38184
1457022527933,997.38184
1457022527962,997.38184
1457022527991,997.38184
1457022528022,997.38184
1457022528056,997.38184
1457022528082,997.38184
1457022528112,997.38184
1457022528142,997.38184
1457022528217,997.3816
1457022528229,997.3718
1457022528259,997.3718
1457022528297,997.3718
1457022528322,997.3718
1457022528352,997.3718
1457022528381,997.3718
1457022528410,997.3718
1457022528470,997.3718
1457022528502,997.3718
1457022528536,997.3718
1457022528564,997.3718
1457022528592,997.3718
1457022528625,997.3657
1457022528650,997.3618
1457022528698,997.3618
1457022528708,997.3618
1457022528768,997.3618
1457022528799,997.364
1457022528827,997.3718
1457022528859,997.3718
1457022528890,997.3718
1457022528918,997.3718
1457022528949,997.3718
1457022528979,997.3718
1457022529040,997.38184
1457022529069,997.3798
1457022529103,997.3718
1457022529137,997.3718
1457022529168,997.3718
1457022529186,997.3718
1457022529216,997.3718
1457022529246,997.3718
1457022529307,997.3718
1457022529336,997.3718
1457022529368,997.3718
1457022529402,997.3718
1457022529428,997.3718
1457022529459,997.3718
1457022529489,997.3718
1457022529518,997.3628
1457022529581,997.3618
1457022529611,997.3618
1457022529644,997.3618
1457022529673,997.3618
1457022529722,997.3618
1457022529738,997.36816
1457022529755,997.3718
1457022529785,997.3718
1457022529846,997.3718
1457022529878,997.3718
1457022529906,997.3718
1457022529935,997.3718
1457022529968,997.3718
1457022529996,997.3718
1457022530030,997.3718
1457022530060,997.3718
1457022530087,997.3718
1457022530146,997.38184
1457022530181,997.38184
1457022530219,997.38184
1457022530233,997.37714
1457022530264,997.3718
1457022530293,997.3718
1457022530326,997.3718
1457022530355,997.3814
1457022530413,997.38184
1457022530444,997.37976
1457022530476,997.3718
1457022530506,997.3718
1457022530534,997.3718
1457022530563,997.3718
1457022530594,997.3718
1457022530628,997.3718
1457022530688,997.3718
1457022530724,997.3718
1457022530742,997.3718
1457022530772,997.3718
1457022530802,997.3718
1457022530832,997.3651
1457022530862,997.3618
1457022530892,997.3618
1457022530955,997.3618
1457022530983,997.3618
1457022531015,997.3618
1457022531048,997.3618
1457022531076,997.3618
1457022531104,997.3618
1457022531134,997.3618
1457022531164,997.3618
1457022531223,997.3618
1457022531253,997.3618
1457022531282,997.3618
1457022531317,997.3618
1457022531348,997.3618
1457022531379,997.3618
1457022531403,997.3618
1457022531433,997.3618
1457022531463,997.3618
1457022531527,997.3618
1457022531552,997.3618
1457022531583,997.3618
1457022531612,997.3618
1457022531646,997.3618
1457022531672,997.3618
1457022531721,997.3618
1457022531743,997.3618
1457022531789,997.3618
1457022531820,997.3618
1457022531850,997.3618
1457022531880,997.3618
1457022531910,997.3618
1457022531939,997.36884
1457022531974,997.3718
1457022532000,997.3718
1457022532065,997.37115
1457022532100,997.3618
1457022532121,997.3618
1457022532153,997.3618
1457022532201,997.3618
1457022532208,997.3618
1457022532238,997.3618
1457022532268,997.37103
1457022532328,997.3718
1457022532358,997.3718
1457022532387,997.3718
1457022532421,997.3718
1457022532448,997.3718
1457022532480,997.3718
1457022532510,997.3641
1457022532538,997.3618
1457022532599,997.3618
1457022532629,997.3618
1457022532670,997.3645
1457022532693,997.3718
1457022532733,997.3667
1457022532757,997.3618
1457022532778,997.3694
1457022532808,997.3718
1457022532844,997.3619
1457022532903,997.3618
1457022532929,997.3618
1457022532959,997.3618
1457022532989,997.3618
1457022533018,997.3618
1457022533049,997.3618
1457022533093,997.3618
1457022533108,997.35205
1457022533168,997.3518
1457022533197,997.3518
1457022533248,997.3518
1457022533261,997.3518
1457022533307,997.3518
1457022533315,997.3518
1457022533346,997.3518
1457022533376,997.3518
1457022533435,997.3511
1457022533466,997.34186
1457022533498,997.34186
1457022533526,997.34186
1457022533556,997.34186
1457022533593,997.34186
1457022533617,997.34186
1457022533650,997.34186
1457022533707,997.34186
1457022533746,997.34186
1457022533764,997.34186
1457022533793,997.34186
1457022533824,997.34186
1457022533853,997.34186
1457022533883,997.34186
1457022533913,997.34186
1457022533976,997.34186
1457022534004,997.34186
1457022534034,997.34186
1457022534066,997.34186
1457022534096,997.34186
1457022534128,997.34186
1457022534156,997.3343
1457022534186,997.33185
1457022534250,997.34186
1457022534274,997.34186
1457022534305,997.34186
1457022534340,997.34186
1457022534365,997.34186
1457022534400,997.34186
1457022534425,997.34186
1457022534455,997.34186
1457022534489,997.34186
1457022534544,997.34186
1457022534585,997.34186
1457022534604,997.34186
1457022534693,997.34186
1457022534695,997.34186
1457022534698,997.34186
1457022534723,997.34186
1457022534751,997.34186
1457022534811,997.34186
1457022534841,997.34186
1457022534871,997.34186
1457022534901,997.34186
1457022534933,997.34186
1457022534961,997.34186
1457022534992,997.34186
1457022535021,997.34186
1457022535081,997.34186
1457022535111,997.34186
1457022535142,997.34186
1457022535173,997.34186
1457022535213,997.34186
1457022535246,997.34186
1457022535262,997.34186
1457022535289,997.34186
1457022535352,997.34186
1457022535382,997.3434
1457022535412,997.3518
1457022535439,997.3518
1457022535471,997.3518
1457022535500,997.3518
1457022535530,997.3442
1457022535566,997.34186
1457022535625,997.34186
1457022535651,997.34186
1457022535681,997.34186
1457022535710,997.34186
1457022535740,997.34186
1457022535775,997.34186
1457022535798,997.34186
1457022535828,997.34186
1457022535859,997.34186
1457022535918,997.34186
1457022535951,997.34186
1457022535982,997.34534
1457022536009,997.3518
1457022536039,997.3458
1457022536069,997.34186
1457022536099,997.3503
1457022536130,997.3518
1457022536189,997.3527
1457022536219,997.3618
1457022536249,997.3618
1457022536284,997.3618
1457022536308,997.3618
1457022536336,997.3618
1457022536367,997.3618
1457022536396,997.3618
1457022536459,997.3618
1457022536486,997.3618
1457022536521,997.3618
1457022536548,997.3618
1457022536578,997.3674
1457022536612,997.3718
1457022536638,997.3718
1457022536668,997.3718
1457022536728,997.3718
1457022536773,997.3718
1457022536800,997.3718
1457022536815,997.3718
1457022536845,997.3718
1457022536875,997.3718
1457022536905,997.3718
1457022536935,997.3718
1457022536997,997.3718
1457022537026,997.3718
1457022537058,997.3718
1457022537087,997.3718
1457022537118,997.3718
1457022537145,997.3718
1457022537177,997.3718
1457022537212,997.3718
1457022537266,997.3718
1457022537311,997.37305
1457022537325,997.38184
1457022537353,997.38184
1457022537387,997.38184
1457022537419,997.38184
1457022537446,997.38184
1457022537473,997.38184
1457022537503,997.38184
1457022537563,997.38184
1457022537593,997.38184
1457022537626,997.38184
1457022537654,997.38184
1457022537685,997.38184
1457022537719,997.38184
1457022537744,997.38184
1457022537790,997.38184
1457022537833,997.38184
1457022537865,997.38184
1457022537899,997.38184
1457022537924,997.38184
1457022537954,997.38184
1457022537984,997.38184
1457022538015,997.38184
1457022538044,997.38184
1457022538104,997.38184
1457022538137,997.38184
1457022538168,997.38184
1457022538193,997.38184
1457022538227,997.38184
1457022538274,997.38184
1457022538283,997.38184
1457022538310,997.38184
1457022538375,997.3718
1457022538400,997.3734
1457022538431,997.38184
1457022538460,997.38184
1457022538491,997.38184
1457022538520,997.38184
1457022538550,997.38184
1457022538583,997.38184
1457022538642,997.38184
1457022538672,997.38184
1457022538706,997.38184
1457022538731,997.378
1457022538762,997.3718
1457022538801,997.3718
1457022538825,997.3718
1457022538851,997.38055
1457022538880,997.38184
1457022538941,997.38184
1457022538972,997.38184
1457022539005,997.38184
1457022539031,997.38184
1457022539061,997.38184
1457022539090,997.38184
1457022539125,997.38184
1457022539155,997.38184
1457022539214,997.38184
1457022539240,997.38403
1457022539270,997.39185
1457022539320,997.39185
1457022539344,997.39185
1457022539357,997.39185
1457022539387,997.39185
1457022539418,997.39185
1457022539477,997.38184
1457022539508,997.38184
1457022539538,997.38184
1457022539567,997.38184
1457022539597,997.38184
1457022539629,997.38184
1457022539659,997.38184
1457022539699,997.38184
1457022539749,997.38184
1457022539784,997.38184
1457022539828,997.38184
1457022539836,997.38184
1457022539866,997.38184
1457022539898,997.3752
1457022539927,997.3718
1457022539963,997.3718
1457022540023,997.3718
1457022540046,997.3718
1457022540076,997.3718
1457022540112,997.3718
1457022540147,997.3718
1457022540171,997.3718
1457022540199,997.3718
1457022540228,997.3718
1457022540288,997.37177
1457022540322,997.3618
1457022540345,997.3618
1457022540374,997.3618
1457022540406,997.3618
1457022540435,997.3618
1457022540464,997.3618
1457022540495,997.3532
1457022540527,997.3518
1457022540587,997.3518
1457022540617,997.34955
1457022540652,997.34186
1457022540682,997.34656
1457022540706,997.3518
1457022540741,997.3446
1457022540771,997.34186
1457022540796,997.3322
1457022540853,997.33185
1457022540883,997.33185
1457022540919,997.33185
1457022540944,997.32733
1457022540973,997.32184
1457022541003,997.32184
1457022541033,997.32184
1457022541064,997.32184
1457022541124,997.3212
1457022541159,997.3119
1457022541190,997.3119
1457022541215,997.30756
1457022541253,997.3019
1457022541291,997.3019
1457022541303,997.3019
1457022541332,997.29266
1457022541396,997.2919
1457022541422,997.2919
1457022541452,997.2919
1457022541481,997.2919
1457022541511,997.28656
1457022541547,997.28186
1457022541577,997.28186
1457022541607,997.28186
1457022541669,997.2817
1457022541693,997.27185
1457022541727,997.2692
1457022541757,997.2619
1457022541782,997.2619
1457022541843,997.2619
1457022541847,997.2619
1457022541870,997.2619
1457022541900,997.2619
1457022541962,997.2519
1457022541990,997.24945
1457022542020,997.2419
1457022542050,997.2419
1457022542080,997.2419
1457022542109,997.2419
1457022542140,997.2419
1457022542170,997.2321
1457022542230,997.23193
1457022542259,997.23193
1457022542291,997.23193
1457022542330,997.22723
1457022542351,997.2219
1457022542380,997.2219
1457022542440,997.2219
1457022542440,997.2124
1457022542499,997.2119
1457022542530,997.2119
1457022542564,997.2087
1457022542590,997.2019
1457022542636,997.2019
1457022542656,997.2019
1457022542681,997.2019
1457022542710,997.1926
1457022542774,997.1919
1457022542804,997.1919
1457022542833,997.1919
1457022542857,997.1919
1457022542887,997.18646
1457022542917,997.18195
1457022542948,997.18195
1457022542977,997.18195
1457022543037,997.18195
1457022543069,997.18195
1457022543099,997.17914
1457022543128,997.17194
1457022543159,997.17194
1457022543193,997.17194
1457022543223,997.17194
1457022543249,997.17194
1457022543378,997.1619
1457022543379,997.1619
1457022543379,997.1619
1457022543396,997.1619
1457022543426,997.1569
1457022543455,997.152
1457022543485,997.14453
1457022543515,997.14197
1457022543546,997.14197
1457022543613,997.14087
1457022543637,997.13196
1457022543667,997.13196
1457022543697,997.13196
1457022543728,997.13196
1457022543762,997.12476
1457022543788,997.12195
1457022543836,997.12195
1457022543877,997.1211
1457022543906,997.11194
1457022543936,997.10864
1457022543967,997.102
1457022543997,997.102
1457022544030,997.102
1457022544062,997.102
1457022544090,997.102
1457022544146,997.1013
1457022544175,997.092
1457022544209,997.092
1457022544239,997.092
1457022544271,997.092
1457022544301,997.092
1457022544330,997.084
1457022544353,997.082
1457022544412,997.082
1457022544443,997.082
1457022544477,997.0791
1457022544502,997.072
1457022544532,997.072
1457022544562,997.072
1457022544594,997.072
1457022544624,997.072
1457022544690,997.062
1457022544715,997.062
1457022544749,997.062
1457022544774,997.062
1457022544805,997.062
1457022544849,997.062
1457022544863,997.05444
1457022544891,997.052
1457022544921,997.052
1457022544982,997.052
1457022545019,997.052
1457022545042,997.052
1457022545071,997.052
1457022545101,997.0459
1457022545131,997.042
1457022545161,997.042
1457022545191,997.042
1457022545251,997.042
1457022545281,997.042
1457022545311,997.03864
1457022545342,997.032
1457022545392,997.0262
1457022545401,997.02203
1457022545430,997.02203
1457022545460,997.02203
1457022545520,997.02203
1457022545550,997.02203
1457022545585,997.01886
1457022545613,997.012
1457022545641,997.0064
1457022545670,997.002
1457022545705,997.002
1457022545731,997.002
1457022545794,996.99207
1457022545822,996.99207
1457022545867,996.99207
1457022545890,996.99207
1457022545908,996.99207
1457022545938,996.99207
1457022545972,996.9842
1457022546002,996.98206
1457022546063,996.98206
1457022546089,996.9805
1457022546119,996.97205
1457022546148,996.97205
1457022546179,996.97205
1457022546208,996.97205
1457022546238,996.97205
1457022546268,996.97205
1457022546328,996.96204
1457022546359,996.96204
1457022546388,996.96204
1457022546418,996.96204
1457022546453,996.96204
1457022546483,996.95593
1457022546509,996.952
1457022546542,996.952
1457022546575,996.952
1457022546630,996.952
1457022546660,996.952
1457022546689,996.952
1457022546719,996.952
1457022546751,996.9461
1457022546782,996.9421
1457022546809,996.9421
1457022546839,996.9421
1457022546895,996.93207
1457022546925,996.93207
1457022546955,996.92883
1457022546986,996.92206
1457022547016,996.92206
1457022547046,996.92206
1457022547076,996.91394
1457022547111,996.9121
1457022547171,996.9121
1457022547201,996.9103
1457022547230,996.9021
1457022547261,996.9021
1457022547292,996.9021
1457022547317,996.9021
1457022547368,996.9021
1457022547375,996.9021
1457022547434,996.8921
1457022547464,996.8905
1457022547495,996.8821
1457022547524,996.8821
1457022547554,996.8821
1457022547584,996.8756
1457022547616,996.8721
1457022547647,996.8721
1457022547709,996.8721
1457022547737,996.8707
1457022547771,996.8621
1457022547798,996.8621
1457022547828,996.8621
1457022547861,996.85583
1457022547900,996.8521
1457022547913,996.8521
1457022547943,996.8521
1457022548005,996.8621
1457022548036,996.8621
1457022548067,996.85846
1457022548094,996.8521
1457022548125,996.8521
1457022548153,996.8521
1457022548186,996.8521
1457022548214,996.8521
1457022548278,996.8521
1457022548309,996.8521
1457022548339,996.8521
1457022548402,996.8521
1457022548403,996.84625
1457022548426,996.8421
1457022548451,996.8421
1457022548481,996.8421
1457022548541,996.8421
1457022548571,996.8441
1457022548601,996.8521
1457022548631,996.8521
1457022548660,996.8521
1457022548691,996.8452
1457022548722,996.8421
1457022548752,996.8421
1457022548812,996.8421
1457022548842,996.8421
1457022548873,996.8421
1457022548902,996.8421
1457022548941,996.8421
1457022548961,996.8421
1457022548991,996.8421
1457022549032,996.8421
1457022549082,996.8421
1457022549112,996.8406
1457022549144,996.83215
1457022549174,996.8361
1457022549205,996.8421
1457022549240,996.83563
1457022549265,996.83215
1457022549290,996.83215
1457022549351,996.83215
1457022549386,996.83215
1457022549411,996.83215
1457022549460,996.83215
1457022549470,996.83215
1457022549501,996.83215
1457022549533,996.83215
1457022549564,996.83215
1457022549595,996.83215
1457022549655,996.8421
1457022549681,996.8421
1457022549711,996.8421
1457022549744,996.8421
1457022549770,996.8421
1457022549800,996.8421
1457022549833,996.8421
1457022549860,996.8421
1457022549940,996.8421
1457022549969,996.83997
1457022549979,996.83215
1457022550009,996.83215
1457022550039,996.83215
1457022550073,996.83215
1457022550099,996.83215
1457022550132,996.83215
1457022550189,996.83215
1457022550219,996.83215
1457022550248,996.83215
1457022550279,996.83215
1457022550314,996.83215
1457022550341,996.83215
1457022550413,996.83215
1457022550416,996.83215
1457022550455,996.8316
1457022550485,996.82214
1457022550515,996.82214
1457022550545,996.82214
1457022550575,996.82214
1457022550605,996.82214
1457022550637,996.82214
1457022550671,996.82214
1457022550730,996.82214
1457022550760,996.82214
1457022550789,996.8194
1457022550817,996.81213
1457022550845,996.81726
1457022550880,996.82214
1457022550906,996.82214
1457022550954,996.8133
1457022550993,996.8122
1457022551023,996.82214
1457022551054,996.82214
1457022551084,996.82214
1457022551114,996.81714
1457022551144,996.81213
1457022551173,996.81213
1457022551203,996.81213
1457022551233,996.81213
1457022551293,996.81213
1457022551323,996.81445
1457022551352,996.82214
1457022551383,996.82214
1457022551413,996.82214
1457022551463,996.82214
1457022551473,996.82214
1457022551503,996.82214
1457022551565,996.82214
1457022551598,996.82214
1457022551629,996.82214
1457022551655,996.81757
1457022551684,996.81213
1457022551714,996.8191
1457022551748,996.82214
1457022551779,996.82214
1457022551833,996.8215
1457022551869,996.81213
1457022551898,996.81213
1457022551922,996.81213
1457022551963,996.81213
1457022551989,996.81213
1457022552010,996.81213
1457022552040,996.81213
1457022552101,996.81213
1457022552131,996.81213
1457022552160,996.81213
1457022552190,996.81213
1457022552221,996.81213
1457022552251,996.81213
1457022552283,996.81213
1457022552311,996.81213
1457022552381,996.81213
1457022552405,996.81213
1457022552440,996.81213
1457022552461,996.81213
1457022552489,996.81213
1457022552519,996.81213
1457022552549,996.81213
1457022552581,996.81213
1457022552639,996.81213
1457022552669,996.81213
1457022552700,996.81213
1457022552730,996.81213
1457022552760,996.81213
1457022552796,996.81213
1457022552821,996.81213
1457022552853,996.81213
1457022552879,996.81213
1457022552943,996.81213
1457022552989,996.81213
1457022552997,996.81213
1457022553027,996.81213
1457022553060,996.81213
1457022553087,996.81213
1457022553117,996.81213
1457022553147,996.81213
1457022553207,996.81213
1457022553242,996.81213
1457022553272,996.81213
1457022553298,996.81213
1457022553329,996.81213
1457022553380,996.81213
1457022553392,996.81213
1457022553449,996.81213
1457022553492,996.81213
1457022553505,996.81213
1457022553535,996.81213
1457022553566,996.81213
1457022553595,996.81213
1457022553627,996.81213
1457022553656,996.81213
1457022553688,996.81213
1457022553747,996.81213
1457022553783,996.81213
1457022553806,996.81213
1457022553838,996.81213
1457022553872,996.81213
1457022553897,996.81213
1457022553928,996.81213
1457022553957,996.81213
1457022554014,996.81213
1457022554044,996.81213
1457022554074,996.81213
1457022554104,996.81213
1457022554134,996.81213
1457022554164,996.81213
1457022554193,996.81213
1457022554226,996.81213
1457022554290,996.81213
1457022554316,996.81213
1457022554350,996.81213
1457022554376,996.81213
1457022554406,996.81213
1457022554439,996.81213
1457022554465,996.81213
1457022554503,996.81213
1457022554522,996.81213
1457022554587,996.81213
1457022554618,996.81213
1457022554647,996.81213
1457022554677,996.81213
1457022554704,996.80615
1457022554733,996.8021
1457022554764,996.8021
1457022554794,996.8021
1457022554854,996.80304
1457022554885,996.81213
1457022554918,996.8088
1457022554944,996.8021
1457022555009,996.8079
1457022555012,996.81213
1457022555031,996.81213
1457022555060,996.81213
1457022555120,996.81213
1457022555152,996.81213
1457022555183,996.81213
1457022555210,996.81213
1457022555246,996.8065
1457022555272,996.8021
1457022555302,996.8021
1457022555332,996.8021
1457022555392,996.8021
1457022555422,996.8021
1457022555451,996.8021
1457022555498,996.8021
1457022555513,996.8021
1457022555539,996.8021
1457022555569,996.8021
1457022555602,996.8021
1457022555661,996.81213
1457022555689,996.81213
1457022555719,996.81213
1457022555751,996.81213
1457022555780,996.81213
1457022555811,996.81213
1457022555840,996.81213
1457022555871,996.81213
1457022555931,996.81213
1457022555961,996.81213
1457022556013,996.81213
1457022556018,996.81213
1457022556047,996.81213
1457022556077,996.81213
1457022556108,996.81213
1457022556138,996.81213
1457022556168,996.81213
1457022556230,996.81104
1457022556260,996.8021
1457022556288,996.8021
1457022556319,996.8021
1457022556359,996.8081
1457022556379,996.81213
1457022556414,996.80365
1457022556439,996.8021
1457022556515,996.8021
1457022556526,996.8021
1457022556556,996.8021
1457022556586,996.8021
1457022556616,996.8021
1457022556646,996.8021
1457022556676,996.8021
1457022556706,996.8021
1457022556766,996.8021
1457022556797,996.8021
1457022556828,996.8021
1457022556862,996.8021
1457022556888,996.8021
1457022556921,996.8021
1457022556946,996.8021
1457022556981,996.8021
1457022557048,996.8021
1457022557072,996.8021
1457022557094,996.8021
1457022557124,996.8021
1457022557155,996.8021
1457022557184,996.8021
1457022557217,996.8021
1457022557247,996.8021
1457022557307,996.8021
1457022557337,996.8021
1457022557363,996.8021
1457022557396,996.8021
1457022557439,996.8021
1457022557454,996.8021
1457022557486,996.8021
1457022557515,996.8021
1457022557575,996.8021
1457022557604,996.8021
1457022557635,996.8021
1457022557669,996.8021
1457022557699,996.8021
1457022557726,996.8021
1457022557759,996.8021
1457022557788,996.8021
1457022557815,996.8021
1457022557874,996.8021
1457022557907,996.8021
1457022557934,996.8021
1457022557967,996.8021
1457022557994,996.8021
1457022558023,996.8021
1457022558056,996.8021
1457022558081,996.8021
1457022558145,996.8021
1457022558174,996.8021
1457022558204,996.8021
1457022558231,996.8021
1457022558260,996.8021
1457022558292,996.8021
1457022558321,996.8021
1457022558350,996.8021
1457022558416,996.8021
1457022558441,996.8021
1457022558472,996.8021
1457022558501,996.8021
1457022558530,996.8021
1457022558573,996.8021
1457022558590,996.8021
1457022558620,996.8021
1457022558681,996.8021
1457022558712,996.8021
1457022558742,996.8021
1457022558771,996.8021
1457022558805,996.8021
1457022558831,996.8021
1457022558867,996.8021
1457022558896,996.8021
1457022558953,996.8021
1457022558981,996.8021
1457022559011,996.8021
1457022559040,996.8021
1457022559074,996.8021
1457022559099,996.8021
1457022559127,996.8021
1457022559158,996.8021
1457022559218,996.8021
1457022559248,996.8021
1457022559277,996.8021
1457022559307,996.8021
1457022559340,996.8074
1457022559373,996.81213
1457022559404,996.81213
1457022559428,996.81213
1457022559491,996.81213
1457022559588,996.81213
1457022559588,996.81213
1457022559588,996.81213
1457022559605,996.81213
1457022559635,996.81213
1457022559665,996.81213
1457022559698,996.81213
1457022559729,996.81213
1457022559786,996.81213
1457022559817,996.81213
1457022559855,996.81213
1457022559882,996.81213
1457022559907,996.81213
1457022559942,996.81213
1457022559971,996.81213
1457022559997,996.81213
1457022560063,996.81213
1457022560087,996.81213
1457022560127,996.81213
1457022560144,996.81213
1457022560174,996.81213
1457022560204,996.81213
1457022560239,996.81213
1457022560269,996.81213
1457022560327,996.81213
1457022560359,996.81213
1457022560389,996.81213
1457022560418,996.81213
1457022560448,996.81213
1457022560478,996.81213
1457022560508,996.81213
1457022560534,996.81213
1457022560594,996.81213
1457022560630,996.81213
1457022560654,996.81213
1457022560683,996.81213
1457022560715,996.8176
1457022560746,996.82214
1457022560778,996.81415
1457022560810,996.81213
1457022560868,996.81213
1457022560895,996.81213
1457022560925,996.81213
1457022560959,996.81213
1457022560985,996.81213
1457022561019,996.81213
1457022561048,996.81213
1457022561077,996.81213
1457022561147,996.81213
1457022561163,996.81213
1457022561193,996.81213
1457022561223,996.81213
1457022561257,996.81213
1457022561283,996.81213
1457022561313,996.81213
1457022561343,996.81213
1457022561403,996.81213
1457022561436,996.81213
1457022561463,996.81213
1457022561493,996.81213
1457022561527,996.81213
1457022561552,996.81213
1457022561587,996.8047
1457022561615,996.8021
1457022561669,996.8021
1457022561699,996.8032
1457022561729,996.81213
1457022561759,996.81213
1457022561789,996.81213
1457022561819,996.81213
1457022561849,996.81213
1457022561879,996.81213
1457022561908,996.81213
1457022561970,996.81213
1457022562000,996.81213
1457022562033,996.81213
1457022562064,996.81213
1457022562095,996.81213
1457022562121,996.81213
1457022562155,996.81213
1457022562179,996.81213
1457022562237,996.81213
1457022562268,996.81213
1457022562298,996.81213
1457022562327,996.81213
1457022562359,996.81213
1457022562391,996.81213
1457022562430,996.81213
1457022562450,996.81213
1457022562509,996.81213
1457022562538,996.81213
1457022562578,996.81213
1457022562598,996.81213
1457022562647,996.81213
1457022562667,996.81213
1457022562688,996.81213
1457022562717,996.81213
1457022562778,996.81213
1457022562808,996.8106
1457022562842,996.8021
1457022562871,996.8021
1457022562900,996.8021
1457022562931,996.8021
1457022562961,996.8021
1457022562988,996.8021
1457022563051,996.8021
1457022563078,996.8021
1457022563110,996.8021
1457022563165,996.8021
1457022563165,996.8021
1457022563194,996.8021
1457022563224,996.8021
1457022563255,996.8021
1457022563285,996.8021
1457022563345,996.8021
1457022563376,996.8021
1457022563422,996.8021
1457022563436,996.8021
1457022563465,996.8021
1457022563495,996.8021
1457022563526,996.8021
1457022563554,996.8021
1457022563615,996.8021
1457022563658,996.8021
1457022563674,996.8021
1457022563704,996.8021
1457022563735,996.808
1457022563766,996.81213
1457022563798,996.80383
1457022563825,996.8021
1457022563884,996.81213
1457022563919,996.81213
1457022563947,996.81213
1457022563975,996.81213
1457022564005,996.81213
1457022564037,996.81213
1457022564068,996.81213
1457022564098,996.81213
1457022564157,996.81213
1457022564183,996.81396
1457022564212,996.82214
1457022564249,996.82214
1457022564277,996.82214
1457022564302,996.82214
1457022564338,996.82214
1457022564363,996.82214
1457022564423,996.82214
1457022564453,996.8205
1457022564483,996.81213
1457022564513,996.8162
1457022564542,996.82214
1457022564575,996.81555
1457022564606,996.81213
1457022564633,996.8211
1457022564691,996.8219
1457022564721,996.81213
1457022564752,996.81213
1457022564781,996.81213
1457022564811,996.81213
1457022564849,996.81213
1457022564871,996.81213
1457022564902,996.81213
1457022564966,996.8121
1457022564991,996.8021
1457022565023,996.8021
1457022565049,996.8021
1457022565085,996.8021
1457022565114,996.8021
1457022565160,996.8021
1457022565168,996.8021
1457022565197,996.8021
1457022565258,996.8021
1457022565292,996.8021
1457022565320,996.8021
1457022565352,996.79736
1457022565379,996.7921
1457022565410,996.7921
1457022565443,996.7921
1457022565477,996.7921
1457022565533,996.7921
1457022565563,996.7943
1457022565643,996.8021
1457022565643,996.8021
1457022565646,996.8021
1457022565676,996.8021
1457022565705,996.8021
1457022565735,996.8021
1457022565796,996.8021
1457022565825,996.8021
1457022565861,996.8021
1457022565888,996.8021
1457022565920,996.8021
1457022565947,996.8021
1457022565977,996.8021
1457022566011,996.81146
1457022566072,996.81213
1457022566097,996.81213
1457022566135,996.81213
1457022566178,996.81213
1457022566189,996.81213
1457022566214,996.81213
1457022566244,996.81213
1457022566274,996.81213
1457022566335,996.81213
1457022566369,996.81213
1457022566397,996.80927
1457022566427,996.8021
1457022566458,996.8021
1457022566488,996.8021
1457022566518,996.8021
1457022566544,996.8021
1457022566604,996.8021
1457022566635,996.8021
1457022566678,996.79944
1457022566701,996.7921
1457022566724,996.7921
1457022566753,996.7921
1457022566792,996.7921
1457022566819,996.7921
1457022566879,996.7921
1457022566909,996.7921
1457022566934,996.7897
1457022566968,996.78217
1457022566997,996.78217
1457022567023,996.78217
1457022567058,996.78217
1457022567084,996.78217
1457022567113,996.78217
1457022567199,996.78217
1457022567202,996.78217
1457022567233,996.78217
1457022567262,996.78217
1457022567296,996.78217
1457022567323,996.7749
1457022567353,996.77216
1457022567386,996.77216
1457022567442,996.77216
1457022567472,996.77216
1457022567501,996.77216
1457022567532,996.77216
1457022567567,996.77216
1457022567592,996.77216
1457022567626,996.77216
1457022567655,996.76263
1457022567709,996.76215
1457022567738,996.76215
1457022567769,996.7654
1457022567799,996.77216
1457022567829,996.7665
1457022567859,996.76215
1457022567889,996.77026
1457022567919,996.77216
1457022567979,996.77216
1457022568008,996.77216
1457022568040,996.76917
1457022568069,996.76215
1457022568100,996.76764
1457022568130,996.77216
1457022568158,996.77216
1457022568190,996.77216
1457022568248,996.77216
1457022568279,996.77216
1457022568315,996.77216
1457022568343,996.77216
1457022568403,996.77216
1457022568403,996.77216
1457022568438,996.77216
1457022568457,996.77216
1457022568516,996.77216
1457022568546,996.77356
1457022568576,996.78217
1457022568607,996.78217
1457022568638,996.78217
1457022568671,996.78217
1457022568696,996.78217
1457022568727,996.78217
1457022568793,996.78217
1457022568818,996.78217
1457022568848,996.78217
1457022568878,996.78217
1457022568911,996.78217
1457022568941,996.78217
1457022568968,996.78217
1457022568998,996.7908
1457022569027,996.7921
1457022569088,996.7911
1457022569122,996.78217
1457022569146,996.78564
1457022569219,996.7921
1457022569219,996.7921
1457022569233,996.7921
1457022569263,996.7921
1457022569295,996.7921
1457022569354,996.7921
1457022569384,996.7921
1457022569413,996.7921
1457022569444,996.7921
1457022569473,996.7921
1457022569503,996.7921
1457022569533,996.7921
1457022569563,996.7921
1457022569623,996.7921
1457022569654,996.7921
1457022569699,996.7921
1457022569712,996.7877
1457022569742,996.78217
1457022569775,996.78217
1457022569807,996.78217
1457022569837,996.78217
1457022569897,996.78217
1457022569924,996.78217
1457022569957,996.78217
1457022569987,996.78217
1457022570012,996.78217
1457022570049,996.7888
1457022570074,996.7921
1457022570108,996.7921
1457022570162,996.78217
1457022570212,996.78217
1457022570229,996.78217
1457022570250,996.7862
1457022570280,996.7921
1457022570315,996.78564
1457022570343,996.78217
1457022570374,996.78217
1457022570431,996.78217
1457022570462,996.78357
1457022570491,996.7921
1457022570521,996.78827
1457022570551,996.78217
1457022570590,996.78217
1457022570611,996.78217
1457022570641,996.78217
1457022570715,996.78217
1457022570737,996.78217
1457022570758,996.78217
1457022570788,996.78217
1457022570818,996.78217
1457022570849,996.78217
1457022570879,996.78217
1457022570910,996.78217
1457022570938,996.78217
1457022570998,996.77216
1457022571029,996.77216
1457022571058,996.77216
1457022571088,996.77216
1457022571120,996.77216
1457022571148,996.77216
1457022571179,996.7637
1457022571219,996.76215
1457022571269,996.76215
1457022571299,996.76215
1457022571335,996.76215
1457022571359,996.7667
1457022571388,996.77216
1457022571421,996.7651
1457022571449,996.76215
1457022571478,996.76215
1457022571538,996.76215
1457022571573,996.76416
1457022571602,996.77216
1457022571629,996.7677
1457022571672,996.76215
1457022571685,996.76215
1457022571715,996.76215
1457022571745,996.76215
1457022571805,996.76215
1457022571835,996.76215
1457022571864,996.76215
1457022571896,996.76215
1457022571927,996.76215
1457022571960,996.76215
1457022571987,996.76215
1457022572016,996.76215
1457022572080,996.76215
1457022572111,996.76215
1457022572140,996.76215
1457022572167,996.76215
1457022572216,996.76215
1457022572239,996.76215
1457022572253,996.76215
1457022572283,996.76215
1457022572344,996.76215
1457022572373,996.76215
1457022572403,996.76215
1457022572433,996.76215
1457022572462,996.76215
1457022572492,996.76215
1457022572528,996.76215
1457022572553,996.76215
1457022572617,996.76215
1457022572645,996.76215
1457022572674,996.76215
1457022572729,996.76215
1457022572733,996.76215
1457022572764,996.76215
1457022572797,996.76215
1457022572825,996.76215
1457022572854,996.76215
1457022572918,996.76215
1457022572943,996.76215
1457022572976,996.76215
1457022573003,996.76215
1457022573033,996.76215
1457022573064,996.76215
1457022573099,996.76215
1457022573127,996.76215
1457022573182,996.76215
1457022573223,996.76215
1457022573240,996.76215
1457022573269,996.76215
1457022573299,996.76215
1457022573330,996.76215
1457022573360,996.76215
1457022573390,996.76215
1457022573449,996.76215
1457022573479,996.76215
1457022573509,996.76215
1457022573539,996.76215
1457022573572,996.76215
1457022573600,996.76215
1457022573630,996.76215
1457022573660,996.76215
1457022573730,996.76215
1457022573748,996.76215
1457022573777,996.76215
1457022573808,996.76215
1457022573840,996.7566
1457022573871,996.7522
1457022573903,996.7602
1457022573933,996.76215
1457022573992,996.7522
1457022574017,996.7522
1457022574048,996.7522
1457022574079,996.7522
1457022574108,996.75757
1457022574138,996.76215
1457022574170,996.7543
1457022574199,996.7522
1457022574256,996.7522
1457022574286,996.7522
1457022574317,996.7522
1457022574346,996.7522
1457022574376,996.7469
1457022574406,996.7422
1457022574443,996.7422
1457022574467,996.7422
1457022574528,996.7422
1457022574557,996.7422
1457022574591,996.7422
1457022574622,996.7422
1457022574648,996.7422
1457022574697,996.7422
1457022574708,996.7422
1457022574735,996.7422
1457022574794,996.7422
1457022574824,996.7422
1457022574854,996.7422
1457022574884,996.7422
1457022574914,996.7422
1457022574944,996.7422
1457022574975,996.7422
1457022575006,996.7422
1457022575036,996.7422
1457022575096,996.7422
1457022575126,996.7422
1457022575159,996.7422
1457022575185,996.7422
1457022575215,996.7422
1457022575246,996.7422
1457022575274,996.7422
1457022575304,996.7422
1457022575365,996.7422
1457022575399,996.74426
1457022575429,996.7522
1457022575455,996.7522
1457022575490,996.7522
1457022575518,996.7522
1457022575545,996.7522
1457022575579,996.7522
1457022575639,996.7422
1457022575665,996.7422
1457022575693,996.7422
1457022575748,996.7422
1457022575763,996.7422
1457022575781,996.7422
1457022575811,996.7422
1457022575842,996.7422
1457022575901,996.7422
1457022575931,996.7422
1457022575961,996.7422
1457022575991,996.7422
1457022576021,996.7422
1457022576052,996.7422
1457022576082,996.7422
1457022576111,996.7422
1457022576172,996.7422
1457022576201,996.7422
1457022576253,996.7422
1457022576259,996.7422
1457022576289,996.7422
1457022576321,996.7422
1457022576352,996.7422
1457022576383,996.7422
1457022576444,996.74194
1457022576474,996.7322
1457022576500,996.7322
1457022576530,996.7361
1457022576564,996.7422
1457022576595,996.7358
1457022576621,996.7322
1457022576654,996.7322
1457022576711,996.7322
1457022576766,996.7322
1457022576769,996.7322
1457022576797,996.7322
1457022576827,996.7322
1457022576857,996.7322
1457022576888,996.7322
1457022576917,996.7322
1457022576948,996.7322
1457022577007,996.7322
1457022577041,996.7322
1457022577072,996.7322
1457022577099,996.7322
1457022577133,996.7322
1457022577157,996.7322
1457022577189,996.7322
1457022577218,996.7322
1457022577279,996.7322
1457022577305,996.7322
1457022577336,996.7322
1457022577365,996.7322
1457022577398,996.7322
1457022577428,996.7251
1457022577458,996.72217
1457022577487,996.72217
1457022577548,996.72217
1457022577577,996.72217
1457022577610,996.72217
1457022577637,996.72217
1457022577667,996.72217
1457022577711,996.72217
1457022577741,996.72217
1457022577762,996.72217
1457022577813,996.72217
1457022577843,996.72217
1457022577875,996.72217
1457022577903,996.72217
1457022577933,996.72217
1457022577965,996.7154
1457022577996,996.71216
1457022578026,996.72144
1457022578085,996.7217
1457022578123,996.71216
1457022578150,996.7151
1457022578178,996.72217
1457022578205,996.72217
1457022578234,996.72217
1457022578290,996.72217
1457022578299,996.72217
1457022578369,996.72217
1457022578388,996.72217
1457022578415,996.72217
1457022578478,996.72217
1457022578479,996.72217
1457022578504,996.72217
1457022578532,996.72217
1457022578564,996.72217
1457022578621,996.71216
1457022578651,996.71216
1457022578681,996.71216
1457022578711,996.71216
1457022578740,996.71216
1457022578777,996.71216
1457022578801,996.71216
1457022578831,996.71216
1457022578862,996.71216
1457022578922,996.71216
1457022578951,996.71216
1457022578981,996.71216
1457022579011,996.71216
1457022579041,996.71216
1457022579073,996.71216
1457022579106,996.71216
1457022579131,996.71216
1457022579191,996.71216
1457022579220,996.71216
1457022579251,996.7087
1457022579291,996.7022
1457022579308,996.7022
1457022579338,996.70935
1457022579371,996.71216
1457022579403,996.71216
1457022579463,996.71216
1457022579493,996.71216
1457022579523,996.7155
1457022579548,996.72217
1457022579582,996.72217
1457022579613,996.72217
1457022579638,996.72217
1457022579670,996.72217
1457022579729,996.72217
1457022579799,996.72217
1457022579800,996.72217
1457022579816,996.72217
1457022579846,996.72217
1457022579877,996.72217
1457022579907,996.72217
1457022579937,996.72217
1457022579997,996.72217
1457022580028,996.72217
1457022580058,996.72217
1457022580087,996.72217
1457022580127,996.72217
1457022580150,996.72217
1457022580178,996.72217
1457022580208,996.72217
1457022580282,996.72217
1457022580294,996.7205
1457022580324,996.71216
1457022580354,996.71216
1457022580385,996.71216
1457022580415,996.71216
1457022580445,996.71216
1457022580477,996.71216
1457022580537,996.71216
1457022580566,996.71216
1457022580596,996.71216
1457022580626,996.71216
1457022580660,996.71216
1457022580694,996.71216
1457022580716,996.71216
1457022580775,996.71216
1457022580808,996.72217
1457022580833,996.72217
1457022580862,996.72217
1457022580895,996.72217
1457022580923,996.72217
1457022580952,996.72217
1457022580982,996.72217
1457022581013,996.72217
1457022581044,996.72217
1457022581104,996.72217
1457022581135,996.72217
1457022581169,996.72217
1457022581195,996.72217
1457022581223,996.72217
1457022581254,996.72217
1457022581303,996.72217
1457022581324,996.72217
1457022581374,996.72217
1457022581404,996.72217
1457022581438,996.72217
1457022581464,996.72217
1457022581498,996.72217
1457022581524,996.72217
1457022581552,996.72217
1457022581587,996.72217
1457022581646,996.72217
1457022581673,996.72217
1457022581707,996.72217
1457022581736,996.72217
1457022581762,996.72217
1457022581826,996.72217
1457022581827,996.72217
1457022581851,996.72217
1457022581912,996.72217
1457022581942,996.72217
1457022581975,996.72217
1457022582006,996.72217
1457022582032,996.72217
1457022582065,996.72217
1457022582092,996.72217
1457022582120,996.7314
1457022582185,996.7322
1457022582211,996.73047
1457022582245,996.72217
1457022582270,996.7263
1457022582308,996.7322
1457022582328,996.7256
1457022582357,996.72217
1457022582388,996.7312
1457022582449,996.7322
1457022582480,996.7322
1457022582507,996.7322
1457022582539,996.7322
1457022582573,996.7322
1457022582599,996.7322
1457022582629,996.7322
1457022582659,996.7411
1457022582722,996.74207
1457022582750,996.7322
1457022582778,996.73474
1457022582823,996.7422
1457022582839,996.7422
1457022582865,996.7422
1457022582895,996.7422
1457022582925,996.7422
1457022582959,996.7422
1457022583018,996.7422
1457022583046,996.7422
1457022583076,996.7422
1457022583107,996.7422
1457022583136,996.7422
1457022583167,996.7422
1457022583200,996.7422
1457022583231,996.7422
1457022583287,996.7422
1457022583328,996.7422
1457022583344,996.7422
1457022583374,996.7422
1457022583404,996.7422
1457022583434,996.7422
1457022583468,996.7422
1457022583493,996.7422
1457022583560,996.7422
1457022583583,996.7422
1457022583616,996.7422
1457022583645,996.7422
1457022583675,996.7422
1457022583705,996.7422
1457022583739,996.7422
1457022583796,996.7422
1457022583822,996.7422
1457022583852,996.7422
1457022583882,996.739
1457022583915,996.7322
1457022583945,996.7322
1457022583972,996.7322
1457022584001,996.7322
1457022584032,996.7322
1457022584094,996.7322
1457022584123,996.7322
1457022584154,996.7322
1457022584183,996.7322
1457022584217,996.7267
1457022584243,996.72217
1457022584277,996.72217
1457022584303,996.72217
1457022584361,996.72217
1457022584390,996.72217
1457022584420,996.72217
1457022584451,996.72217
1457022584480,996.72217
1457022584510,996.72217
1457022584541,996.72217
1457022584571,996.72217
1457022584632,996.72217
1457022584662,996.72217
1457022584696,996.72485
1457022584722,996.7322
1457022584751,996.7322
1457022584787,996.7322
1457022584811,996.72455
1457022584847,996.72217
1457022584901,996.72217
1457022584936,996.72217
1457022584961,996.72217
1457022584991,996.72217
1457022585019,996.72217
1457022585051,996.72217
1457022585080,996.72217
1457022585110,996.72217
1457022585143,996.72217
1457022585205,996.72217
1457022585230,996.72217
1457022585260,996.72217
1457022585290,996.72217
1457022585320,996.72217
1457022585348,996.72217
1457022585377,996.72217
1457022585406,996.72217
1457022585467,996.72217
1457022585497,996.72217
1457022585527,996.7187
1457022585556,996.71216
1457022585587,996.71814
1457022585618,996.72217
1457022585648,996.7138
1457022585681,996.71216
1457022585738,996.713
1457022585771,996.72217
1457022585798,996.72217
1457022585847,996.72217
1457022585871,996.72797
1457022585885,996.7322
1457022585914,996.72394
1457022585945,996.72217
1457022586005,996.7322
1457022586036,996.7322
1457022586069,996.729
1457022586097,996.72217
1457022586127,996.72217
1457022586159,996.72217
1457022586189,996.72217
1457022586220,996.72217
1457022586279,996.7322
1457022586304,996.7322
1457022586335,996.7322
1457022586365,996.72797
1457022586394,996.72217
1457022586424,996.72217
1457022586459,996.72217
1457022586486,996.72217
1457022586545,996.72217
1457022586578,996.72217
1457022586608,996.72217
1457022586634,996.72217
1457022586665,996.72217
1457022586698,996.72217
1457022586727,996.72217
1457022586755,996.72217
1457022586828,996.72217
1457022586842,996.72217
1457022586871,996.72217
1457022586901,996.72217
1457022586931,996.72217
1457022586961,996.72217
1457022586991,996.72217
1457022587021,996.73096
1457022587086,996.7322
1457022587117,996.7322
1457022587143,996.7322
1457022587173,996.7322
1457022587203,996.7322
1457022587237,996.7322
1457022587266,996.7322
1457022587292,996.7322
1457022587327,996.7322
1457022587396,996.7322
1457022587429,996.7322
1457022587439,996.7322
1457022587469,996.7322
1457022587499,996.7322
1457022587529,996.7322
1457022587562,996.7322
1457022587592,996.7322
1457022587649,996.7322
1457022587679,996.7322
1457022587708,996.7322
1457022587739,996.7322
1457022587769,996.7322
1457022587798,996.7322
1457022587829,996.7322
1457022587875,996.7322
1457022587920,996.7322
1457022587950,996.7322
1457022587981,996.7322
1457022588014,996.7322
1457022588042,996.7322
1457022588071,996.7322
1457022588109,996.7322
1457022588133,996.7415
1457022588190,996.7422
1457022588224,996.7422
1457022588253,996.7422
1457022588280,996.7422
1457022588313,996.7422
1457022588338,996.7422
1457022588404,996.7422
1457022588407,996.7422
1457022588457,996.7422
1457022588496,996.7422
1457022588516,996.7422
1457022588546,996.7422
1457022588576,996.7422
1457022588606,996.7422
1457022588636,996.7422
1457022588668,996.7422
1457022588730,996.7422
1457022588761,996.7422
1457022588791,996.74493
1457022588821,996.7522
1457022588850,996.7522
1457022588897,996.7522
1457022588920,996.7522
1457022588937,996.7522
1457022589000,996.752
1457022589031,996.7422
1457022589056,996.7422
1457022589089,996.7422
1457022589119,996.7422
1457022589146,996.7422
1457022589178,996.7422
1457022589205,996.7422
1457022589239,996.7422
1457022589300,996.7422
1457022589334,996.7422
1457022589354,996.7422
1457022589394,996.7422
1457022589412,996.7422
1457022589442,996.7348
1457022589472,996.7322
1457022589502,996.742
1457022589562,996.7411
1457022589592,996.7322
1457022589622,996.7322
1457022589654,996.7322
1457022589687,996.7322
1457022589713,996.7322
1457022589747,996.7322
1457022589773,996.7322
1457022589898,996.7322
1457022589898,996.7322
1457022589899,996.73553
1457022589920,996.7422
1457022589950,996.7422
1457022589984,996.7422
1457022590010,996.7422
1457022590041,996.7422
1457022590100,996.7422
1457022590136,996.7422
1457022590161,996.739
1457022590191,996.7322
1457022590221,996.7322
1457022590250,996.7322
1457022590280,996.7322
1457022590310,996.7322
1457022590376,996.7322
1457022590419,996.7322
1457022590428,996.7322
1457022590458,996.7322
1457022590488,996.7322
1457022590521,996.7322
1457022590548,996.7322
1457022590583,996.7322
1457022590639,996.7322
1457022590668,996.7322
1457022590698,996.7322
1457022590728,996.7322
1457022590761,996.7322
1457022590793,996.7322
1457022590823,996.7244
1457022590853,996.72217
1457022590912,996.72217
1457022590936,996.72363
1457022590967,996.7322
1457022591002,996.7322
1457022591028,996.7322
1457022591059,996.7322
1457022591088,996.7322
1457022591119,996.7322
1457022591179,996.7322
1457022591212,996.7322
1457022591238,996.7322
1457022591272,996.7322
1457022591302,996.7322
1457022591328,996.7322
1457022591358,996.7322
1457022591438,996.7322
1457022591439,996.7322
1457022591475,996.7322
1457022591505,996.7322
1457022591535,996.7322
1457022591564,996.7322
1457022591594,996.7322
1457022591624,996.7322
1457022591654,996.7322
1457022591684,996.7322
1457022591744,996.7322
1457022591774,996.7322
1457022591807,996.7322
1457022591836,996.7322
1457022591866,996.7322
1457022591896,996.7322
1457022591926,996.7322
1457022591955,996.7322
1457022592015,996.7322
1457022592045,996.7322
1457022592075,996.7322
1457022592104,996.7322
1457022592137,996.7322
1457022592163,996.7322
1457022592193,996.7322
1457022592225,996.7322
1457022592299,996.72217
1457022592313,996.7241
1457022592342,996.7322
1457022592373,996.7322
1457022592401,996.7322
1457022592431,996.7322
1457022592461,996.7322
1457022592491,996.7322
1457022592552,996.72217
1457022592581,996.72217
1457022592612,996.72217
1457022592643,996.72217
1457022592673,996.72217
1457022592707,996.72217
1457022592733,996.72217
1457022592763,996.72217
1457022592832,996.72217
1457022592852,996.72217
1457022592942,996.72217
1457022592942,996.72217
1457022592942,996.72217
1457022592969,996.7287
1457022592999,996.7322
1457022593029,996.7322
1457022593089,996.7322
1457022593119,996.7322
1457022593151,996.7322
1457022593180,996.7322
1457022593212,996.7322
1457022593245,996.7322
1457022593274,996.7322
1457022593307,996.7322
1457022593364,996.7322
1457022593390,996.7322
1457022593421,996.7322
1457022593450,996.7322
1457022593520,996.7322
1457022593521,996.7322
1457022593537,996.7322
1457022593567,996.7322
1457022593597,996.7322
1457022593656,996.7322
1457022593688,996.7322
1457022593717,996.7322
1457022593747,996.7322
1457022593778,996.7322
1457022593808,996.72485
1457022593838,996.72217
1457022593873,996.72217
1457022593932,996.72217
1457022593977,996.72217
1457022594001,996.72217
1457022594017,996.72217
1457022594047,996.72217
1457022594082,996.72217
1457022594108,996.72217
1457022594138,996.72217
1457022594198,996.72217
1457022594228,996.72217
1457022594260,996.72217
1457022594287,996.72675
1457022594321,996.7322
1457022594347,996.7322
1457022594380,996.7322
1457022594409,996.7322
1457022594497,996.7329
1457022594499,996.7422
1457022594527,996.7422
1457022594555,996.7422
1457022594586,996.7422
1457022594621,996.7422
1457022594649,996.7422
1457022594679,996.73285
1457022594735,996.7322
1457022594773,996.7322
1457022594795,996.7322
1457022594829,996.7322
1457022594855,996.7322
1457022594889,996.7322
1457022594915,996.7322
1457022594945,996.7322
1457022595002,996.7322
1457022595031,996.7322
1457022595061,996.7322
1457022595092,996.7322
1457022595122,996.7322
1457022595152,996.7322
1457022595182,996.7322
1457022595211,996.7322
1457022595272,996.7322
1457022595301,996.7322
1457022595331,996.7322
1457022595361,996.7322
1457022595390,996.7322
1457022595421,996.7322
1457022595450,996.7322
1457022595488,996.7322
1457022595541,996.7322
1457022595572,996.7322
1457022595606,996.7322
1457022595633,996.7322
1457022595666,996.7322
1457022595696,996.7322
1457022595726,996.7322
1457022595765,996.7322
1457022595784,996.7322
1457022595845,996.7322
1457022595874,996.7322
1457022595902,996.7322
1457022595961,996.7322
1457022595964,996.7322
1457022595988,996.7322
1457022596018,996.7322
1457022596048,996.7322
1457022596108,996.7322
1457022596137,996.7322
1457022596167,996.72864
1457022596199,996.72217
1457022596229,996.72217
1457022596259,996.72217
1457022596289,996.7306
1457022596319,996.7322
1457022596388,996.73126
1457022596409,996.72217
1457022596440,996.72217
1457022596483,996.72217
1457022596502,996.72217
1457022596536,996.72217
1457022596556,996.71387
1457022596586,996.71216
1457022596646,996.71216
1457022596676,996.71216
1457022596705,996.71216
1457022596741,996.71216
1457022596768,996.7065
1457022596801,996.7022
1457022596831,996.69403
1457022596858,996.6922
1457022596917,996.6922
1457022596947,996.6903
1457022596980,996.6822
1457022597010,996.6822
1457022597042,996.6822
1457022597064,996.6822
1457022597094,996.6742
1457022597123,996.67224
1457022597184,996.67224
1457022597213,996.67224
1457022597244,996.67224
1457022597276,996.668
1457022597310,996.66223
1457022597336,996.66223
1457022597366,996.66223
1457022597394,996.66223
1457022597455,996.6522
1457022597491,996.6522
1457022597515,996.6522
1457022597545,996.6482
1457022597572,996.6422
1457022597602,996.6422
1457022597634,996.6422
1457022597663,996.6333
1457022597722,996.6322
1457022597751,996.6322
1457022597781,996.6322
1457022597814,996.62836
1457022597842,996.62225
1457022597875,996.62225
1457022597904,996.62225
1457022597938,996.62225
1457022598002,996.6222
1457022598022,996.61224
1457022598050,996.61224
1457022598080,996.61224
1457022598110,996.61224
1457022598145,996.61224
1457022598173,996.61224
1457022598200,996.61224
1457022598232,996.61224
1457022598293,996.60223
1457022598322,996.60223
1457022598353,996.60223
1457022598382,996.60223
1457022598412,996.60223
1457022598442,996.60223
1457022598471,996.59375
1457022598505,996.5923
1457022598571,996.5923
1457022598591,996.5901
1457022598618,996.5823
1457022598648,996.5823
1457022598678,996.5823
1457022598708,996.5823
1457022598738,996.5823
1457022598768,996.5823
1457022598828,996.5823
1457022598858,996.5802
1457022598895,996.57227
1457022598920,996.57227
1457022598954,996.57227
1457022598998,996.57227
1457022599007,996.57227
1457022599042,996.57227
1457022599096,996.57227
1457022599126,996.57227
1457022599157,996.57227
1457022599186,996.57227
1457022599217,996.57227
1457022599249,996.57227
1457022599278,996.57227
1457022599309,996.563
1457022599368,996.56226
1457022599397,996.56226
1457022599432,996.56226
1457022599461,996.56226
1457022599487,996.56226
1457022599516,996.56226
1457022599583,996.56226
1457022599584,996.56226
1457022599640,996.5619
1457022599664,996.55225
1457022599697,996.55225
1457022599725,996.55225
1457022599755,996.547
1457022599786,996.5423
1457022599815,996.5423
1457022599849,996.5423
1457022599909,996.54205
1457022599937,996.5323
1457022599971,996.5323
1457022599996,996.5323
1457022600085,996.5323
1457022600085,996.5323
1457022600085,996.52466
1457022600113,996.5223
1457022600172,996.5223
1457022600206,996.5223
1457022600232,996.5223
1457022600262,996.5223
1457022600295,996.51733
1457022600323,996.5123
1457022600355,996.5123
1457022600385,996.5123
1457022600414,996.5123
1457022600473,996.5123
1457022600504,996.5123
1457022600534,996.5123
1457022600564,996.50745
1457022600593,996.5023
1457022600628,996.495
1457022600652,996.4923
1457022600682,996.4923
1457022600743,996.49133
1457022600773,996.4823
1457022600803,996.4789
1457022600832,996.4723
1457022600866,996.4723
1457022600892,996.4723
1457022600922,996.4723
1457022600957,996.4723
1457022601020,996.4723
1457022601042,996.4723
1457022601069,996.469
1457022601099,996.46234
1457022601129,996.45654
1457022601159,996.45233
1457022601189,996.45233
1457022601219,996.45233
1457022601279,996.45166
1457022601308,996.4423
1457022601338,996.4392
1457022601370,996.4324
1457022601401,996.42676
1457022601433,996.42236
1457022601461,996.42236
1457022601496,996.42236
1457022601551,996.41235
1457022601580,996.4106
1457022601644,996.40234
1457022601645,996.40234
1457022601667,996.40234
1457022601697,996.40234
1457022601727,996.3944
1457022601757,996.39233
1457022601820,996.39233
1457022601851,996.39075
1457022601876,996.3824
1457022601908,996.3824
1457022601937,996.3824
1457022601967,996.3824
1457022601995,996.3746
1457022602027,996.3724
1457022602088,996.3724
1457022602132,996.37085
1457022602153,996.36237
1457022602175,996.36237
1457022602205,996.36237
1457022602235,996.36237
1457022602265,996.36237
1457022602295,996.36237
1457022602357,996.36237
1457022602386,996.3611
1457022602415,996.3524
1457022602452,996.3524
1457022602477,996.3524
1457022602516,996.3524
1457022602537,996.3524
1457022602569,996.3524
1457022602596,996.3524
1457022602658,996.3524
1457022602683,996.3524
1457022602713,996.3524
1457022602746,996.3524
1457022602776,996.3524
1457022602806,996.3524
1457022602836,996.3524
1457022602866,996.3524
1457022602930,996.3524
1457022602958,996.3524
1457022602985,996.3524
1457022603018,996.3524
1457022603044,996.3524
1457022603079,996.3524
1457022603104,996.3524
1457022603144,996.3524
1457022603193,996.3524
1457022603222,996.3545
1457022603253,996.36237
1457022603283,996.3578
1457022603312,996.3524
1457022603343,996.3594
1457022603372,996.36237
1457022603402,996.36237
1457022603462,996.3524
1457022603493,996.3524
1457022603560,996.3524
1457022603560,996.3568
1457022603580,996.36237
1457022603610,996.35547
1457022603641,996.3524
1457022603669,996.3524
1457022603730,996.3524
1457022603760,996.3524
1457022603789,996.3524
1457022603820,996.3524
1457022603851,996.3524
1457022603882,996.34564
1457022603911,996.3424
1457022603946,996.35156
1457022604006,996.3519
1457022604035,996.3424
1457022604060,996.3453
1457022604095,996.3524
1457022604120,996.3524
1457022604172,996.3458
1457022604180,996.3424
1457022604207,996.3424
1457022604268,996.3424
1457022604300,996.3424
1457022604333,996.3424
1457022604358,996.3424
1457022604387,996.33716
1457022604423,996.3324
1457022604448,996.3324
1457022604478,996.3324
1457022604542,996.3324
1457022604575,996.3324
1457022604599,996.3324
1457022604632,996.3324
1457022604689,996.3324
1457022604690,996.3324
1457022604715,996.3324
1457022604745,996.3324
1457022604775,996.3324
1457022604835,996.3324
1457022604865,996.33484
1457022604896,996.3424
1457022604928,996.33746
1457022604957,996.3324
1457022604987,996.3324
1457022605056,996.3324
1457022605056,996.3324
1457022605105,996.3324
1457022605134,996.3324
1457022605164,996.3324
1457022605193,996.3324
1457022605224,996.3324
1457022605257,996.3252
1457022605284,996.3224
1457022605319,996.3224
1457022605375,996.3224
1457022605406,996.3224
1457022605436,996.3224
1457022605470,996.3224
1457022605495,996.3224
1457022605526,996.3224
1457022605554,996.3224
1457022605588,996.3224
1457022605658,996.3224
1457022605673,996.3224
1457022605702,996.3224
1457022605732,996.3224
1457022605767,996.3224
1457022605796,996.3224
1457022605827,996.3224
1457022605853,996.3224
1457022605912,996.3224
1457022605941,996.3224
1457022605971,996.3224
1457022606001,996.3224
1457022606032,996.3224
1457022606062,996.3224
1457022606092,996.3224
1457022606121,996.3224
1457022606181,996.3224
1457022606212,996.3224
1457022606243,996.3194
1457022606273,996.3124
1457022606301,996.3179
1457022606332,996.3224
1457022606362,996.3224
1457022606396,996.3224
1457022606456,996.3224
1457022606482,996.3224
1457022606512,996.3224
1457022606545,996.3224
1457022606579,996.32776
1457022606606,996.3324
1457022606631,996.3246
1457022606676,996.3224
1457022606721,996.3324
1457022606760,996.3309
1457022606779,996.3224
1457022606814,996.32635
1457022606840,996.3324
1457022606870,996.3324
1457022606909,996.3324
1457022606930,996.3324
1457022606989,996.3324
1457022607022,996.3324
1457022607052,996.3324
1457022607079,996.3324
1457022607113,996.3324
1457022607138,996.3324
1457022607187,996.3324
1457022607197,996.3412
1457022607261,996.3424
1457022607289,996.3424
1457022607322,996.3424
1457022607348,996.3424
1457022607382,996.3424
1457022607408,996.3424
1457022607438,996.3424
1457022607478,996.3424
1457022607498,996.3424
1457022607556,996.3424
1457022607588,996.3447
1457022607617,996.3524
1457022607667,996.3524
1457022607690,996.3524
1457022607704,996.3524
1457022607733,996.3524
1457022607767,996.3524
1457022607827,996.3524
1457022607859,996.3524
1457022607889,996.3524
1457022607916,996.3524
1457022607948,996.3524
1457022607974,996.3524
1457022608005,996.3524
1457022608035,996.3524
1457022608093,996.3524
1457022608122,996.3524
1457022608152,996.3524
1457022608182,996.3478
1457022608212,996.3424
1457022608246,996.3424
1457022608273,996.3424
1457022608303,996.3424
1457022608364,996.3424
1457022608393,996.34033
1457022608423,996.3324
1457022608459,996.3369
1457022608488,996.3424
1457022608513,996.33545
1457022608543,996.3324
1457022608600,996.3324
1457022608630,996.3324
1457022608661,996.3324
1457022608690,996.3324
1457022608720,996.3324
1457022608751,996.3324
1457022608780,996.32556
1457022608809,996.3224
1457022608839,996.3224
1457022608899,996.3224
1457022608935,996.3224
1457022608961,996.3224
1457022608990,996.3224
1457022609020,996.3224
1457022609051,996.3224
1457022609081,996.3224
1457022609115,996.3224
1457022609176,996.3224
1457022609200,996.3224
1457022609229,996.3224
1457022609265,996.3224
1457022609290,996.317
1457022609320,996.3124
1457022609350,996.3202
1457022609380,996.3224
1457022609440,996.3224
1457022609469,996.3224
1457022609499,996.31964
1457022609533,996.3124
1457022609559,996.3124
1457022609589,996.3124
1457022609622,996.3124
1457022609670,996.3124
1457022609706,996.3124
1457022609736,996.3124
1457022609766,996.3124
1457022609798,996.3124
1457022609826,996.3124
1457022609858,996.3124
1457022609887,996.3124
1457022609916,996.3124
1457022609982,996.3224
1457022610011,996.3224
1457022610038,996.3224
1457022610068,996.3224
1457022610098,996.3224
1457022610131,996.3224
1457022610156,996.3224
1457022610206,996.3224
1457022610222,996.3224
1457022610273,996.3224
1457022610303,996.3224
1457022610333,996.3224
1457022610364,996.3224
1457022610393,996.3224
1457022610423,996.3224
1457022610455,996.3224
1457022610486,996.3224
1457022610544,996.3224
1457022610574,996.3224
1457022610604,996.3224
1457022610635,996.3224
1457022610664,996.3224
1457022610709,996.3224
1457022610721,996.3308
1457022610751,996.3324
1457022610814,996.3324
1457022610846,996.3324
1457022610871,996.3324
1457022610904,996.3324
1457022610933,996.3324
1457022610962,996.3324
1457022610994,996.3324
1457022611027,996.3324
1457022611121,996.3424
1457022611128,996.3424
1457022611143,996.3424
1457022611170,996.3424
1457022611205,996.3424
1457022611229,996.3424
1457022611260,996.3424
1457022611289,996.3424
1457022611349,996.3424
1457022611380,996.3424
1457022611410,996.3424
1457022611441,996.3424
1457022611472,996.3424
1457022611501,996.3424
1457022611531,996.3424
1457022611564,996.3424
1457022611620,996.3424
1457022611655,996.3424
1457022611683,996.3424
1457022611715,996.3424
1457022611738,996.3424
1457022611767,996.3424
1457022611798,996.3424
1457022611828,996.3424
1457022611888,996.3424
1457022611918,996.3424
1457022611948,996.3424
1457022611979,996.3424
1457022612013,996.3424
1457022612039,996.3424
1457022612073,996.3424
1457022612104,996.3424
1457022612168,996.3424
1457022612188,996.3424
1457022612219,996.3424
1457022612249,996.3424
1457022612277,996.3424
1457022612312,996.3424
1457022612339,996.3424
1457022612369,996.3424
1457022612431,996.3424
1457022612458,996.3424
1457022612496,996.3397
1457022612520,996.3324
1457022612548,996.3324
1457022612652,996.33875
1457022612652,996.3424
1457022612652,996.3424
1457022612697,996.3424
1457022612724,996.3424
1457022612753,996.3424
1457022612784,996.3424
1457022612817,996.3424
1457022612848,996.3424
1457022612875,996.3424
1457022612908,996.3424
1457022612938,996.3424
1457022612997,996.3424
1457022613028,996.3424
1457022613058,996.3424
1457022613083,996.3424
1457022613114,996.3424
1457022613144,996.3424
1457022613174,996.3424
1457022613214,996.3522
1457022613263,996.3524
1457022613293,996.3524
1457022613323,996.3524
1457022613354,996.3524
1457022613388,996.3524
1457022613414,996.3524
1457022613447,996.3524
1457022613473,996.3524
1457022613533,996.3524
1457022613563,996.3524
1457022613604,996.3524
1457022613623,996.3478
1457022613661,996.3424
1457022613683,996.3424
1457022613723,996.3424
1457022613746,996.3424
1457022613799,996.3424
1457022613830,996.3424
1457022613860,996.3424
1457022613890,996.3424
1457022613919,996.3424
1457022613949,996.33545
1457022613979,996.3324
1457022614009,996.3418
1457022614069,996.34174
1457022614099,996.3324
1457022614140,996.3355
1457022614159,996.3424
1457022614189,996.3368
1457022614219,996.3324
1457022614249,996.3324
1457022614279,996.3324
1457022614340,996.33185
1457022614370,996.3224
1457022614399,996.3224
1457022614429,996.3224
1457022614463,996.3224
1457022614489,996.3224
1457022614519,996.3224
1457022614549,996.3224
1457022614613,996.3224
1457022614659,996.3224
1457022614669,996.3224
1457022614698,996.3224
1457022614744,996.3224
1457022614757,996.3224
1457022614785,996.3224
1457022614815,996.3224
1457022614878,996.3224
1457022614910,996.3224
1457022614940,996.3224
1457022614971,996.3224
1457022614998,996.3224
1457022615029,996.3224
1457022615060,996.3301
1457022615090,996.3324
1457022615147,996.3324
1457022615180,996.3324
1457022615207,996.3324
1457022615246,996.3324
1457022615263,996.3324
1457022615293,996.3324
1457022615323,996.3324
1457022615356,996.3324
1457022615418,996.3324
1457022615448,996.3324
1457022615478,996.3324
1457022615506,996.3324
1457022615533,996.3324
1457022615563,996.3324
1457022615593,996.3324
1457022615632,996.3324
1457022615653,996.3324
1457022615714,996.33356
1457022615754,996.3424
1457022615773,996.3424
1457022615802,996.3424
1457022615834,996.3424
1457022615868,996.3424
1457022615894,996.3424
1457022615929,996.3424
1457022615983,996.3424
1457022616018,996.3424
1457022616048,996.3424
1457022616077,996.3424
1457022616103,996.3363
1457022616136,996.3324
1457022616167,996.34094
1457022616192,996.3424
1457022616273,996.3324
1457022616279,996.33466
1457022616309,996.3424
1457022616339,996.33765
1457022616370,996.3324
1457022616399,996.3324
1457022616430,996.3324
1457022616459,996.3324
1457022616519,996.3324
1457022616550,996.33453
1457022616580,996.3424
1457022616616,996.33777
1457022616641,996.3324
1457022616674,996.3324
1457022616703,996.3324
1457022616732,996.3324
1457022616787,996.3324
1457022616817,996.3324
1457022616848,996.3324
1457022616877,996.3324
1457022616907,996.3324
1457022616937,996.3324
1457022616966,996.3324
1457022616997,996.3324
1457022617061,996.33167
1457022617089,996.3224
1457022617118,996.3224
1457022617199,996.3224
1457022617199,996.3224
1457022617205,996.3293
1457022617235,996.3324
1457022617265,996.323
1457022617325,996.323
1457022617355,996.3324
1457022617385,996.32935
1457022617416,996.3224
1457022617452,996.3224
1457022617477,996.32916
1457022617506,996.3324
1457022617536,996.3324
1457022617650,996.3324
1457022617650,996.3324
1457022617659,996.3324
1457022617684,996.3324
1457022617713,996.3324
1457022617747,996.3324
1457022617773,996.3324
1457022617803,996.3324
1457022617865,996.3324
1457022617893,996.3324
1457022617926,996.3324
1457022617954,996.3324
1457022617984,996.3324
1457022618014,996.3324
1457022618044,996.3324
1457022618074,996.3324
1457022618138,996.3324
1457022618168,996.3324
1457022618193,996.3324
1457022618223,996.3324
1457022618281,996.3324
1457022618281,996.3324
1457022618310,996.3324
1457022618340,996.3324
1457022618401,996.3224
1457022618430,996.3224
1457022618460,996.3224
1457022618490,996.3224
1457022618521,996.3224
1457022618553,996.3224
1457022618607,996.3224
1457022618611,996.3224
1457022618673,996.3324
1457022618701,996.3324
1457022618732,996.3324
1457022618761,996.3324
1457022618790,996.3324
1457022618820,996.3324
1457022618852,996.3324
1457022618879,996.3324
1457022618911,996.3324
1457022618971,996.3324
1457022619004,996.3324
1457022619029,996.3324
1457022619069,996.3324
1457022619093,996.3324
1457022619124,996.3324
1457022619151,996.3324
1457022619180,996.3324
1457022619280,996.3324
1457022619280,996.3324
1457022619296,996.3324
1457022619327,996.3324
1457022619357,996.3324
1457022619387,996.3324
1457022619417,996.3324
1457022619446,996.3324
1457022619507,996.3324
1457022619537,996.3324
1457022619568,996.3324
1457022619597,996.3324
1457022619631,996.3324
1457022619659,996.3324
1457022619685,996.3324
1457022619715,996.3324
1457022619775,996.3324
1457022619804,996.3324
1457022619834,996.3324
1457022619865,996.3324
1457022619896,996.3324
1457022619926,996.3324
1457022619956,996.3324
1457022619986,996.3324
1457022620052,996.3324
1457022620078,996.3304
1457022620110,996.3224
1457022620135,996.3269
1457022620166,996.3324
1457022620228,996.32544
1457022620228,996.3224
1457022620253,996.3224
1457022620312,996.3324
1457022620343,996.3324
1457022620372,996.3324
1457022620402,996.3324
1457022620432,996.3324
1457022620462,996.3324
1457022620494,996.3324
1457022620523,996.3324
1457022620582,996.3324
1457022620612,996.3324
1457022620643,996.3324
1457022620677,996.3324
1457022620702,996.3324
1457022620733,996.3324
1457022620774,996.3324
1457022620791,996.3324
1457022620852,996.3324
1457022620882,996.3324
1457022620915,996.3324
1457022620942,996.3324
1457022620971,996.3324
1457022621002,996.3324
1457022621031,996.3324
1457022621066,996.3324
1457022621121,996.3324
1457022621151,996.3324
1457022621181,996.3324
1457022621212,996.3324
1457022621242,996.3377
1457022621301,996.3424
1457022621304,996.3424
1457022621328,996.3424
1457022621388,996.3421
1457022621418,996.3324
1457022621448,996.33514
1457022621478,996.3424
1457022621507,996.33716
1457022621539,996.3324
1457022621569,996.3324
1457022621600,996.3324
1457022621662,996.3324
1457022621689,996.3324
1457022621719,996.3324
1457022621788,996.3324
1457022621788,996.3273
1457022621806,996.3224
1457022621835,996.3224
1457022621866,996.3224
1457022621927,996.3224
1457022621956,996.3211
1457022621988,996.3124
1457022622017,996.3124
1457022622048,996.3124
1457022622077,996.3124
1457022622106,996.3124
1457022622136,996.3124
1457022622171,996.3024
1457022622226,996.3024
1457022622274,996.3024
1457022622296,996.3024
1457022622316,996.3024
1457022622345,996.3024
1457022622377,996.28766
1457022622406,996.2824
1457022622436,996.2824
1457022622495,996.2813
1457022622529,996.27246
1457022622555,996.27246
1457022622585,996.27246
1457022622620,996.27246
1457022622646,996.27246
1457022622679,996.27246
1457022622709,996.27246
1457022622775,996.2714
1457022622797,996.26245
1457022622823,996.2589
1457022622869,996.25244
1457022622890,996.25244
1457022622914,996.25244
1457022622943,996.244
1457022622978,996.24243
1457022623038,996.2324
1457022623062,996.2324
1457022623097,996.22906
1457022623126,996.2225
1457022623153,996.21655
1457022623185,996.21246
1457022623216,996.21246
1457022623306,996.21246
1457022623306,996.20245
1457022623329,996.20245
1457022623359,996.20245
1457022623394,996.20245
1457022623422,996.1967
1457022623452,996.1925
1457022623482,996.1925
1457022623509,996.1925
1457022623571,996.1825
1457022623631,996.18054
1457022623632,996.1725
1457022623658,996.1725
1457022623688,996.1725
1457022623718,996.1656
1457022623747,996.1625
1457022623778,996.1625
1457022623837,996.15247
1457022623867,996.15063
1457022623899,996.1425
1457022623929,996.1425
1457022623959,996.1425
1457022623998,996.1425
1457022624023,996.1425
1457022624049,996.13324
1457022624110,996.1325
1457022624143,996.13074
1457022624172,996.1225
1457022624202,996.1225
1457022624229,996.1225
1457022624262,996.11584
1457022624289,996.11255
1457022624353,996.1034
1457022624375,996.10254
1457022624406,996.10254
1457022624435,996.10254
1457022624465,996.10254
1457022624494,996.10254
1457022624524,996.09595
1457022624554,996.0925
1457022624586,996.0925
1457022624647,996.0922
1457022624677,996.0825
1457022624706,996.0798
1457022624735,996.0725
1457022624767,996.0725
1457022624795,996.0725
1457022624831,996.0725
1457022624859,996.0725
1457022624912,996.0723
1457022624946,996.06256
1457022624975,996.06256
1457022625005,996.06256
1457022625032,996.05743
1457022625062,996.05255
1457022625092,996.05255
1457022625124,996.05255
1457022625182,996.05255
1457022625212,996.05255
1457022625242,996.05
1457022625272,996.04254
1457022625301,996.04254
1457022625332,996.04254
1457022625362,996.03503
1457022625392,996.0326
1457022625427,996.0326
1457022625484,996.0326
1457022625517,996.0326
1457022625542,996.0326
1457022625573,996.02765
1457022625606,996.0226
1457022625637,996.0226
1457022625667,996.0226
1457022625698,996.0127
1457022625757,996.0126
1457022625782,996.0126
1457022625811,996.009
1457022625859,996.00256
1457022625868,996.00256
1457022625898,996.00256
1457022625929,996.00256
1457022625961,995.9928
1457022626018,995.99255
1457022626050,995.99255
1457022626080,995.9891
1457022626109,995.9826
1457022626160,995.9766
1457022626170,995.9726
1457022626198,995.9726
1457022626232,995.9726
1457022626287,995.9717
1457022626317,995.9626
1457022626346,995.9592
1457022626376,995.95264
1457022626406,995.95264
1457022626437,995.95264
1457022626469,995.9443
1457022626499,995.9426
1457022626559,995.9426
1457022626588,995.9426
1457022626622,995.9426
1457022626648,995.9426
1457022626679,995.9426
1457022626712,995.9426
1457022626738,995.9344
1457022626767,995.9326
1457022626828,995.9326
1457022626871,995.9326
1457022626887,995.9326
1457022626917,995.9326
1457022626950,995.9326
1457022626980,995.9326
1457022627010,995.9326
1457022627039,995.9326
1457022627105,995.9326
1457022627126,995.93445
1457022627161,995.9426
1457022627189,995.9426
1457022627215,995.9426
1457022627251,995.9426
1457022627285,995.9426
1457022627304,995.9426
1457022627377,995.9426
1457022627395,995.9426
1457022627424,995.9426
1457022627453,995.9426
1457022627488,995.9426
1457022627514,995.9426
1457022627544,995.9426
1457022627579,995.9426
1457022627633,995.9326
1457022627664,995.9326
1457022627697,995.9326
1457022627728,995.9326
1457022627756,995.9326
1457022627783,995.9326
1457022627813,995.9326
1457022627853,995.9326
1457022627900,995.9326
1457022627930,995.9326
1457022627963,995.9326
1457022627993,995.9326
1457022628020,995.9326
1457022628049,995.9326
1457022628079,995.9326
1457022628111,995.9326
1457022628171,995.9326
1457022628201,995.9326
1457022628235,995.9326
1457022628262,995.9326
1457022628294,995.9326
1457022628321,995.9262
1457022628359,995.9226
1457022628378,995.9315
1457022628439,995.9325
1457022628468,995.9226
1457022628498,995.9226
1457022628528,995.9226
1457022628560,995.9226
1457022628587,995.9226
1457022628629,995.9226
1457022628649,995.9226
1457022628709,995.9226
1457022628738,995.9226
1457022628777,995.9226
1457022628801,995.9226
1457022628829,995.9276
1457022628873,995.9326
1457022628889,995.9252
1457022628917,995.9226
1457022628952,995.9226
1457022629013,995.9226
1457022629043,995.9226
1457022629071,995.9226
1457022629095,995.9226
1457022629125,995.9226
1457022629155,995.9226
1457022629184,995.9226
1457022629215,995.9226
1457022629274,995.9226
1457022629306,995.9226
1457022629335,995.9226
1457022629364,995.9226
1457022629394,995.9226
1457022629424,995.9226
1457022629453,995.9226
1457022629483,995.9226
1457022629543,995.9226
1457022629573,995.9226
1457022629603,995.9226
1457022629645,995.9226
1457022629663,995.9226
1457022629692,995.9226
1457022629722,995.9226
1457022629752,995.9226
1457022629812,995.9226
1457022629843,995.9226
1457022629872,995.9226
1457022629902,995.9226
1457022629932,995.9226
1457022629961,995.9226
1457022629991,995.9226
1457022630021,995.9226
1457022630081,995.9226
1457022630111,995.9226
1457022630141,995.9226
1457022630171,995.9226
1457022630201,995.91693
1457022630230,995.9126
1457022630260,995.9126
1457022630290,995.9126
1457022630352,995.9126
1457022630379,995.9126
1457022630409,995.9126
1457022630439,995.9126
1457022630469,995.9126
1457022630499,995.9126
1457022630529,995.9126
1457022630559,995.9126
1457022630618,995.9126
1457022630649,995.9126
1457022630678,995.9126
1457022630708,995.9126
1457022630738,995.9126
1457022630768,995.9126
1457022630798,995.9126
1457022630828,995.9126
1457022630887,995.9126
1457022630917,995.9126
1457022630947,995.9126
1457022630977,995.9126
1457022631009,995.9126
1457022631037,995.9126
1457022631067,995.9126
1457022631097,995.9126
1457022631156,995.9126
1457022631186,995.9126
1457022631216,995.9126
1457022631246,995.9126
1457022631276,995.9126
1457022631306,995.9126
1457022631336,995.9126
1457022631365,995.9126
1457022631426,995.9126
1457022631455,995.9141
1457022631485,995.9226
1457022631515,995.9226
1457022631545,995.9226
1457022631574,995.9226
1457022631605,995.9226
1457022631634,995.9226
1457022631694,995.9226
1457022631724,995.9226
1457022631754,995.9226
1457022631784,995.9226
1457022631814,995.9226
1457022631844,995.9226
1457022631873,995.9226
1457022631903,995.9226
1457022631963,995.9226
1457022631993,995.9326
1457022632023,995.9326
1457022632052,995.9326
1457022632082,995.9326
1457022632112,995.9326
1457022632142,995.9326
1457022632172,995.92395
1457022632202,995.9226
1457022632262,995.9326
1457022632292,995.93024
1457022632322,995.9226
1457022632351,995.9275
1457022632381,995.9326
1457022632411,995.9326
1457022632442,995.9326
1457022632471,995.9326
1457022632531,995.9326
1457022632561,995.9326
1457022632592,995.9326
1457022632621,995.9326
1457022632652,995.9326
1457022632682,995.9326
1457022632711,995.9326
1457022632741,995.9326
1457022632801,995.9326
1457022632837,995.9326
1457022632882,995.9326
1457022632889,995.9326
1457022632919,995.9326
1457022632948,995.9326
1457022632979,995.9326
1457022633008,995.9326
1457022633068,995.93176
1457022633099,995.9226
1457022633129,995.9226
1457022633161,995.9226
1457022633189,995.9226
1457022633219,995.9226
1457022633249,995.9226
1457022633279,995.9226
1457022633340,995.9226
1457022633383,995.9226
1457022633396,995.9226
1457022633426,995.9226
1457022633456,995.9226
1457022633487,995.9226
1457022633521,995.9226
1457022633546,995.9226
1457022633624,995.9226
1457022633635,995.9226
1457022633665,995.9226
1457022633695,995.9226
1457022633725,995.9226
1457022633755,995.9226
1457022633784,995.91455
