1581013671551,992.4216
1581013671552,992.4216
1581013671590,992.4216
1581013671605,992.43463
1581013671647,992.43463
1581013671682,992.43463
1581013671720,992.43463
1581013671760,992.4274
1581013671797,992.4274
1581013671835,992.4274
1581013671873,992.4274
1581013671915,992.41644
1581013671951,992.41644
1581013671989,992.41644
1581013672032,992.41644
1581013672066,992.41406
1581013672105,992.41406
1581013672143,992.41406
1581013672181,992.41406
1581013672221,992.426
1581013672258,992.426
1581013672299,992.426
1581013672336,992.426
1581013672374,992.42395
1581013672416,992.42395
1581013672451,992.42395
1581013672489,992.42395
1581013672529,992.4332
1581013672571,992.4332
1581013672607,992.4332
1581013672644,992.4332
1581013672683,992.5441
1581013672721,992.5441
1581013672759,992.5441
1581013672798,992.5441
1581013672839,992.4988
1581013672875,992.4988
1581013672914,992.4988
1581013672953,992.4988
1581013672992,992.4559
1581013673064,992.4559
1581013673072,992.4559
1581013673105,992.4559
1581013673143,992.42633
1581013673187,992.42633
1581013673223,992.42633
1581013673259,992.42633
1581013673297,992.4068
1581013673335,992.4068
1581013673373,992.4068
1581013673416,992.4068
1581013673450,992.437
1581013673489,992.437
1581013673528,992.437
1581013673566,992.437
1581013673606,992.4504
1581013673645,992.4504
1581013673681,992.4504
1581013673721,992.4504
1581013673761,992.4641
1581013673800,992.4641
1581013673836,992.4641
1581013673873,992.4641
1581013673913,992.4641
1581013673952,992.45996
1581013673993,992.45996
1581013674032,992.45996
1581013674066,992.45996
1581013674106,992.47473
1581013674145,992.47473
1581013674183,992.47473
1581013674221,992.47473
1581013674260,992.47546
1581013674298,992.47546
1581013674337,992.47546
1581013674383,992.47546
1581013674412,992.47815
1581013674451,992.47815
1581013674491,992.47815
1581013674527,992.47815
1581013674567,992.48126
1581013674604,992.48126
1581013674642,992.48126
1581013674682,992.48126
1581013674721,992.4703
1581013674760,992.4703
1581013674797,992.4703
1581013674835,992.4703
1581013674874,992.45416
1581013674912,992.45416
1581013674951,992.45416
1581013674995,992.45416
1581013675028,992.4658
1581013675066,992.4658
1581013675105,992.4658
1581013675144,992.4658
1581013675183,992.4771
1581013675220,992.4771
1581013675257,992.4771
1581013675298,992.4771
1581013675337,992.4939
1581013675375,992.4939
1581013675480,992.4939
1581013675480,992.4939
1581013675513,992.519
1581013675538,992.519
1581013675569,992.519
1581013675604,992.519
1581013675642,992.42395
1581013675682,992.42395
1581013675721,992.42395
1581013675758,992.42395
1581013675797,992.43896
1581013675838,992.43896
1581013675874,992.43896
1581013675912,992.43896
1581013675953,992.47266
1581013675991,992.47266
1581013676028,992.47266
1581013676067,992.47266
1581013676106,992.47845
1581013676151,992.47845
1581013676180,992.47845
1581013676219,992.47845
1581013676258,992.416
1581013676297,992.416
1581013676335,992.416
1581013676373,992.416
1581013676411,992.42114
1581013676452,992.42114
1581013676490,992.42114
1581013676527,992.42114
1581013676566,992.45996
1581013676605,992.45996
1581013676642,992.45996
1581013676681,992.45996
1581013676720,992.51794
1581013676760,992.51794
1581013676798,992.51794
1581013676837,992.51794
1581013676877,992.381
1581013676912,992.381
1581013676950,992.381
1581013676990,992.381
1581013677045,992.381
1581013677067,992.4081
1581013677105,992.4081
1581013677143,992.4081
1581013677180,992.4081
1581013677218,992.4503
1581013677258,992.4503
1581013677298,992.4503
1581013677336,992.4503
1581013677375,992.44104
1581013677412,992.44104
1581013677490,992.44104
1581013677491,992.44104
1581013677531,992.40125
1581013677567,992.40125
1581013677603,992.40125
1581013677644,992.40125
1581013677681,992.42285
1581013677721,992.42285
1581013677759,992.42285
1581013677804,992.42285
1581013677834,992.47534
1581013677872,992.47534
1581013677914,992.47534
1581013677949,992.47534
1581013677988,992.4956
1581013678027,992.4956
1581013678069,992.4956
1581013678105,992.4956
1581013678142,992.41595
1581013678183,992.41595
1581013678222,992.41595
1581013678269,992.41595
1581013678298,992.4688
1581013678335,992.4688
1581013678375,992.4688
1581013678416,992.4688
1581013678453,992.498
1581013678504,992.498
1581013678527,992.498
1581013678569,992.498
1581013678604,992.4348
1581013678645,992.4348
1581013678682,992.4348
1581013678721,992.4348
1581013678759,992.44476
1581013678800,992.44476
1581013678835,992.44476
1581013678874,992.44476
1581013678913,992.4835
1581013678949,992.4835
1581013678989,992.4835
1581013679026,992.4835
1581013679064,992.5361
1581013679103,992.5361
1581013679141,992.5361
1581013679179,992.5361
1581013679218,992.4413
1581013679258,992.4413
1581013679297,992.4413
1581013679337,992.4413
1581013679374,992.4252
1581013679413,992.4252
1581013679544,992.4252
1581013679545,992.4252
1581013679546,992.4606
1581013679564,992.4606
1581013679606,992.4606
1581013679645,992.4606
1581013679681,992.47217
1581013679719,992.47217
1581013679759,992.47217
1581013679795,992.47217
1581013679834,992.408
1581013679878,992.408
1581013679911,992.408
1581013679950,992.408
1581013679989,992.408
1581013680036,992.4053
1581013680065,992.4053
1581013680102,992.4053
1581013680142,992.4053
1581013680181,992.4533
1581013680219,992.4533
1581013680267,992.4533
1581013680295,992.4533
1581013680334,992.5017
1581013680375,992.5017
1581013680412,992.5017
1581013680451,992.5017
1581013680488,992.3727
1581013680527,992.3727
1581013680567,992.3727
1581013680603,992.3727
1581013680643,992.4207
1581013680683,992.4207
1581013680720,992.4207
1581013680758,992.4207
1581013680797,992.45435
1581013680837,992.45435
1581013680872,992.45435
1581013680912,992.45435
1581013680957,992.45056
1581013680988,992.45056
1581013681026,992.45056
1581013681065,992.45056
1581013681103,992.4155
1581013681141,992.4155
1581013681181,992.4155
1581013681221,992.4155
1581013681257,992.42926
1581013681295,992.42926
1581013681334,992.42926
1581013681372,992.42926
1581013681413,992.4818
1581013681449,992.4818
1581013681487,992.4818
1581013681526,992.4818
1581013681564,992.5106
1581013681604,992.5106
1581013681642,992.5106
1581013681681,992.5106
1581013681718,992.4241
1581013681758,992.4241
1581013681797,992.4241
1581013681834,992.4241
1581013681873,992.4715
1581013681910,992.4715
1581013681953,992.4715
1581013681989,992.4715
1581013682027,992.4917
1581013682068,992.4917
1581013682103,992.4917
1581013682143,992.4917
1581013682180,992.45325
1581013682219,992.45325
1581013682259,992.45325
1581013682295,992.45325
1581013682336,992.4217
1581013682373,992.4217
1581013682411,992.4217
1581013682449,992.4217
1581013682487,992.44226
1581013682526,992.44226
1581013682564,992.44226
1581013682604,992.44226
1581013682642,992.5023
1581013682680,992.5023
1581013682719,992.5023
1581013682757,992.5023
1581013682795,992.48004
1581013682833,992.48004
1581013682873,992.48004
1581013682911,992.48004
1581013682951,992.4265
1581013682989,992.4265
1581013683026,992.4265
1581013683064,992.4265
1581013683110,992.4265
1581013683141,992.46936
1581013683180,992.46936
1581013683217,992.46936
1581013683258,992.46936
1581013683297,992.49
1581013683334,992.49
1581013683375,992.49
1581013683412,992.49
1581013683452,992.43677
1581013683488,992.43677
1581013683527,992.43677
1581013683566,992.43677
1581013683604,992.4327
1581013683642,992.4327
1581013683680,992.4327
1581013683718,992.4327
1581013683758,992.4756
1581013683796,992.4756
1581013683835,992.4756
1581013683876,992.4756
1581013683912,992.5281
1581013683948,992.5281
1581013683990,992.5281
1581013684028,992.5281
1581013684064,992.4595
1581013684103,992.4595
1581013684142,992.4595
1581013684179,992.4595
1581013684218,992.4354
1581013684257,992.4354
1581013684297,992.4354
1581013684335,992.4354
1581013684372,992.48346
1581013684413,992.48346
1581013684456,992.48346
1581013684488,992.48346
1581013684525,992.5023
1581013684564,992.5023
1581013684604,992.5023
1581013684640,992.5023
1581013684681,992.444
1581013684717,992.444
1581013684757,992.444
1581013684795,992.444
1581013684833,992.4471
1581013684871,992.4471
1581013684910,992.4471
1581013684950,992.4471
1581013684987,992.4848
1581013685026,992.4848
1581013685064,992.4848
1581013685102,992.4848
1581013685140,992.51843
1581013685179,992.51843
1581013685217,992.51843
1581013685255,992.51843
1581013685295,992.4309
1581013685332,992.4309
1581013685372,992.4309
1581013685412,992.4309
1581013685449,992.4258
1581013685491,992.4258
1581013685527,992.4258
1581013685566,992.4258
1581013685604,992.4773
1581013685641,992.4773
1581013685679,992.4773
1581013685718,992.4773
1581013685757,992.49036
1581013685796,992.49036
1581013685833,992.49036
1581013685872,992.49036
1581013685910,992.4127
1581013685960,992.4127
1581013685988,992.4127
1581013686027,992.4127
1581013686066,992.42816
1581013686106,992.42816
1581013686142,992.42816
1581013686181,992.42816
1581013686218,992.42816
1581013686260,992.4762
1581013686293,992.4762
1581013686332,992.4762
1581013686378,992.4762
1581013686409,992.53455
1581013686448,992.53455
1581013686486,992.53455
1581013686525,992.53455
1581013686563,992.46423
1581013686601,992.46423
1581013686641,992.46423
1581013686684,992.46423
1581013686717,992.43677
1581013686756,992.43677
1581013686793,992.43677
1581013686833,992.43677
1581013686871,992.4814
1581013686912,992.4814
1581013686948,992.4814
1581013686986,992.4814
1581013687028,992.5023
1581013687063,992.5023
1581013687104,992.5023
1581013687149,992.5023
1581013687189,992.456
1581013687216,992.456
1581013687257,992.456
1581013687296,992.456
1581013687334,992.4522
1581013687371,992.4522
1581013687412,992.4522
1581013687451,992.4522
1581013687488,992.4796
1581013687525,992.4796
1581013687565,992.4796
1581013687602,992.4796
1581013687641,992.52295
1581013687680,992.52295
1581013687718,992.52295
1581013687758,992.52295
1581013687795,992.51776
1581013687832,992.51776
1581013687872,992.51776
1581013687911,992.51776
1581013687951,992.4543
1581013687987,992.4543
1581013688028,992.4543
1581013688064,992.4543
1581013688103,992.48175
1581013688141,992.48175
1581013688179,992.48175
1581013688218,992.48175
1581013688256,992.5116
1581013688302,992.5116
1581013688337,992.5116
1581013688376,992.5116
1581013688409,992.5167
1581013688449,992.5167
1581013688486,992.5167
1581013688525,992.5167
1581013688563,992.4584
1581013688601,992.4584
1581013688640,992.4584
1581013688678,992.4584
1581013688717,992.4783
1581013688755,992.4783
1581013688793,992.4783
1581013688832,992.4783
1581013688872,992.49036
1581013688910,992.49036
1581013688948,992.49036
1581013688986,992.49036
1581013689025,992.5315
1581013689062,992.5315
1581013689103,992.5315
1581013689140,992.5315
1581013689179,992.5315
1581013689218,992.40796
1581013689258,992.40796
1581013689296,992.40796
1581013689334,992.40796
1581013689373,992.4114
1581013689410,992.4114
1581013689449,992.4114
1581013689487,992.4114
1581013689525,992.4543
1581013689562,992.4543
1581013689603,992.4543
1581013689641,992.4543
1581013689706,992.4779
1581013689730,992.4779
1581013689756,992.4779
1581013689794,992.4779
1581013689832,992.4436
1581013689869,992.4436
1581013689909,992.4436
1581013689946,992.4436
1581013689986,992.4488
1581013690029,992.4488
1581013690063,992.4488
1581013690113,992.4488
1581013690150,992.4848
1581013690179,992.4848
1581013690215,992.4848
1581013690256,992.4848
1581013690295,992.5195
1581013690334,992.5195
1581013690371,992.5195
1581013690409,992.5195
1581013690448,992.53217
1581013690485,992.53217
1581013690524,992.53217
1581013690564,992.53217
1581013690602,992.47314
1581013690642,992.47314
1581013690679,992.47314
1581013690717,992.47314
1581013690754,992.5006
1581013690793,992.5006
1581013690831,992.5006
1581013690870,992.5006
1581013690908,992.51263
1581013690947,992.51263
1581013690987,992.51263
1581013691024,992.51263
1581013691065,992.48517
1581013691102,992.48517
1581013691140,992.48517
1581013691177,992.48517
1581013691221,992.4653
1581013691253,992.4653
1581013691292,992.4653
1581013691330,992.4653
1581013691370,992.47314
1581013691411,992.47314
1581013691450,992.47314
1581013691489,992.47314
1581013691526,992.50476
1581013691565,992.50476
1581013691602,992.50476
1581013691641,992.50476
1581013691679,992.4951
1581013691721,992.4951
1581013691753,992.4951
1581013691795,992.4951
1581013691836,992.4762
1581013691871,992.4762
1581013691909,992.4762
1581013691947,992.4762
1581013691986,992.51056
1581013692026,992.51056
1581013692064,992.51056
1581013692102,992.51056
1581013692143,992.5315
1581013692178,992.5315
1581013692222,992.5315
1581013692254,992.5315
1581013692294,992.5315
1581013692332,992.4464
1581013692373,992.4464
1581013692411,992.4464
1581013692450,992.4464
1581013692490,992.4584
1581013692525,992.4584
1581013692562,992.4584
1581013692601,992.4584
1581013692641,992.48486
1581013692678,992.48486
1581013692717,992.48486
1581013692755,992.48486
1581013692792,992.5453
1581013692831,992.5453
1581013692870,992.5453
1581013692919,992.5453
1581013692947,992.4697
1581013692987,992.4697
1581013693024,992.4697
1581013693063,992.4697
1581013693102,992.4481
1581013693142,992.4481
1581013693179,992.4481
1581013693220,992.4481
1581013693254,992.4876
1581013693307,992.4876
1581013693332,992.4876
1581013693370,992.4876
1581013693412,992.51056
1581013693452,992.51056
1581013693485,992.51056
1581013693533,992.51056
1581013693563,992.432
1581013693601,992.432
1581013693642,992.432
1581013693687,992.432
1581013693716,992.4406
1581013693754,992.4406
1581013693800,992.4406
1581013693834,992.4406
1581013693873,992.4893
1581013693908,992.4893
1581013693947,992.4893
1581013693986,992.4893
1581013694023,992.53906
1581013694062,992.53906
1581013694101,992.53906
1581013694142,992.53906
1581013694180,992.4104
1581013694216,992.4104
1581013694253,992.4104
1581013694292,992.4104
1581013694334,992.40936
1581013694371,992.40936
1581013694407,992.40936
1581013694447,992.40936
1581013694485,992.454
1581013694523,992.454
1581013694564,992.454
1581013694600,992.454
1581013694640,992.4749
1581013694679,992.4749
1581013694719,992.4749
1581013694755,992.4749
1581013694792,992.40625
1581013694833,992.40625
1581013694871,992.40625
1581013694908,992.40625
1581013694946,992.41895
1581013694985,992.41895
1581013695024,992.41895
1581013695064,992.41895
1581013695100,992.46704
1581013695141,992.46704
1581013695177,992.46704
1581013695219,992.46704
1581013695255,992.46704
1581013695294,992.4807
1581013695332,992.4807
1581013695373,992.4807
1581013695410,992.4807
1581013695447,992.39667
1581013695485,992.39667
1581013695523,992.39667
1581013695563,992.39667
1581013695600,992.4498
1581013695640,992.4498
1581013695677,992.4498
1581013695716,992.4498
1581013695753,992.47626
1581013695795,992.47626
1581013695832,992.47626
1581013695870,992.47626
1581013695909,992.41833
1581013695953,992.41833
1581013695984,992.41833
1581013696025,992.41833
1581013696061,992.4303
1581013696099,992.4303
1581013696138,992.4303
1581013696177,992.4303
1581013696214,992.4595
1581013696254,992.4595
1581013696292,992.4595
1581013696330,992.4595
1581013696371,992.5178
1581013696408,992.5178
1581013696445,992.5178
1581013696483,992.5178
1581013696522,992.40356
1581013696561,992.40356
1581013696599,992.40356
1581013696637,992.40356
1581013696682,992.40186
1581013696718,992.40186
1581013696754,992.40186
1581013696792,992.40186
1581013696830,992.45197
1581013696877,992.45197
1581013696908,992.45197
1581013696947,992.45197
1581013696983,992.4554
1581013697022,992.4554
1581013697063,992.4554
1581013697100,992.4554
1581013697137,992.3867
1581013697176,992.3867
1581013697216,992.3867
1581013697253,992.3867
1581013697292,992.39154
1581013697330,992.39154
1581013697368,992.39154
1581013697409,992.39154
1581013697446,992.43787
1581013697483,992.43787
1581013697525,992.43787
1581013697560,992.43787
1581013697599,992.45844
1581013697640,992.45844
1581013697678,992.45844
1581013697719,992.45844
1581013697753,992.3919
1581013697791,992.3919
1581013697830,992.3919
1581013697948,992.3919
1581013697948,992.4413
1581013697949,992.4413
1581013697983,992.4413
1581013698021,992.4413
1581013698060,992.4636
1581013698101,992.4636
1581013698137,992.4636
1581013698176,992.4636
1581013698214,992.4011
1581013698259,992.4011
1581013698291,992.4011
1581013698329,992.4011
1581013698367,992.4011
1581013698406,992.4214
1581013698444,992.4214
1581013698484,992.4214
1581013698523,992.4214
1581013698560,992.4557
1581013698602,992.4557
1581013698647,992.4557
1581013698676,992.4557
1581013698713,992.5144
1581013698757,992.5144
1581013698791,992.5144
1581013698836,992.5144
1581013698868,992.3871
1581013698907,992.3871
1581013698946,992.3871
1581013698984,992.3871
1581013699023,992.40247
1581013699059,992.40247
1581013699098,992.40247
1581013699137,992.40247
1581013699175,992.4351
1581013699221,992.4351
1581013699259,992.4351
1581013699293,992.4351
1581013699334,992.4303
1581013699374,992.4303
1581013699407,992.4303
1581013699444,992.4303
1581013699483,992.39734
1581013699521,992.39734
1581013699559,992.39734
1581013699611,992.39734
1581013699639,992.4248
1581013699676,992.4248
1581013699713,992.4248
1581013699752,992.4248
1581013699791,992.4866
1581013699829,992.4866
1581013699869,992.4866
1581013699908,992.4866
1581013699944,992.45264
1581013699982,992.45264
1581013700022,992.45264
1581013700059,992.45264
1581013700099,992.42175
1581013700139,992.42175
1581013700174,992.42175
1581013700213,992.42175
1581013700251,992.4711
1581013700290,992.4711
1581013700329,992.4711
1581013700367,992.4711
1581013700409,992.49725
1581013700444,992.49725
1581013700482,992.49725
1581013700521,992.49725
1581013700561,992.42004
1581013700600,992.42004
1581013700636,992.42004
1581013700675,992.42004
1581013700717,992.4464
1581013700754,992.4464
1581013700790,992.4464
1581013700829,992.4464
1581013700867,992.4842
1581013700908,992.4842
1581013700944,992.4842
1581013700984,992.4842
1581013701023,992.5292
1581013701059,992.5292
1581013701101,992.5292
1581013701135,992.5292
1581013701175,992.407
1581013701214,992.407
1581013701254,992.407
1581013701290,992.407
1581013701328,992.43616
1581013701372,992.43616
1581013701407,992.43616
1581013701444,992.43616
1581013701483,992.43616
1581013701522,992.47156
1581013701561,992.47156
1581013701603,992.47156
1581013701639,992.47156
1581013701674,992.44336
1581013701713,992.44336
1581013701753,992.44336
1581013701794,992.44336
1581013701829,992.431
1581013701868,992.431
1581013701907,992.431
1581013701950,992.431
1581013701982,992.4606
1581013702022,992.4606
1581013702060,992.4606
1581013702099,992.4606
1581013702136,992.51514
1581013702177,992.51514
1581013702214,992.51514
1581013702251,992.51514
1581013702290,992.44476
1581013702328,992.44476
1581013702367,992.44476
1581013702407,992.44476
1581013702444,992.4235
1581013702482,992.4235
1581013702521,992.4235
1581013702559,992.4235
1581013702597,992.47156
1581013702638,992.47156
1581013702677,992.47156
1581013702714,992.47156
1581013702751,992.5045
1581013702790,992.5045
1581013702829,992.5045
1581013702866,992.5045
1581013702912,992.417
1581013702945,992.417
1581013702981,992.417
1581013703020,992.417
1581013703059,992.43146
1581013703097,992.43146
1581013703136,992.43146
1581013703174,992.43146
1581013703212,992.4647
1581013703250,992.4647
1581013703297,992.4647
1581013703328,992.4647
1581013703368,992.5115
1581013703404,992.5115
1581013703443,992.5115
1581013703482,992.5115
1581013703520,992.3766
1581013703561,992.3766
1581013703597,992.3766
1581013703635,992.3766
1581013703676,992.3906
1581013703720,992.3906
1581013703753,992.3906
1581013703789,992.3906
1581013703827,992.43835
1581013703867,992.43835
1581013703906,992.43835
1581013703943,992.43835
1581013703983,992.4531
1581013704021,992.4531
1581013704058,992.4531
1581013704098,992.4531
1581013704137,992.3917
1581013704174,992.3917
1581013704214,992.3917
1581013704253,992.3917
1581013704290,992.3959
1581013704328,992.3959
1581013704367,992.3959
1581013704405,992.3959
1581013704444,992.4113
1581013704484,992.4312
1581013704520,992.4312
1581013704559,992.4312
1581013704598,992.4312
1581013704636,992.47345
1581013704676,992.47345
1581013704713,992.47345
1581013704751,992.47345
1581013704789,992.3495
1581013704834,992.3495
1581013704867,992.3495
1581013704904,992.3495
1581013704943,992.3993
1581013704981,992.3993
1581013705020,992.3993
1581013705061,992.3993
1581013705096,992.4505
1581013705137,992.4505
1581013705176,992.4505
1581013705212,992.4505
1581013705250,992.45636
1581013705288,992.45636
1581013705328,992.45636
1581013705366,992.45636
1581013705405,992.41064
1581013705443,992.41064
1581013705483,992.41064
1581013705521,992.41064
1581013705560,992.4241
1581013705599,992.4241
1581013705640,992.4241
1581013705676,992.4241
1581013705712,992.46875
1581013705750,992.46875
1581013705790,992.46875
1581013705828,992.46875
1581013705866,992.4938
1581013705907,992.4938
1581013705947,992.4938
1581013705981,992.4938
1581013706019,992.4045
1581013706059,992.4045
1581013706097,992.4045
1581013706135,992.4045
1581013706175,992.4577
1581013706212,992.4577
1581013706251,992.4577
1581013706288,992.4577
1581013706327,992.4883
1581013706366,992.4883
1581013706405,992.4883
1581013706442,992.4883
1581013706483,992.4454
1581013706520,992.4454
1581013706560,992.4454
1581013706596,992.4454
1581013706634,992.44025
1581013706676,992.44025
1581013706711,992.44025
1581013706754,992.44025
1581013706790,992.4677
1581013706828,992.4677
1581013706866,992.4677
1581013706904,992.4677
1581013706942,992.5192
1581013706985,992.5192
1581013707019,992.5192
1581013707059,992.5192
1581013707099,992.4488
1581013707136,992.4488
1581013707175,992.4488
1581013707212,992.4488
1581013707250,992.42303
1581013707288,992.42303
1581013707327,992.42303
1581013707367,992.42303
1581013707407,992.4807
1581013707443,992.4807
1581013707481,992.4807
1581013707520,992.4807
1581013707559,992.4807
1581013707597,992.49963
1581013707634,992.49963
1581013707674,992.49963
1581013707712,992.49963
1581013707753,992.4172
1581013707789,992.4172
1581013707828,992.4172
1581013707867,992.4172
1581013707903,992.4189
1581013707942,992.4189
1581013707982,992.4189
1581013708019,992.4189
1581013708057,992.46564
1581013708096,992.46564
1581013708137,992.46564
1581013708174,992.46564
1581013708212,992.51886
1581013708250,992.51886
1581013708290,992.51886
1581013708326,992.51886
1581013708365,992.3711
1581013708405,992.3711
1581013708443,992.3711
1581013708482,992.3711
1581013708521,992.3849
1581013708561,992.3849
1581013708596,992.3849
1581013708634,992.3849
1581013708673,992.4364
1581013708712,992.4364
1581013708749,992.4364
1581013708789,992.4364
1581013708826,992.4333
1581013708865,992.4333
1581013708905,992.4333
1581013708944,992.4333
1581013708980,992.368
1581013709018,992.368
1581013709058,992.368
1581013709099,992.368
1581013709136,992.3783
1581013709176,992.3783
1581013709211,992.3783
1581013709249,992.3783
1581013709287,992.4178
1581013709327,992.4178
1581013709365,992.4178
1581013709403,992.4178
1581013709443,992.44006
1581013709480,992.44006
1581013709518,992.44006
1581013709559,992.44006
1581013709596,992.3717
1581013709635,992.3717
1581013709676,992.3717
1581013709712,992.3717
1581013709749,992.4215
1581013709788,992.4215
1581013709828,992.4215
1581013709869,992.4215
1581013709906,992.44727
1581013709941,992.44727
1581013709982,992.44727
1581013710021,992.44727
1581013710058,992.4163
1581013710098,992.4163
1581013710134,992.4163
1581013710172,992.4163
1581013710213,992.38196
1581013710249,992.38196
1581013710288,992.38196
1581013710328,992.38196
1581013710366,992.40594
1581013710405,992.40594
1581013710441,992.40594
1581013710481,992.40594
1581013710524,992.42413
1581013710559,992.42413
1581013710596,992.42413
1581013710635,992.42413
1581013710673,992.42413
1581013710711,992.4441
1581013710749,992.4441
1581013710788,992.4441
1581013710826,992.4441
1581013710867,992.33923
1581013710904,992.33923
1581013710942,992.33923
1581013710982,992.33923
1581013711035,992.3633
1581013711059,992.3633
1581013711095,992.3633
1581013711136,992.3633
1581013711182,992.3986
1581013711210,992.3986
1581013711256,992.3986
1581013711287,992.3986
1581013711338,992.4116
1581013711364,992.4116
1581013711404,992.4116
1581013711441,992.4116
1581013711479,992.3982
1581013711522,992.3982
1581013711557,992.3982
1581013711597,992.3982
1581013711634,992.405
1581013711672,992.405
1581013711714,992.405
1581013711749,992.405
1581013711788,992.42737
1581013711827,992.42737
1581013711864,992.42737
1581013711904,992.42737
1581013711944,992.4617
1581013711980,992.4617
1581013712018,992.4617
1581013712058,992.4617
1581013712095,992.3816
1581013712136,992.3816
1581013712173,992.3816
1581013712210,992.3816
1581013712250,992.3695
1581013712294,992.3695
1581013712325,992.3695
1581013712368,992.3695
1581013712402,992.4111
1581013712443,992.4111
1581013712480,992.4111
1581013712518,992.4111
1581013712559,992.44366
1581013712594,992.44366
1581013712635,992.44366
1581013712677,992.44366
1581013712710,992.41547
1581013712748,992.41547
1581013712787,992.41547
1581013712827,992.41547
1581013712864,992.3959
1581013712903,992.3959
1581013712943,992.3959
1581013712980,992.3959
1581013713018,992.41296
1581013713057,992.41296
1581013713098,992.41296
1581013713134,992.41296
1581013713173,992.44696
1581013713211,992.44696
1581013713249,992.44696
1581013713287,992.44696
1581013713328,992.4071
1581013713365,992.4071
1581013713403,992.4071
1581013713441,992.4071
1581013713480,992.371
1581013713521,992.371
1581013713556,992.371
1581013713597,992.371
1581013713634,992.42554
1581013713672,992.42554
1581013713709,992.42554
1581013713750,992.42554
1581013713788,992.42554
1581013713825,992.4386
1581013713864,992.4386
1581013713905,992.4386
1581013713942,992.4386
1581013713979,992.4179
1581013714017,992.4179
1581013714057,992.4179
1581013714094,992.4179
1581013714133,992.3691
1581013714171,992.3691
1581013714210,992.3691
1581013714249,992.3691
1581013714287,992.38794
1581013714325,992.38794
1581013714363,992.38794
1581013714403,992.38794
1581013714441,992.4102
1581013714480,992.4102
1581013714518,992.4102
1581013714557,992.4102
1581013714594,992.448
1581013714632,992.448
1581013714674,992.448
1581013714710,992.448
1581013714753,992.3565
1581013714786,992.3565
1581013714825,992.3565
1581013714863,992.3565
1581013714904,992.4063
1581013714940,992.4063
1581013714979,992.4063
1581013715019,992.4063
1581013715057,992.43
1581013715094,992.43
1581013715140,992.43
1581013715172,992.43
1581013715209,992.41724
1581013715247,992.41724
1581013715286,992.41724
1581013715328,992.41724
1581013715363,992.3484
1581013715401,992.3484
1581013715441,992.3484
1581013715481,992.3484
1581013715519,992.3707
1581013715557,992.3707
1581013715594,992.3707
1581013715632,992.3707
1581013715675,992.41016
1581013715712,992.41016
1581013715749,992.41016
1581013715787,992.41016
1581013715826,992.4356
1581013715866,992.4356
1581013715901,992.4356
1581013715941,992.4356
1581013715979,992.34753
1581013716018,992.34753
1581013716056,992.34753
1581013716099,992.34753
1581013716133,992.4042
1581013716171,992.4042
1581013716212,992.4042
1581013716248,992.4042
1581013716286,992.42926
1581013716326,992.42926
1581013716364,992.42926
1581013716401,992.42926
1581013716440,992.41064
1581013716478,992.41064
1581013716517,992.41064
1581013716555,992.41064
1581013716598,992.3525
1581013716633,992.3525
1581013716670,992.3525
1581013716709,992.3525
1581013716753,992.3672
1581013716786,992.3672
1581013716826,992.3672
1581013716865,992.3672
1581013716901,992.3672
1581013716940,992.38916
1581013716982,992.38916
1581013717016,992.38916
1581013717057,992.38916
1581013717095,992.4125
1581013717134,992.4125
1581013717171,992.4125
1581013717209,992.4125
1581013717249,992.3275
1581013717289,992.3275
1581013717324,992.3275
1581013717366,992.3275
1581013717405,992.38525
1581013717439,992.38525
1581013717481,992.38525
1581013717518,992.38525
1581013717556,992.40375
1581013717594,992.40375
1581013717635,992.40375
1581013717672,992.40375
1581013717709,992.3834
1581013717749,992.3834
1581013717788,992.3834
1581013717826,992.3834
1581013717862,992.33484
1581013717902,992.33484
1581013717940,992.33484
1581013717979,992.33484
1581013718016,992.34375
1581013718062,992.34375
1581013718094,992.34375
1581013718133,992.34375
1581013718172,992.386
1581013718209,992.386
1581013718247,992.386
1581013718289,992.386
1581013718328,992.4176
1581013718362,992.4176
1581013718400,992.4176
1581013718439,992.4176
1581013718479,992.3395
1581013718518,992.3395
1581013718560,992.3395
1581013718596,992.3395
1581013718633,992.37317
1581013718671,992.37317
1581013718710,992.37317
1581013718747,992.37317
1581013718785,992.3978
1581013718825,992.3978
1581013718863,992.3978
1581013718903,992.3978
1581013718941,992.3857
1581013718980,992.3857
1581013719018,992.3857
1581013719056,992.3857
1581013719095,992.3437
1581013719132,992.3437
1581013719174,992.3437
1581013719210,992.3437
1581013719247,992.3763
1581013719286,992.3763
1581013719325,992.3763
1581013719363,992.3763
1581013719401,992.42883
1581013719440,992.42883
1581013719477,992.42883
1581013719517,992.42883
1581013719556,992.38684
1581013719593,992.38684
1581013719632,992.38684
1581013719670,992.38684
1581013719708,992.35583
1581013719748,992.35583
1581013719785,992.35583
1581013719824,992.35583
1581013719863,992.4122
1581013719901,992.4122
1581013719939,992.4122
1581013719980,992.4122
1581013720016,992.4122
1581013720055,992.4355
1581013720094,992.4355
1581013720137,992.4355
1581013720172,992.4355
1581013720208,992.3711
1581013720248,992.3711
1581013720286,992.3711
1581013720324,992.3711
1581013720365,992.3855
1581013720401,992.3855
1581013720440,992.3855
1581013720483,992.3855
1581013720521,992.4105
1581013720555,992.4105
1581013720593,992.4105
1581013720632,992.4105
1581013720670,992.45905
1581013720708,992.45905
1581013720747,992.45905
1581013720787,992.45905
1581013720829,992.3416
1581013720861,992.3416
1581013720901,992.3416
1581013720942,992.3416
1581013720977,992.3398
1581013721017,992.3398
1581013721054,992.3398
1581013721093,992.3398
1581013721131,992.3889
1581013721171,992.3889
1581013721210,992.3889
1581013721247,992.3889
1581013721285,992.4071
1581013721328,992.4071
1581013721362,992.4071
1581013721401,992.4071
1581013721441,992.3358
1581013721479,992.3358
1581013721519,992.3358
1581013721556,992.3358
1581013721593,992.33813
1581013721632,992.33813
1581013721671,992.33813
1581013721708,992.33813
1581013721747,992.3856
1581013721788,992.3856
1581013721825,992.3856
1581013721865,992.3856
1581013721901,992.43475
1581013721940,992.43475
1581013721979,992.43475
1581013722019,992.43475
1581013722056,992.3259
1581013722095,992.3259
1581013722132,992.3259
1581013722169,992.3259
1581013722209,992.3641
1581013722246,992.3641
1581013722287,992.3641
1581013722326,992.3641
1581013722361,992.4026
1581013722400,992.4026
1581013722441,992.4026
1581013722477,992.4026
1581013722515,992.3925
1581013722553,992.3925
1581013722593,992.3925
1581013722631,992.3925
1581013722671,992.34766
1581013722709,992.34766
1581013722746,992.34766
1581013722786,992.34766
1581013722825,992.35895
1581013722863,992.35895
1581013722900,992.35895
1581013722938,992.35895
1581013722977,992.41156
1581013723016,992.41156
1581013723057,992.41156
1581013723093,992.41156
1581013723131,992.3496
1581013723170,992.3695
1581013723209,992.3695
1581013723249,992.3695
1581013723285,992.3695
1581013723325,992.3426
1581013723362,992.3426
1581013723400,992.3426
1581013723438,992.3426
1581013723479,992.40375
1581013723515,992.40375
1581013723556,992.40375
1581013723593,992.40375
1581013723634,992.42676
1581013723670,992.42676
1581013723710,992.42676
1581013723747,992.42676
1581013723786,992.3462
1581013723825,992.3462
1581013723866,992.3462
1581013723900,992.3462
1581013723939,992.3451
1581013723977,992.3451
1581013724021,992.3451
1581013724054,992.3451
1581013724093,992.376
1581013724132,992.376
1581013724170,992.376
1581013724208,992.376
1581013724248,992.4407
1581013724288,992.4407
1581013724327,992.4407
1581013724362,992.4407
1581013724400,992.296
1581013724442,992.296
1581013724479,992.296
1581013724516,992.296
1581013724554,992.33795
1581013724594,992.33795
1581013724632,992.33795
1581013724670,992.33795
1581013724707,992.374
1581013724747,992.374
1581013724784,992.374
1581013724823,992.374
1581013724862,992.35846
1581013724900,992.35846
1581013724946,992.35846
1581013724977,992.35846
1581013725017,992.32056
1581013725054,992.32056
1581013725092,992.32056
1581013725132,992.32056
1581013725170,992.3443
1581013725208,992.3443
1581013725247,992.3443
1581013725284,992.3443
1581013725322,992.4165
1581013725362,992.4165
1581013725401,992.4165
1581013725438,992.4165
1581013725477,992.34216
1581013725515,992.34216
1581013725556,992.34216
1581013725593,992.34216
1581013725630,992.3053
1581013725668,992.3053
1581013725707,992.3053
1581013725747,992.3053
1581013725786,992.3717
1581013725823,992.3717
1581013725863,992.3717
1581013725899,992.3717
1581013725939,992.3895
1581013725980,992.3895
1581013726014,992.3895
1581013726053,992.3895
1581013726092,992.3355
1581013726133,992.3355
1581013726170,992.3355
1581013726207,992.3355
1581013726246,992.3413
1581013726284,992.3413
1581013726322,992.3413
1581013726362,992.3413
1581013726400,992.3413
1581013726438,992.3809
1581013726477,992.3809
1581013726515,992.3809
1581013726554,992.3809
1581013726592,992.4315
1581013726630,992.4315
1581013726669,992.4315
1581013726708,992.4315
1581013726746,992.29724
1581013726784,992.29724
1581013726824,992.29724
1581013726861,992.29724
1581013726900,992.31274
1581013726939,992.31274
1581013726976,992.31274
1581013727015,992.31274
1581013727053,992.3575
1581013727093,992.3575
1581013727130,992.3575
1581013727170,992.3575
1581013727208,992.3699
1581013727245,992.3699
1581013727286,992.3699
1581013727338,992.3699
1581013727360,992.301
1581013727402,992.301
1581013727437,992.301
1581013727477,992.301
1581013727515,992.3138
1581013727555,992.3138
1581013727591,992.3138
1581013727629,992.3138
1581013727668,992.3654
1581013727711,992.3654
1581013727745,992.3654
1581013727784,992.3654
1581013727823,992.4009
1581013727862,992.4009
1581013727899,992.4009
1581013727938,992.4009
1581013727977,992.3165
1581013728015,992.3165
1581013728053,992.3165
1581013728092,992.3165
1581013728133,992.37646
1581013728170,992.37646
1581013728207,992.37646
1581013728245,992.37646
1581013728285,992.405
1581013728323,992.405
1581013728363,992.405
1581013728400,992.405
1581013728439,992.37134
1581013728476,992.37134
1581013728514,992.37134
1581013728553,992.37134
1581013728592,992.34485
1581013728630,992.34485
1581013728669,992.34485
1581013728710,992.34485
1581013728746,992.38513
1581013728784,992.38513
1581013728822,992.38513
1581013728862,992.38513
1581013728900,992.4389
1581013728937,992.4389
1581013728976,992.4389
1581013729014,992.4389
1581013729052,992.37317
1581013729092,992.37317
1581013729130,992.37317
1581013729169,992.37317
1581013729207,992.3267
1581013729245,992.3267
1581013729284,992.3267
1581013729323,992.3267
1581013729361,992.3949
1581013729399,992.3949
1581013729439,992.3949
1581013729478,992.3949
1581013729519,992.3949
1581013729553,992.41907
1581013729594,992.41907
1581013729631,992.41907
1581013729673,992.41907
1581013729711,992.3406
1581013729746,992.3406
1581013729783,992.3406
1581013729822,992.3406
1581013729861,992.3372
1581013729901,992.3372
1581013729940,992.3372
1581013729977,992.3372
1581013730015,992.3786
1581013730058,992.3786
1581013730090,992.3786
1581013730130,992.3786
1581013730168,992.4268
1581013730208,992.4268
1581013730246,992.4268
1581013730285,992.4268
1581013730322,992.3029
1581013730360,992.3029
1581013730399,992.3029
1581013730437,992.3029
1581013730477,992.31396
1581013730514,992.31396
1581013730553,992.31396
1581013730590,992.31396
1581013730630,992.37146
1581013730668,992.37146
1581013730709,992.37146
1581013730751,992.37146
1581013730784,992.39325
1581013730822,992.39325
1581013730863,992.39325
1581013730899,992.39325
1581013730942,992.31305
1581013730978,992.31305
1581013731016,992.31305
1581013731053,992.31305
1581013731091,992.32104
1581013731129,992.32104
1581013731169,992.32104
1581013731208,992.32104
1581013731246,992.36584
1581013731284,992.36584
1581013731323,992.36584
1581013731368,992.36584
1581013731400,992.41583
1581013731443,992.41583
1581013731479,992.41583
1581013731513,992.41583
1581013731552,992.28644
1581013731593,992.28644
1581013731633,992.28644
1581013731669,992.28644
1581013731706,992.3192
1581013731744,992.3192
1581013731785,992.3192
1581013731823,992.3192
1581013731861,992.35706
1581013731898,992.35706
1581013731938,992.35706
1581013731976,992.35706
1581013732016,992.3692
1581013732053,992.3692
1581013732094,992.3692
1581013732130,992.3692
1581013732169,992.3021
1581013732210,992.3021
1581013732247,992.3021
1581013732284,992.3021
1581013732322,992.3211
1581013732363,992.3211
1581013732399,992.3211
1581013732440,992.3211
1581013732477,992.369
1581013732514,992.369
1581013732553,992.369
1581013732592,992.369
1581013732630,992.4138
1581013732668,992.4138
1581013732709,992.4138
1581013732744,992.4138
1581013732784,992.4138
1581013732822,992.30994
1581013732863,992.30994
1581013732899,992.30994
1581013732937,992.30994
1581013732978,992.3151
1581013733013,992.3151
1581013733052,992.3151
1581013733092,992.3151
1581013733130,992.3602
1581013733169,992.3602
1581013733206,992.3602
1581013733245,992.3602
1581013733282,992.37445
1581013733322,992.37445
1581013733360,992.37445
1581013733399,992.37445
1581013733437,992.3091
1581013733474,992.3091
1581013733514,992.3091
1581013733555,992.3091
1581013733593,992.33215
1581013733631,992.33215
1581013733670,992.33215
1581013733708,992.33215
1581013733744,992.36835
1581013733786,992.36835
1581013733824,992.36835
1581013733861,992.36835
1581013733898,992.39215
1581013733936,992.39215
1581013733976,992.39215
1581013734014,992.39215
1581013734053,992.40076
1581013734092,992.40076
1581013734131,992.40076
1581013734170,992.40076
1581013734214,992.32336
1581013734247,992.32336
1581013734286,992.32336
1581013734321,992.32336
1581013734367,992.36475
1581013734398,992.36475
1581013734437,992.36475
1581013734476,992.36475
1581013734514,992.38025
1581013734552,992.38025
1581013734593,992.38025
1581013734630,992.38025
1581013734669,992.382
1581013734708,992.382
1581013734746,992.382
1581013734782,992.382
1581013734823,992.31494
1581013734875,992.31494
1581013734897,992.31494
1581013734936,992.31494
1581013734976,992.327
1581013735013,992.327
1581013735051,992.327
1581013735090,992.327
1581013735130,992.3512
1581013735167,992.3512
1581013735206,992.3512
1581013735245,992.3512
1581013735284,992.41144
1581013735324,992.41144
1581013735366,992.41144
1581013735397,992.41144
1581013735438,992.2979
1581013735476,992.2979
1581013735513,992.2979
1581013735552,992.2979
1581013735590,992.31104
1581013735629,992.31104
1581013735679,992.31104
1581013735706,992.31104
1581013735743,992.35095
1581013735782,992.35095
1581013735821,992.35095
1581013735864,992.35095
1581013735897,992.35095
1581013735937,992.37683
1581013735976,992.37683
1581013736013,992.37683
1581013736052,992.37683
1581013736090,992.30566
1581013736133,992.30566
1581013736168,992.30566
1581013736205,992.30566
1581013736244,992.31433
1581013736283,992.31433
1581013736321,992.31433
1581013736360,992.31433
1581013736397,992.3546
1581013736438,992.3546
1581013736477,992.3546
1581013736514,992.3546
1581013736553,992.42175
1581013736592,992.42175
1581013736629,992.42175
1581013736669,992.42175
1581013736727,992.32544
1581013736743,992.32544
1581013736782,992.32544
1581013736829,992.32544
1581013736860,992.3152
1581013736898,992.3152
1581013736938,992.3152
1581013736976,992.3152
1581013737014,992.36786
1581013737054,992.36786
1581013737091,992.36786
1581013737129,992.36786
1581013737167,992.3916
1581013737207,992.3916
1581013737246,992.3916
1581013737283,992.3916
1581013737322,992.32117
1581013737359,992.32117
1581013737399,992.32117
1581013737444,992.32117
1581013737478,992.3205
1581013737513,992.3205
1581013737553,992.3205
1581013737590,992.3205
1581013737628,992.3498
1581013737668,992.3498
1581013737716,992.3498
1581013737743,992.3498
1581013737783,992.39935
1581013737829,992.39935
1581013737862,992.39935
1581013737898,992.39935
1581013737940,992.2652
1581013737976,992.2652
1581013738014,992.2652
1581013738053,992.2652
1581013738090,992.2756
1581013738128,992.2756
1581013738170,992.2756
1581013738209,992.2756
1581013738243,992.3324
1581013738284,992.3324
1581013738320,992.3324
1581013738359,992.3324
1581013738400,992.3462
1581013738437,992.3462
1581013738476,992.3462
1581013738513,992.3462
1581013738551,992.2781
1581013738591,992.2781
1581013738628,992.2781
1581013738666,992.2781
1581013738705,992.29016
1581013738744,992.29016
1581013738783,992.29016
1581013738820,992.29016
1581013738859,992.3315
1581013738896,992.3315
1581013738935,992.3315
1581013738974,992.3315
1581013739012,992.3315
1581013739052,992.3745
1581013739088,992.3745
1581013739128,992.3745
1581013739166,992.3745
1581013739205,992.3113
1581013739243,992.3113
1581013739281,992.3113
1581013739320,992.3113
1581013739358,992.3649
1581013739396,992.3649
1581013739436,992.3649
1581013739475,992.3649
1581013739512,992.3842
1581013739553,992.3842
1581013739589,992.3842
1581013739628,992.3842
1581013739667,992.3172
1581013739705,992.3172
1581013739743,992.3172
1581013739782,992.3172
1581013739822,992.3086
1581013739860,992.3086
1581013739896,992.3086
1581013739935,992.3086
1581013739980,992.34375
1581013740014,992.34375
1581013740050,992.34375
1581013740088,992.34375
1581013740126,992.4184
1581013740167,992.4184
1581013740206,992.4184
1581013740242,992.4184
1581013740283,992.3345
1581013740320,992.3345
1581013740358,992.3345
1581013740396,992.3345
1581013740437,992.3146
1581013740474,992.3146
1581013740513,992.3146
1581013740552,992.3146
1581013740591,992.3679
1581013740629,992.3679
1581013740669,992.3679
1581013740706,992.3679
1581013740746,992.3961
1581013740783,992.3961
1581013740821,992.3961
1581013740863,992.3961
1581013740897,992.3016
1581013740936,992.3016
1581013740977,992.3016
1581013741012,992.3016
1581013741050,992.30743
1581013741091,992.30743
1581013741128,992.30743
1581013741169,992.30743
1581013741210,992.34735
1581013741244,992.34735
1581013741281,992.34735
1581013741320,992.34735
1581013741364,992.39966
1581013741397,992.39966
1581013741436,992.39966
1581013741473,992.39966
1581013741513,992.27246
1581013741550,992.27246
1581013741590,992.27246
1581013741628,992.27246
1581013741667,992.28894
1581013741704,992.28894
1581013741747,992.28894
1581013741781,992.28894
1581013741821,992.34814
1581013741862,992.34814
1581013741898,992.34814
1581013741935,992.34814
1581013741976,992.3454
1581013742011,992.3454
1581013742050,992.3454
1581013742089,992.3454
1581013742128,992.3454
1581013742166,992.2842
1581013742204,992.2842
1581013742242,992.2842
1581013742283,992.2842
1581013742320,992.28796
1581013742360,992.28796
1581013742399,992.28796
1581013742435,992.28796
1581013742474,992.3506
1581013742514,992.3506
1581013742550,992.3506
1581013742589,992.3506
1581013742629,992.3668
1581013742668,992.3668
1581013742703,992.3668
1581013742744,992.3668
1581013742782,992.29803
1581013742820,992.29803
1581013742859,992.29803
1581013742899,992.29803
1581013742937,992.35516
1581013742976,992.35516
1581013743013,992.35516
1581013743052,992.35516
1581013743099,992.3789
1581013743126,992.3789
1581013743166,992.3789
1581013743206,992.3789
1581013743242,992.3229
1581013743282,992.3229
1581013743319,992.3229
1581013743358,992.3229
1581013743407,992.32385
1581013743435,992.32385
1581013743474,992.32385
1581013743512,992.32385
1581013743551,992.35803
1581013743590,992.35803
1581013743629,992.35803
1581013743666,992.35803
1581013743704,992.4154
1581013743741,992.4154
1581013743781,992.4154
1581013743820,992.4154
1581013743860,992.30237
1581013743897,992.30237
1581013743935,992.30237
1581013743974,992.30237
1581013744012,992.2882
1581013744050,992.2882
1581013744091,992.2882
1581013744133,992.2882
1581013744166,992.35394
1581013744204,992.35394
1581013744243,992.35394
1581013744281,992.35394
1581013744319,992.388
1581013744358,992.388
1581013744395,992.388
1581013744437,992.388
1581013744473,992.30414
1581013744512,992.30414
1581013744551,992.30414
1581013744589,992.30414
1581013744628,992.3124
1581013744666,992.3124
1581013744704,992.3124
1581013744742,992.3124
1581013744781,992.3547
1581013744822,992.3547
1581013744860,992.3547
1581013744899,992.3547
1581013744934,992.39667
1581013744973,992.39667
1581013745011,992.39667
1581013745049,992.39667
1581013745095,992.2653
1581013745127,992.2653
1581013745169,992.2653
1581013745205,992.2653
1581013745247,992.3135
1581013745280,992.30963
1581013745321,992.30963
1581013745357,992.30963
1581013745397,992.30963
1581013745434,992.3461
1581013745473,992.3461
1581013745520,992.3461
1581013745551,992.3461
1581013745589,992.3623
1581013745626,992.3623
1581013745667,992.3623
1581013745704,992.3623
1581013745742,992.2894
1581013745781,992.2894
1581013745818,992.2894
1581013745857,992.2894
1581013745902,992.30457
1581013745933,992.30457
1581013745974,992.30457
1581013746011,992.30457
1581013746049,992.3496
1581013746090,992.3496
1581013746127,992.3496
1581013746165,992.3496
1581013746204,992.3871
1581013746247,992.3871
1581013746282,992.3871
1581013746318,992.3871
1581013746359,992.2977
1581013746406,992.2977
1581013746433,992.2977
1581013746472,992.2977
1581013746514,992.34863
1581013746549,992.34863
1581013746589,992.34863
1581013746627,992.34863
1581013746666,992.37683
1581013746703,992.37683
1581013746742,992.37683
1581013746781,992.37683
1581013746823,992.3555
1581013746860,992.3555
1581013746897,992.3555
1581013746940,992.3555
1581013746974,992.3208
1581013747012,992.3208
1581013747049,992.3208
1581013747089,992.3208
1581013747126,992.34766
1581013747166,992.34766
1581013747203,992.34766
1581013747241,992.34766
1581013747279,992.3982
1581013747320,992.3982
1581013747360,992.3982
1581013747397,992.3982
1581013747433,992.3528
1581013747473,992.3528
1581013747513,992.3528
1581013747548,992.3528
1581013747588,992.29675
1581013747628,992.29675
1581013747668,992.29675
1581013747706,992.29675
1581013747742,992.36487
1581013747781,992.36487
1581013747818,992.36487
1581013747857,992.36487
1581013747895,992.39514
1581013747932,992.39514
1581013747970,992.39514
1581013748010,992.39514
1581013748048,992.32947
1581013748087,992.32947
1581013748126,992.32947
1581013748164,992.32947
1581013748202,992.3357
1581013748241,992.3357
1581013748279,992.3357
1581013748319,992.3357
1581013748357,992.3728
1581013748395,992.3728
1581013748432,992.3728
1581013748472,992.3728
1581013748512,992.3728
1581013748550,992.4148
1581013748588,992.4148
1581013748626,992.4148
1581013748664,992.4148
1581013748707,992.35913
1581013748740,992.35913
1581013748781,992.35913
1581013748819,992.35913
1581013748856,992.31165
1581013748918,992.31165
1581013748942,992.31165
1581013748972,992.31165
1581013749009,992.37286
1581013749049,992.37286
1581013749089,992.37286
1581013749127,992.37286
1581013749164,992.39246
1581013749210,992.39246
1581013749246,992.39246
1581013749278,992.39246
1581013749319,992.30725
1581013749358,992.30725
1581013749396,992.30725
1581013749432,992.30725
1581013749472,992.30444
1581013749512,992.30444
1581013749548,992.30444
1581013749587,992.30444
1581013749625,992.34094
1581013749664,992.34094
1581013749703,992.34094
1581013749741,992.34094
1581013749780,992.3905
1581013749818,992.3905
1581013749857,992.3905
1581013749898,992.3905
1581013749932,992.33307
1581013749972,992.33307
1581013750009,992.33307
1581013750049,992.33307
1581013750088,992.31177
1581013750127,992.31177
1581013750165,992.31177
1581013750201,992.31177
1581013750241,992.37366
1581013750279,992.37366
1581013750318,992.37366
1581013750357,992.37366
1581013750396,992.40356
1581013750437,992.40356
1581013750472,992.40356
1581013750510,992.40356
1581013750548,992.31696
1581013750601,992.31696
1581013750624,992.31696
1581013750663,992.31696
1581013750701,992.3183
1581013750743,992.3183
1581013750779,992.3183
1581013750817,992.3183
1581013750854,992.3496
1581013750895,992.3496
1581013750932,992.3496
1581013750971,992.3496
1581013751008,992.3957
1581013751048,992.3957
1581013751086,992.3957
1581013751127,992.3957
1581013751163,992.3689
1581013751202,992.3689
1581013751239,992.3689
1581013751278,992.3689
1581013751317,992.32074
1581013751356,992.32074
1581013751394,992.32074
1581013751432,992.32074
1581013751471,992.38715
1581013751509,992.38715
1581013751548,992.38715
1581013751586,992.38715
1581013751624,992.38715
1581013751662,992.41223
1581013751701,992.41223
1581013751740,992.41223
1581013751780,992.41223
1581013751821,992.38544
1581013751856,992.38544
1581013751894,992.38544
1581013751932,992.38544
1581013751978,992.3435
1581013752010,992.3435
1581013752047,992.3435
1581013752089,992.3435
1581013752124,992.36414
1581013752164,992.36414
1581013752204,992.36414
1581013752241,992.36414
1581013752279,992.4119
1581013752318,992.4119
1581013752356,992.4119
1581013752395,992.4119
1581013752432,992.40436
1581013752470,992.40436
1581013752509,992.40436
1581013752549,992.40436
1581013752598,992.3487
1581013752625,992.3487
1581013752665,992.3487
1581013752701,992.3487
1581013752740,992.3896
1581013752778,992.3896
1581013752817,992.3896
1581013752856,992.3896
1581013752896,992.4027
1581013752938,992.4027
1581013752971,992.4027
1581013753010,992.4027
1581013753050,992.3762
1581013753087,992.3762
1581013753125,992.3762
1581013753167,992.3762
1581013753205,992.3219
1581013753239,992.3219
1581013753278,992.3219
1581013753320,992.3219
1581013753357,992.33496
1581013753397,992.33496
1581013753431,992.33496
1581013753472,992.33496
1581013753512,992.36145
1581013753548,992.36145
1581013753587,992.36145
1581013753626,992.36145
1581013753665,992.3852
1581013753701,992.3852
1581013753741,992.3852
1581013753783,992.3852
1581013753820,992.291
1581013753855,992.291
1581013753893,992.291
1581013753931,992.291
1581013753972,992.3268
1581013754008,992.3268
1581013754048,992.3268
1581013754087,992.3268
1581013754123,992.35706
1581013754163,992.35706
1581013754202,992.35706
1581013754240,992.35706
1581013754281,992.38043
1581013754317,992.38043
1581013754358,992.38043
1581013754393,992.38043
1581013754431,992.3038
1581013754472,992.3038
1581013754509,992.3038
1581013754549,992.3038
1581013754585,992.3014
1581013754624,992.3014
1581013754663,992.3014
1581013754701,992.3014
1581013754740,992.3014
1581013754782,992.3262
1581013754816,992.3262
1581013754854,992.3262
1581013754894,992.3262
1581013754931,992.3736
1581013754970,992.3736
1581013755008,992.3736
1581013755047,992.3736
1581013755086,992.27014
1581013755124,992.27014
1581013755162,992.27014
1581013755201,992.27014
1581013755239,992.2883
1581013755277,992.2883
1581013755317,992.2883
1581013755354,992.2883
1581013755392,992.3169
1581013755430,992.3169
1581013755470,992.3169
1581013755508,992.3169
1581013755547,992.3434
1581013755587,992.3434
1581013755624,992.3434
1581013755662,992.3434
1581013755701,992.3272
1581013755740,992.3272
1581013755779,992.3272
1581013755817,992.3272
1581013755855,992.3389
1581013755892,992.3389
1581013755933,992.3389
1581013755974,992.3389
1581013756010,992.3623
1581013756047,992.3623
1581013756086,992.3623
1581013756131,992.3623
1581013756161,992.4152
1581013756200,992.4152
1581013756240,992.4152
1581013756280,992.4152
1581013756316,992.34924
1581013756355,992.34924
1581013756395,992.34924
1581013756436,992.34924
1581013756471,992.3417
1581013756520,992.3417
1581013756548,992.3417
1581013756585,992.3417
1581013756625,992.3517
1581013756665,992.3517
1581013756704,992.3517
1581013756742,992.3517
1581013756779,992.374
1581013756817,992.374
1581013756857,992.374
1581013756895,992.374
1581013756931,992.38196
1581013756971,992.38196
1581013757010,992.38196
1581013757047,992.38196
1581013757088,992.3252
1581013757124,992.3252
1581013757164,992.3252
1581013757201,992.3252
1581013757238,992.3245
1581013757278,992.3245
1581013757320,992.3245
1581013757355,992.3245
1581013757392,992.33966
1581013757435,992.33966
1581013757469,992.33966
1581013757512,992.33966
1581013757548,992.36993
1581013757602,992.36993
1581013757626,992.36993
1581013757661,992.36993
1581013757701,992.3974
1581013757739,992.3974
1581013757778,992.3974
1581013757816,992.3974
1581013757854,992.3974
1581013757893,992.2833
1581013757932,992.2833
1581013757968,992.2833
1581013758008,992.2833
1581013758050,992.3002
1581013758087,992.3002
1581013758126,992.3002
1581013758161,992.3002
1581013758202,992.35376
1581013758240,992.35376
1581013758279,992.35376
1581013758317,992.35376
1581013758358,992.3813
1581013758393,992.3813
1581013758433,992.3813
1581013758469,992.3813
1581013758509,992.29535
1581013758549,992.29535
1581013758586,992.29535
1581013758626,992.29535
1581013758662,992.29156
1581013758701,992.29156
1581013758739,992.29156
1581013758778,992.29156
1581013758815,992.31836
1581013758855,992.31836
1581013758895,992.31836
1581013758931,992.31836
1581013758968,992.36475
1581013759017,992.36475
1581013759048,992.36475
1581013759084,992.36475
1581013759122,992.2926
1581013759164,992.2926
1581013759202,992.2926
1581013759242,992.2926
1581013759280,992.2764
1581013759320,992.2764
1581013759354,992.2764
1581013759392,992.2764
1581013759449,992.3297
1581013759469,992.3297
1581013759508,992.3297
1581013759546,992.3297
1581013759592,992.3569
1581013759622,992.3569
1581013759660,992.3569
1581013759701,992.3569
1581013759738,992.3665
1581013759777,992.3665
1581013759817,992.3665
1581013759854,992.3665
1581013759892,992.3098
1581013759934,992.3098
1581013759969,992.3098
1581013760012,992.3098
1581013760045,992.31085
1581013760085,992.31085
1581013760123,992.31085
1581013760160,992.31085
1581013760201,992.3332
1581013760238,992.3332
1581013760280,992.3332
1581013760315,992.3332
1581013760353,992.393
1581013760392,992.393
1581013760431,992.393
1581013760468,992.393
1581013760509,992.2641
1581013760544,992.2641
1581013760583,992.2641
1581013760622,992.2641
1581013760662,992.2926
1581013760699,992.2926
1581013760738,992.2926
1581013760777,992.2926
1581013760815,992.3507
1581013760853,992.3507
1581013760892,992.3507
1581013760929,992.3507
1581013760968,992.3507
1581013761008,992.3844
1581013761045,992.3844
1581013761084,992.3844
1581013761123,992.3844
1581013761160,992.30365
1581013761200,992.30365
1581013761240,992.30365
1581013761276,992.30365
1581013761314,992.3277
1581013761352,992.3277
1581013761393,992.3277
1581013761432,992.3277
1581013761469,992.3717
1581013761507,992.3717
1581013761546,992.3717
1581013761586,992.3717
1581013761622,992.43494
1581013761663,992.43494
1581013761699,992.43494
1581013761739,992.43494
1581013761776,992.3095
1581013761814,992.3095
1581013761854,992.3095
1581013761890,992.3095
1581013761930,992.3432
1581013761968,992.3432
1581013762006,992.3432
1581013762045,992.3432
1581013762083,992.3982
1581013762123,992.3982
1581013762165,992.3982
1581013762199,992.3982
1581013762237,992.42334
1581013762276,992.42334
1581013762314,992.42334
1581013762352,992.42334
1581013762391,992.36316
1581013762430,992.36316
1581013762468,992.36316
1581013762507,992.36316
1581013762544,992.3683
1581013762584,992.3683
1581013762624,992.3683
1581013762661,992.3683
1581013762698,992.4075
1581013762738,992.4075
1581013762776,992.4075
1581013762814,992.4075
1581013762856,992.4556
1581013762891,992.4556
1581013762932,992.4556
1581013762967,992.4556
1581013763009,992.3198
1581013763045,992.3198
1581013763087,992.3198
1581013763122,992.3198
1581013763161,992.35626
1581013763202,992.35626
1581013763241,992.35626
1581013763275,992.35626
1581013763315,992.41125
1581013763354,992.41125
1581013763391,992.41125
1581013763430,992.41125
1581013763468,992.4336
1581013763509,992.4336
1581013763547,992.4336
1581013763585,992.4336
1581013763624,992.34937
1581013763661,992.34937
1581013763699,992.34937
1581013763737,992.34937
1581013763777,992.35455
1581013763819,992.35455
1581013763854,992.35455
1581013763891,992.35455
1581013763934,992.39923
1581013763968,992.39923
1581013764007,992.39923
1581013764047,992.39923
1581013764091,992.39923
1581013764122,992.4474
1581013764160,992.4474
1581013764198,992.4474
1581013764239,992.4474
1581013764276,992.3415
1581013764314,992.3415
1581013764354,992.3415
1581013764392,992.3415
1581013764431,992.3896
1581013764468,992.3896
1581013764506,992.3896
1581013764545,992.3896
1581013764582,992.43085
1581013764624,992.43085
1581013764661,992.43085
1581013764700,992.43085
1581013764740,992.3948
1581013764778,992.3948
1581013764816,992.3948
1581013764853,992.3948
1581013764893,992.35693
1581013764929,992.35693
1581013764968,992.35693
1581013765006,992.35693
1581013765044,992.39307
1581013765083,992.39307
1581013765123,992.39307
1581013765166,992.39307
1581013765198,992.45215
1581013765238,992.45215
1581013765275,992.45215
1581013765313,992.45215
1581013765352,992.4109
1581013765389,992.4109
1581013765432,992.4109
1581013765467,992.4109
1581013765505,992.3594
1581013765548,992.3594
1581013765585,992.3594
1581013765622,992.3594
1581013765660,992.4143
1581013765699,992.4143
1581013765736,992.4143
1581013765777,992.4143
1581013765813,992.4491
1581013765851,992.4491
1581013765891,992.4491
1581013765930,992.4491
1581013765968,992.3734
1581013766006,992.3734
1581013766046,992.3734
1581013766082,992.3734
1581013766121,992.37244
1581013766159,992.37244
1581013766206,992.37244
1581013766236,992.37244
1581013766274,992.40674
1581013766314,992.40674
1581013766353,992.40674
1581013766390,992.40674
1581013766428,992.4669
1581013766467,992.4669
1581013766506,992.4669
1581013766544,992.4669
1581013766582,992.32947
1581013766621,992.32947
1581013766659,992.32947
1581013766698,992.32947
1581013766737,992.33215
1581013766774,992.33215
1581013766814,992.33215
1581013766853,992.33215
1581013766890,992.37585
1581013766928,992.37585
1581013766967,992.37585
1581013767006,992.37585
1581013767044,992.3879
1581013767081,992.3879
1581013767123,992.3879
1581013767159,992.3879
1581013767199,992.3879
1581013767240,992.31396
1581013767275,992.31396
1581013767313,992.31396
1581013767352,992.31396
1581013767391,992.30536
1581013767430,992.30536
1581013767468,992.30536
1581013767506,992.30536
1581013767544,992.3535
1581013767583,992.3535
1581013767621,992.3535
1581013767659,992.3535
1581013767697,992.3954
1581013767738,992.3954
1581013767774,992.3954
1581013767812,992.3954
1581013767851,992.31635
1581013767890,992.31635
1581013767930,992.31635
1581013767967,992.31635
1581013768006,992.37305
1581013768044,992.37305
1581013768083,992.37305
1581013768122,992.37305
1581013768163,992.3965
1581013768197,992.3965
1581013768237,992.3965
1581013768275,992.3965
1581013768314,992.349
1581013768351,992.349
1581013768389,992.349
1581013768429,992.349
1581013768468,992.349
1581013768512,992.349
1581013768545,992.349
1581013768582,992.349
1581013768620,992.37994
1581013768659,992.37994
1581013768697,992.37994
1581013768736,992.37994
1581013768777,992.42633
1581013768816,992.42633
1581013768854,992.42633
1581013768890,992.42633
1581013768928,992.3129
1581013768966,992.3129
1581013769004,992.3129
1581013769044,992.3129
1581013769084,992.2957
1581013769121,992.2957
1581013769159,992.2957
1581013769199,992.2957
1581013769236,992.3552
1581013769275,992.3552
1581013769315,992.3552
1581013769352,992.3552
1581013769389,992.3844
1581013769431,992.3844
1581013769472,992.3844
1581013769506,992.3844
1581013769543,992.2847
1581013769597,992.2847
1581013769761,992.2847
1581013769761,992.2847
1581013769761,992.2957
1581013769761,992.2957
1581013769901,992.2957
1581013769901,992.2957
1581013769902,992.32947
1581013769902,992.32947
1581013769948,992.32947
1581013770021,992.32947
1581013770021,992.3889
1581013770047,992.3889
1581013770081,992.3889
1581013770119,992.3889
1581013770158,992.2394
1581013770196,992.2394
1581013770238,992.2394
1581013770273,992.2394
1581013770312,992.2394
1581013770351,992.27344
1581013770390,992.27344
1581013770428,992.27344
1581013770469,992.27344
1581013770505,992.3198
1581013770543,992.3198
1581013770583,992.3198
1581013770620,992.3198
1581013770662,992.3329
1581013770703,992.3329
1581013770739,992.3329
1581013770773,992.3329
1581013770812,992.2703
1581013770851,992.2703
1581013770891,992.2703
1581013770928,992.2703
1581013770969,992.28754
1581013771006,992.28754
1581013771044,992.28754
1581013771081,992.28754
1581013771119,992.34216
1581013771160,992.34216
1581013771197,992.34216
1581013771234,992.34216
1581013771276,992.37244
1581013771313,992.37244
1581013771351,992.37244
1581013771391,992.37244
1581013771427,992.30304
1581013771465,992.30304
1581013771504,992.30304
1581013771543,992.30304
1581013771582,992.36835
1581013771622,992.36835
1581013771659,992.36835
1581013771696,992.36835
1581013771739,992.4061
1581013771774,992.4061
1581013771811,992.4061
1581013771852,992.4061
1581013771904,992.3886
1581013771934,992.3886
1581013771966,992.3886
1581013772027,992.3886
1581013772059,992.35425
1581013772081,992.35425
1581013772219,992.35425
1581013772219,992.35425
1581013772219,992.38965
1581013772268,992.38965
1581013772272,992.38965
1581013772312,992.38965
1581013772350,992.44806
1581013772388,992.44806
1581013772427,992.44806
1581013772464,992.44806
1581013772505,992.4646
1581013772541,992.4646
1581013772580,992.4646
1581013772618,992.4646
1581013772657,992.40234
1581013772696,992.40234
1581013772736,992.40234
1581013772774,992.40234
1581013772811,992.46356
1581013772851,992.46356
1581013772892,992.46356
1581013772927,992.46356
1581013772965,992.499
1581013773004,992.499
1581013773042,992.499
1581013773081,992.499
1581013773120,992.468
1581013773158,992.468
1581013773197,992.468
1581013773236,992.468
1581013773279,992.43677
1581013773310,992.43677
1581013773350,992.43677
1581013773389,992.43677
1581013773429,992.43677
1581013773469,992.4739
1581013773503,992.4739
1581013773543,992.4739
1581013773582,992.4739
1581013773621,992.50964
1581013773657,992.50964
1581013773696,992.50964
1581013773737,992.50964
1581013773775,992.4763
1581013773811,992.4763
1581013773855,992.4763
1581013773890,992.4763
1581013773927,992.4254
1581013773965,992.4254
1581013774003,992.4254
1581013774043,992.4254
1581013774081,992.478
1581013774122,992.478
1581013774158,992.478
1581013774198,992.478
1581013774235,992.5117
1581013774273,992.5117
1581013774311,992.5117
1581013774350,992.5117
1581013774388,992.45746
1581013774426,992.45746
1581013774471,992.45746
1581013774503,992.45746
1581013774544,992.43616
1581013774581,992.43616
1581013774619,992.43616
1581013774658,992.43616
1581013774696,992.48047
1581013774734,992.48047
1581013774777,992.48047
1581013774811,992.48047
1581013774851,992.52106
1581013774888,992.52106
1581013774926,992.52106
1581013774965,992.52106
1581013775003,992.4987
1581013775042,992.4987
1581013775080,992.4987
1581013775119,992.4987
1581013775160,992.4282
1581013775196,992.4282
1581013775241,992.4282
1581013775271,992.4282
1581013775310,992.4791
1581013775350,992.4791
1581013775390,992.4791
1581013775427,992.4791
1581013775465,992.5011
1581013775504,992.5011
1581013775545,992.5011
1581013775581,992.5011
1581013775620,992.44543
1581013775656,992.44543
1581013775697,992.44543
1581013775734,992.44543
1581013775778,992.3898
1581013775812,992.3898
1581013775849,992.3898
1581013775888,992.3898
1581013775927,992.3946
1581013775964,992.3946
1581013776003,992.3946
1581013776042,992.3946
1581013776079,992.4238
1581013776118,992.4238
1581013776158,992.4238
1581013776197,992.4238
1581013776233,992.4317
1581013776272,992.4317
1581013776310,992.4317
1581013776350,992.4317
1581013776387,992.32
1581013776427,992.32
1581013776463,992.32
1581013776502,992.32
1581013776543,992.3592
1581013776580,992.3592
1581013776619,992.3592
1581013776658,992.3592
1581013776713,992.3592
1581013776736,992.37915
1581013776780,992.37915
1581013776810,992.37915
1581013776849,992.37915
1581013776889,992.3929
1581013776927,992.3929
1581013776966,992.3929
1581013777005,992.3929
1581013777043,992.3166
1581013777082,992.3166
1581013777120,992.3166
1581013777158,992.3166
1581013777196,992.3076
1581013777239,992.3076
1581013777295,992.3076
1581013777310,992.3076
1581013777348,992.33685
1581013777391,992.33685
1581013777430,992.33685
1581013777465,992.33685
1581013777507,992.38153
1581013777541,992.38153
1581013777579,992.38153
1581013777619,992.38153
1581013777657,992.2616
1581013777697,992.2616
1581013777738,992.2616
1581013777777,992.2616
1581013777811,992.263
1581013777851,992.263
1581013777888,992.263
1581013777928,992.263
1581013777965,992.32007
1581013778007,992.32007
1581013778044,992.32007
1581013778081,992.32007
1581013778118,992.3613
1581013778158,992.3613
1581013778194,992.3613
1581013778233,992.3613
1581013778271,992.2822
1581013778311,992.2822
1581013778349,992.2822
1581013778388,992.2822
1581013778425,992.29254
1581013778464,992.29254
1581013778504,992.29254
1581013778542,992.29254
1581013778580,992.3303
1581013778618,992.3303
1581013778658,992.3303
1581013778696,992.3303
1581013778738,992.36304
1581013778775,992.36304
1581013778810,992.36304
1581013778849,992.36304
1581013778887,992.2788
1581013778926,992.2788
1581013778965,992.2788
1581013779005,992.2788
1581013779045,992.2616
1581013779082,992.2616
1581013779118,992.2616
1581013779157,992.2616
1581013779198,992.3303
1581013779242,992.3303
1581013779273,992.3303
1581013779310,992.3303
1581013779349,992.34924
1581013779390,992.34924
1581013779426,992.34924
1581013779467,992.34924
1581013779502,992.2805
1581013779541,992.2805
1581013779581,992.2805
1581013779619,992.2805
1581013779657,992.2977
1581013779694,992.2977
1581013779734,992.2977
1581013779772,992.2977
1581013779816,992.2977
1581013779849,992.3235
1581013779887,992.3235
1581013779925,992.3235
1581013779965,992.3235
1581013780002,992.3489
1581013780041,992.3489
1581013780080,992.3489
1581013780120,992.3489
1581013780157,992.3008
1581013780197,992.3008
1581013780233,992.3008
1581013780277,992.3008
1581013780310,992.2685
1581013780348,992.2685
1581013780386,992.2685
1581013780426,992.2685
1581013780465,992.3218
1581013780504,992.3218
1581013780543,992.3218
1581013780580,992.3218
1581013780618,992.3407
1581013780659,992.3407
1581013780697,992.3407
1581013780733,992.3407
1581013780778,992.2874
1581013780810,992.2874
1581013780848,992.2874
1581013780887,992.2874
1581013780924,992.26746
1581013780963,992.26746
1581013781002,992.26746
1581013781040,992.26746
1581013781079,992.2864
1581013781117,992.2864
1581013781157,992.2864
1581013781195,992.2864
1581013781232,992.3338
1581013781272,992.3338
1581013781309,992.3338
1581013781348,992.3338
1581013781386,992.3389
1581013781425,992.3389
1581013781465,992.3389
1581013781502,992.3389
1581013781541,992.28394
1581013781582,992.28394
1581013781618,992.28394
1581013781655,992.28394
1581013781697,992.3303
1581013781747,992.3303
1581013781774,992.3303
1581013781809,992.3303
1581013781847,992.3458
1581013781885,992.3458
1581013781925,992.3458
1581013781962,992.3458
1581013782001,992.2949
1581013782039,992.2949
1581013782078,992.2949
1581013782116,992.2949
1581013782155,992.2709
1581013782193,992.2709
1581013782232,992.2709
1581013782269,992.2709
1581013782308,992.3035
1581013782347,992.3035
1581013782386,992.3035
1581013782425,992.3035
1581013782465,992.3654
1581013782501,992.3654
1581013782539,992.3654
1581013782580,992.3654
1581013782616,992.3111
1581013782655,992.3111
1581013782693,992.3111
1581013782733,992.3111
1581013782770,992.26746
1581013782827,992.26746
1581013782847,992.26746
1581013782886,992.26746
1581013782924,992.26746
1581013782965,992.32416
1581013783001,992.32416
1581013783040,992.32416
1581013783078,992.32416
1581013783119,992.3448
1581013783159,992.3448
1581013783193,992.3448
1581013783232,992.3448
1581013783270,992.2812
1581013783309,992.2812
1581013783348,992.2812
1581013783386,992.2812
1581013783425,992.2778
1581013783463,992.2778
1581013783502,992.2778
1581013783541,992.2778
1581013783579,992.31555
1581013783618,992.31555
1581013783656,992.31555
1581013783696,992.31555
1581013783733,992.3678
1581013783772,992.3678
1581013783814,992.3678
1581013783848,992.3678
1581013783888,992.2681
1581013783925,992.2681
1581013783963,992.2681
1581013784002,992.2681
1581013784043,992.2475
1581013784078,992.2475
1581013784118,992.2475
1581013784158,992.2475
1581013784195,992.3025
1581013784234,992.3025
1581013784297,992.3025
1581013784312,992.3025
1581013784347,992.3355
1581013784386,992.3355
1581013784431,992.3355
1581013784463,992.3355
1581013784501,992.2736
1581013784541,992.2736
1581013784580,992.2736
1581013784618,992.2736
1581013784655,992.2719
1581013784694,992.2719
1581013784738,992.2719
1581013784770,992.2719
1581013784811,992.3063
1581013784847,992.3063
1581013784889,992.3063
1581013784926,992.3063
1581013784964,992.3785
1581013785003,992.3785
1581013785044,992.3785
1581013785078,992.3785
1581013785131,992.2547
1581013785155,992.2547
1581013785193,992.2547
1581013785233,992.2547
1581013785271,992.2719
1581013785337,992.2719
1581013785349,992.2719
1581013785385,992.2719
1581013785424,992.3183
1581013785463,992.3183
1581013785503,992.3183
1581013785540,992.3183
1581013785578,992.34064
1581013785617,992.34064
1581013785656,992.34064
1581013785693,992.34064
1581013785732,992.253
1581013785771,992.253
1581013785812,992.253
1581013785849,992.253
1581013785890,992.2496
1581013785926,992.2496
1581013785963,992.2496
1581013786001,992.2496
1581013786041,992.2496
1581013786077,992.2915
1581013786118,992.2915
1581013786156,992.2915
1581013786198,992.2915
1581013786233,992.3413
1581013786273,992.3413
1581013786308,992.3413
1581013786347,992.3413
1581013786385,992.20215
1581013786424,992.20215
1581013786463,992.20215
1581013786500,992.20215
1581013786538,992.2406
1581013786578,992.2406
1581013786617,992.2406
1581013786656,992.2406
1581013786693,992.29944
1581013786733,992.29944
1581013786771,992.29944
1581013786813,992.29944
1581013786846,992.3132
1581013786885,992.3132
1581013786926,992.3132
1581013786968,992.3132
1581013787001,992.2427
1581013787040,992.2427
1581013787079,992.2427
1581013787117,992.2427
1581013787158,992.2527
1581013787194,992.2527
1581013787233,992.2527
1581013787270,992.2527
1581013787314,992.3076
1581013787347,992.3076
1581013787390,992.3076
1581013787424,992.3076
1581013787464,992.3076
1581013787502,992.3076
1581013787540,992.3076
1581013787579,992.3076
1581013787619,992.2509
1581013787660,992.2509
1581013787693,992.2509
1581013787733,992.2509
1581013787770,992.31555
1581013787810,992.31555
1581013787847,992.31555
1581013787890,992.31555
1581013787923,992.3482
1581013787962,992.3482
1581013788003,992.3482
1581013788039,992.3482
1581013788078,992.29254
1581013788117,992.29254
1581013788155,992.29254
1581013788193,992.29254
1581013788234,992.2771
1581013788271,992.2771
1581013788318,992.2771
1581013788346,992.2771
1581013788384,992.31146
1581013788422,992.31146
1581013788462,992.31146
1581013788500,992.31146
1581013788538,992.36646
1581013788577,992.36646
1581013788617,992.36646
1581013788653,992.36646
1581013788694,992.275
1581013788733,992.275
1581013788769,992.275
1581013788807,992.275
1581013788846,992.2383
1581013788886,992.2383
1581013788924,992.2383
1581013788961,992.2383
1581013789001,992.29944
1581013789039,992.29944
1581013789078,992.29944
1581013789116,992.29944
1581013789154,992.29944
1581013789192,992.3231
1581013789230,992.3231
1581013789271,992.3231
1581013789308,992.3231
1581013789345,992.2527
1581013789386,992.2527
1581013789422,992.2527
1581013789461,992.2527
1581013789502,992.2664
1581013789540,992.2664
1581013789577,992.2664
1581013789616,992.2664
1581013789654,992.3146
1581013789693,992.3146
1581013789730,992.3146
1581013789769,992.3146
1581013789810,992.3678
1581013789846,992.3678
1581013789884,992.3678
1581013789924,992.3678
1581013789962,992.2606
1581013790001,992.2606
1581013790040,992.2606
1581013790081,992.2606
1581013790117,992.23486
1581013790153,992.23486
1581013790191,992.23486
1581013790230,992.23486
1581013790269,992.3053
1581013790307,992.3053
1581013790360,992.3053
1581013790384,992.3053
1581013790422,992.3321
1581013790461,992.3321
1581013790502,992.3321
1581013790541,992.3321
1581013790577,992.24756
1581013790616,992.24756
1581013790656,992.24756
1581013790693,992.24756
1581013790730,992.2527
1581013790770,992.2527
1581013790810,992.2527
1581013790845,992.2527
1581013790884,992.296
1581013790927,992.296
1581013790963,992.296
1581013790999,992.296
1581013791039,992.35925
1581013791077,992.35925
1581013791116,992.35925
1581013791154,992.35925
1581013791192,992.2469
1581013791230,992.2469
1581013791268,992.2469
1581013791307,992.2469
1581013791346,992.217
1581013791385,992.217
1581013791422,992.217
1581013791462,992.217
1581013791500,992.2727
1581013791537,992.2727
1581013791576,992.2727
1581013791614,992.2727
1581013791653,992.3012
1581013791694,992.3012
1581013791729,992.3012
1581013791772,992.3012
1581013791807,992.2377
1581013791846,992.2377
1581013791884,992.2377
1581013791922,992.2377
1581013791961,992.24243
1581013792001,992.24243
1581013792038,992.24243
1581013792076,992.24243
1581013792114,992.24243
1581013792153,992.2676
1581013792192,992.2676
1581013792230,992.2676
1581013792268,992.2676
1581013792306,992.33075
1581013792345,992.33075
1581013792383,992.33075
1581013792422,992.33075
1581013792464,992.19434
1581013792502,992.19434
1581013792539,992.19434
1581013792577,992.19434
1581013792616,992.2304
1581013792656,992.2304
1581013792694,992.2304
1581013792733,992.2304
1581013792772,992.2744
1581013792809,992.2744
1581013792847,992.2744
1581013792883,992.2744
1581013792925,992.30023
1581013792962,992.30023
1581013792999,992.30023
1581013793045,992.30023
1581013793076,992.22424
1581013793115,992.22424
1581013793152,992.22424
1581013793191,992.22424
1581013793231,992.23047
1581013793269,992.23047
1581013793306,992.23047
1581013793344,992.23047
1581013793384,992.2779
1581013793421,992.2779
1581013793460,992.2779
1581013793499,992.2779
1581013793538,992.3329
1581013793577,992.3329
1581013793616,992.3329
1581013793654,992.3329
1581013793691,992.23114
1581013793730,992.23114
1581013793768,992.23114
1581013793807,992.23114
1581013793844,992.2827
1581013793884,992.2827
1581013793922,992.2827
1581013793962,992.2827
1581013793998,992.3147
1581013794039,992.3147
1581013794076,992.3147
1581013794114,992.3147
1581013794153,992.3198
1581013794192,992.3198
1581013794232,992.3198
1581013794268,992.3198
1581013794310,992.2449
1581013794344,992.2449
1581013794384,992.2449
1581013794421,992.2449
1581013794460,992.2638
1581013794498,992.2638
1581013794544,992.2638
1581013794576,992.2638
1581013794613,992.3078
1581013794655,992.3078
1581013794693,992.3078
1581013794729,992.3078
1581013794773,992.34045
1581013794808,992.34045
1581013794846,992.34045
1581013794884,992.34045
1581013794921,992.2631
1581013794967,992.2631
1581013795000,992.2631
1581013795036,992.2631
1581013795075,992.31366
1581013795114,992.31366
1581013795152,992.31366
1581013795190,992.31366
1581013795229,992.31366
1581013795267,992.3377
1581013795306,992.3377
1581013795351,992.3377
1581013795383,992.3377
1581013795422,992.29474
1581013795461,992.29474
1581013795497,992.29474
1581013795536,992.29474
1581013795574,992.28204
1581013795613,992.28204
1581013795652,992.28204
1581013795692,992.28204
1581013795730,992.314
1581013795768,992.314
1581013795805,992.314
1581013795844,992.314
1581013795885,992.3673
1581013795923,992.3673
1581013795960,992.3673
1581013795998,992.3673
1581013796036,992.336
1581013796076,992.336
1581013796115,992.336
1581013796153,992.336
1581013796192,992.27
1581013796229,992.27
1581013796268,992.27
1581013796305,992.27
1581013796343,992.3319
1581013796383,992.3319
1581013796421,992.3319
1581013796462,992.3319
1581013796497,992.34735
1581013796537,992.34735
1581013796579,992.34735
1581013796613,992.34735
1581013796653,992.29755
1581013796690,992.29755
1581013796729,992.29755
1581013796768,992.29755
1581013796807,992.26624
1581013796846,992.26624
1581013796882,992.26624
1581013796921,992.26624
1581013796959,992.2965
1581013796997,992.2965
1581013797037,992.2965
1581013797076,992.2965
1581013797114,992.3429
1581013797151,992.3429
1581013797191,992.3429
1581013797229,992.3429
1581013797268,992.3216
1581013797306,992.3216
1581013797344,992.3216
1581013797384,992.3216
1581013797421,992.2546
1581013797460,992.2546
1581013797500,992.2546
1581013797540,992.2546
1581013797576,992.3109
1581013797616,992.3109
1581013797656,992.3109
1581013797690,992.3109
1581013797728,992.33325
1581013797767,992.33325
1581013797804,992.33325
1581013797844,992.33325
1581013797882,992.30164
1581013797920,992.30164
1581013797959,992.30164
1581013797997,992.30164
1581013798037,992.2615
1581013798074,992.2615
1581013798114,992.2615
1581013798152,992.2615
1581013798190,992.28345
1581013798229,992.28345
1581013798267,992.28345
1581013798305,992.28345
1581013798344,992.28345
1581013798382,992.32745
1581013798421,992.32745
1581013798460,992.32745
1581013798499,992.32745
1581013798538,992.3213
1581013798574,992.3213
1581013798613,992.3213
1581013798651,992.3213
1581013798690,992.25085
1581013798728,992.25085
1581013798767,992.25085
1581013798807,992.25085
1581013798843,992.30414
1581013798883,992.30414
1581013798921,992.30414
1581013798959,992.30414
1581013798999,992.3282
1581013799037,992.3282
1581013799073,992.3282
1581013799116,992.3282
1581013799151,992.3158
1581013799189,992.3158
1581013799228,992.3158
1581013799268,992.3158
1581013799306,992.2499
1581013799343,992.2499
1581013799384,992.2499
1581013799421,992.2499
1581013799460,992.25433
1581013799500,992.25433
1581013799536,992.25433
1581013799574,992.25433
1581013799613,992.2887
1581013799651,992.2887
1581013799691,992.2887
1581013799729,992.2887
1581013799769,992.3265
1581013799805,992.3265
1581013799845,992.3265
1581013799881,992.3265
1581013799922,992.2351
1581013799959,992.2351
1581013799998,992.2351
1581013800052,992.2351
1581013800074,992.2711
1581013800112,992.2711
1581013800152,992.2711
1581013800189,992.2711
1581013800228,992.29694
1581013800268,992.29694
1581013800307,992.29694
1581013800344,992.29694
1581013800382,992.3186
1581013800421,992.3186
1581013800458,992.3186
1581013800500,992.3186
1581013800536,992.23267
1581013800576,992.23267
1581013800614,992.23267
1581013800651,992.23267
1581013800696,992.2372
1581013800728,992.2372
1581013800766,992.2372
1581013800804,992.2372
1581013800844,992.26465
1581013800882,992.26465
1581013800921,992.26465
1581013800958,992.26465
1581013800998,992.298
1581013801036,992.298
1581013801083,992.298
1581013801112,992.298
1581013801151,992.2258
1581013801189,992.2258
1581013801228,992.2258
1581013801267,992.2258
1581013801306,992.19934
1581013801347,992.19934
1581013801381,992.19934
1581013801422,992.19934
1581013801460,992.19934
1581013801500,992.25226
1581013801536,992.25226
1581013801575,992.25226
1581013801613,992.25226
1581013801651,992.29004
1581013801689,992.29004
1581013801729,992.29004
1581013801769,992.29004
1581013801813,992.2584
1581013801842,992.2584
1581013801882,992.2584
1581013801920,992.2584
1581013801960,992.22925
1581013802000,992.22925
1581013802038,992.22925
1581013802074,992.22925
1581013802114,992.2512
1581013802154,992.2512
1581013802189,992.2512
1581013802227,992.2512
1581013802266,992.2925
1581013802305,992.2925
1581013802343,992.2925
1581013802381,992.2925
1581013802421,992.2746
1581013802459,992.2746
1581013802498,992.2746
1581013802535,992.2746
1581013802574,992.2351
1581013802613,992.2351
1581013802651,992.2351
1581013802691,992.2351
1581013802728,992.23785
1581013802774,992.23785
1581013802806,992.23785
1581013802845,992.23785
1581013802882,992.28253
1581013802921,992.28253
1581013802961,992.28253
1581013802998,992.28253
1581013803036,992.3066
1581013803074,992.3066
1581013803113,992.3066
1581013803151,992.3066
1581013803189,992.26843
1581013803228,992.26843
1581013803266,992.26843
1581013803306,992.26843
1581013803344,992.28564
1581013803381,992.28564
1581013803421,992.28564
1581013803464,992.28564
1581013803499,992.2839
1581013803540,992.2839
1581013803573,992.2839
1581013803613,992.2839
1581013803652,992.2849
1581013803692,992.2849
1581013803729,992.2849
1581013803766,992.2849
1581013803805,992.1819
1581013803843,992.1819
1581013803881,992.1819
1581013803921,992.1819
1581013803961,992.20074
1581013803999,992.20074
1581013804035,992.20074
1581013804074,992.20074
1581013804112,992.24646
1581013804153,992.24646
1581013804189,992.24646
1581013804227,992.24646
1581013804265,992.29456
1581013804303,992.29456
1581013804344,992.29456
1581013804381,992.29456
1581013804419,992.2757
1581013804458,992.2757
1581013804496,992.2757
1581013804535,992.2757
1581013804573,992.2757
1581013804612,992.24304
1581013804650,992.24304
1581013804688,992.24304
1581013804728,992.24304
1581013804766,992.26196
1581013804804,992.26196
1581013804842,992.26196
1581013804881,992.26196
1581013804918,992.2739
1581013804959,992.2739
1581013804997,992.2739
1581013805035,992.2739
1581013805077,992.2843
1581013805113,992.2843
1581013805149,992.2843
1581013805190,992.2843
1581013805231,992.21173
1581013805267,992.21173
1581013805309,992.21173
1581013805343,992.21173
1581013805383,992.24646
1581013805420,992.24646
1581013805458,992.24646
1581013805497,992.24646
1581013805535,992.2808
1581013805574,992.2808
1581013805611,992.2808
1581013805651,992.2808
1581013805688,992.3028
1581013805727,992.3028
1581013805765,992.3028
1581013805804,992.3028
1581013805848,992.2258
1581013805880,992.2258
1581013805919,992.2258
1581013805958,992.2258
1581013805997,992.23444
1581013806034,992.23444
1581013806073,992.23444
1581013806111,992.23444
1581013806150,992.2637
1581013806188,992.2637
1581013806229,992.2637
1581013806266,992.2637
1581013806306,992.29626
1581013806343,992.29626
1581013806380,992.29626
1581013806419,992.29626
1581013806460,992.24097
1581013806495,992.24097
1581013806535,992.24097
1581013806573,992.24097
1581013806612,992.1963
1581013806649,992.1963
1581013806688,992.1963
1581013806726,992.1963
1581013806764,992.25574
1581013806803,992.25574
1581013806846,992.25574
1581013806880,992.25574
1581013806920,992.2936
1581013806958,992.2936
1581013806997,992.2936
1581013807034,992.2936
1581013807072,992.2454
1581013807112,992.2454
1581013807151,992.2454
1581013807189,992.2454
1581013807228,992.2334
1581013807270,992.2334
1581013807303,992.2334
1581013807344,992.2334
1581013807380,992.25336
1581013807419,992.25336
1581013807458,992.25336
1581013807495,992.25336
1581013807535,992.29114
1581013807574,992.29114
1581013807612,992.29114
1581013807650,992.29114
1581013807688,992.29114
1581013807726,992.3186
1581013807765,992.3186
1581013807803,992.3186
1581013807842,992.3186
1581013807880,992.1997
1581013807919,992.1997
1581013807957,992.1997
1581013807995,992.1997
1581013808033,992.23065
1581013808077,992.23065
1581013808112,992.23065
1581013808150,992.23065
1581013808188,992.25745
1581013808227,992.25745
1581013808278,992.25745
1581013808306,992.25745
1581013808341,992.285
1581013808380,992.285
1581013808420,992.285
1581013808459,992.285
1581013808496,992.21106
1581013808534,992.21106
1581013808574,992.21106
1581013808611,992.21106
1581013808650,992.21625
1581013808688,992.21625
1581013808728,992.21625
1581013808765,992.21625
1581013808804,992.2489
1581013808844,992.2489
1581013808881,992.2489
1581013808919,992.2489
1581013808960,992.3063
1581013808995,992.3063
1581013809035,992.3063
1581013809073,992.3063
1581013809112,992.1905
1581013809151,992.1905
1581013809189,992.1905
1581013809227,992.1905
1581013809272,992.1819
1581013809303,992.1819
1581013809341,992.1819
1581013809380,992.1819
1581013809425,992.242
1581013809459,992.242
1581013809517,992.242
1581013809534,992.242
1581013809574,992.26605
1581013809612,992.26605
1581013809648,992.26605
1581013809687,992.26605
1581013809726,992.1898
1581013809763,992.1898
1581013809804,992.1898
1581013809843,992.1898
1581013809879,992.19666
1581013809920,992.19666
1581013809957,992.19666
1581013809996,992.19666
1581013810033,992.23755
1581013810071,992.23755
1581013810110,992.23755
1581013810149,992.23755
1581013810189,992.29767
1581013810228,992.29767
1581013810264,992.29767
1581013810303,992.29767
1581013810340,992.1637
1581013810379,992.1637
1581013810419,992.1637
1581013810456,992.1637
1581013810494,992.1802
1581013810534,992.1802
1581013810573,992.1802
1581013810610,992.1802
1581013810649,992.22144
1581013810688,992.22144
1581013810733,992.22144
1581013810763,992.22144
1581013810802,992.22144
1581013810844,992.28735
1581013810879,992.28735
1581013810917,992.28735
1581013810956,992.28735
1581013810995,992.1527
1581013811034,992.1527
1581013811072,992.1527
1581013811111,992.1527
1581013811148,992.1475
1581013811187,992.1475
1581013811227,992.1475
1581013811263,992.1475
1581013811302,992.1991
1581013811340,992.1991
1581013811379,992.1991
1581013811419,992.1991
1581013811455,992.2644
1581013811495,992.2644
1581013811532,992.2644
1581013811573,992.2644
1581013811609,992.1812
1581013811648,992.1812
1581013811686,992.1812
1581013811724,992.1812
1581013811764,992.1743
1581013811801,992.1743
1581013811841,992.1743
1581013811879,992.1743
1581013811918,992.2362
1581013811955,992.2362
1581013811995,992.2362
1581013812032,992.2362
1581013812071,992.2654
1581013812110,992.2654
1581013812148,992.2654
1581013812188,992.2654
1581013812224,992.19977
1581013812265,992.19977
1581013812302,992.19977
1581013812340,992.19977
1581013812378,992.2118
1581013812418,992.2118
1581013812456,992.2118
1581013812494,992.2118
1581013812534,992.2565
1581013812571,992.2565
1581013812609,992.2565
1581013812650,992.2565
1581013812687,992.2919
1581013812725,992.2919
1581013812764,992.2919
1581013812802,992.2919
1581013812841,992.2314
1581013812879,992.2314
1581013812919,992.2314
1581013812955,992.2314
1581013812993,992.20044
1581013813033,992.20044
1581013813071,992.20044
1581013813110,992.20044
1581013813148,992.2417
1581013813186,992.2417
1581013813227,992.2417
1581013813264,992.2417
1581013813302,992.2479
1581013813340,992.2479
1581013813378,992.2479
1581013813417,992.2479
1581013813456,992.1774
1581013813499,992.1774
1581013813533,992.1774
1581013813571,992.1774
1581013813609,992.26337
1581013813647,992.26337
1581013813686,992.26337
1581013813726,992.26337
1581013813765,992.3372
1581013813803,992.3372
1581013813839,992.3372
1581013813878,992.3372
1581013813918,992.3372
1581013813955,992.3956
1581013813994,992.3956
1581013814032,992.3956
1581013814071,992.3956
1581013814109,992.3836
1581013814148,992.3836
1581013814187,992.3836
1581013814224,992.3836
1581013814263,992.2685
1581013814303,992.2685
1581013814340,992.2685
1581013814379,992.2685
1581013814419,992.2816
1581013814456,992.2816
1581013814494,992.2816
1581013814533,992.2816
1581013814578,992.3572
1581013814612,992.3572
1581013814647,992.3572
1581013814686,992.3572
1581013814724,992.3417
1581013814763,992.3417
1581013814801,992.3417
1581013814840,992.3417
1581013814879,992.1579
1581013814917,992.1579
1581013814954,992.1579
1581013814993,992.1579
1581013815033,992.12524
1581013815070,992.12524
1581013815109,992.12524
1581013815147,992.12524
1581013815188,992.1335
1581013815229,992.1335
1581013815264,992.1335
1581013815360,992.1335
1581013815360,992.1421
1581013815380,992.1421
1581013815416,992.1421
1581013815454,992.1421
1581013815494,992.13
1581013815535,992.13
1581013815570,992.13
1581013815608,992.13
1581013815646,992.1489
1581013815685,992.1489
1581013815725,992.1489
1581013815763,992.1489
1581013815802,992.16095
1581013815841,992.16095
1581013815878,992.16095
1581013815917,992.16095
1581013815954,992.173
1581013815993,992.173
1581013816036,992.173
1581013816071,992.173
1581013816114,992.1902
1581013816146,992.1902
