1424287262710,-4.1595306,3.0209808,7.8473053
1424287262728,-3.1969604,2.510498,7.609955
1424287262736,-3.1969604,2.510498,7.609955
1424287262743,-3.0400543,2.294754,8.257202
1424287262776,-3.0008392,2.0594025,8.845596
1424287262776,-2.9223785,1.8828735,9.257477
1424287262777,-2.902771,1.7455902,9.394775
1424287262777,-2.9420013,1.6867371,9.277084
1424287262786,-2.9420013,1.6867371,9.277084
1424287262793,-2.9812164,1.863266,9.139801
1424287262801,-2.7654724,2.137848,8.825989
1424287262811,-2.4516602,2.2163086,8.571014
1424287262818,-2.07901,2.2555237,8.35527
1424287262827,-1.7848053,2.3143768,8.35527
1424287262841,-1.7848053,2.3143768,8.35527
1424287262844,-1.6867371,2.2555237,8.531784
1424287262853,-1.5690613,2.1770782,8.904434
1424287262860,-1.3729248,1.863266,9.218246
1424287262869,-1.2160187,1.5886841,9.767426
1424287262877,-1.0002747,1.3729248,10.159683
1424287262885,-1.0002747,1.3729248,10.159683
1424287262895,-0.86299133,1.0591125,10.591187
1424287262902,-0.8825989,1.0198975,10.551956
1424287262913,-0.78453064,1.3925476,10.4734955
1424287262920,-0.6276245,1.7651978,10.238144
1424287262928,-0.23536682,2.020172,10.277374
1424287262938,0.07846069,1.8240356,10.748093
1424287262945,0.07846069,1.8240356,10.748093
1424287262952,0.45111084,1.2748718,12.042572
1424287262963,0.31381226,0.60801697,13.258591
1424287262971,0.019607544,0.15690613,14.337326
1424287262978,-0.49032593,0.09806824,15.572968
1424287262987,-0.72569275,0.17651367,16.494781
1424287262997,-0.72569275,0.17651367,16.494781
1424287263015,-0.60801697,-0.05883789,17.08319
1424287263015,-0.2745819,-0.5491791,16.847824
1424287263022,0.21574402,-1.039505,16.122131
1424287263029,0.86299133,-1.2160187,14.984558
1424287263039,1.4513855,-1.1375732,13.513565
1424287263046,1.4513855,-1.1375732,13.513565
1424287263053,1.7848053,-0.823761,12.003342
1424287263072,1.9221039,-0.6276245,10.493118
1424287263072,1.9024963,-0.6276245,9.179031
1424287263077,1.6671295,-0.7060852,8.139526
1424287263087,1.3337097,-0.7649231,7.551117
1424287263097,1.0787354,-0.94143677,7.276535
1424287263105,1.0787354,-0.94143677,7.276535
1424287263113,0.6864624,-1.0591125,7.6884155
1424287263123,0.19613647,-0.9610443,9.708588
1424287263129,0.07846069,-1.0787354,10.100845
1424287263139,0.019607544,-1.1571808,10.100845
1424287263147,0.09806824,-1.2748718,9.571289
1424287263155,0.09806824,-1.2748718,9.571289
1424287263165,0.15690613,-1.255249,9.179031
1424287263172,0.39227295,-1.1768036,8.727921
1424287263178,0.5491791,-0.9806671,8.414108
1424287263190,0.7649231,-0.8041382,8.31604
1424287263198,0.8825989,-0.8041382,8.551392
1424287263204,0.8825989,-0.8041382,8.551392
1424287263214,0.86299133,-0.823761,8.394485
1424287263223,0.9218292,-0.9022064,7.7472534
1424287263233,1.0591125,-1.0787354,7.060791
1424287263241,1.1179657,-1.2160187,6.393936
1424287263249,1.1571808,-1.1768036,6.0605164
1424287263256,1.1571808,-1.1768036,6.0605164
1424287263268,1.0787354,-1.039505,5.8839874
1424287263273,1.0198975,-0.8041382,5.9428253
1424287263281,0.86299133,-0.66685486,6.1193542
1424287263293,1.0002747,-0.5491791,6.4920044
1424287263300,0.9218292,-0.21574402,6.962723
1424287263306,0.9218292,-0.21574402,6.962723
1424287263321,0.8041382,0.019607544,7.119629
1424287263324,0.6276245,0.17651367,7.2569275
1424287263331,0.23536682,0.23536682,7.217697
1424287263339,-0.47071838,0.2745819,6.786209
1424287263350,-1.039505,0.50994873,6.5900726
1424287263363,-1.039505,0.50994873,6.5900726
1424287263365,-0.3530426,-0.07846069,6.354706
1424287263375,0.3334198,-0.2942047,6.393936
1424287263381,0.7060852,-0.31381226,6.5900726
1424287263391,0.9218292,-0.21574402,6.884262
1424287263398,0.9610443,-0.09806824,6.825424
1424287263406,1.0002747,-0.09806824,6.5508423
1424287263419,0.94143677,-0.11767578,6.668518
1424287263424,0.94143677,-0.11767578,6.668518
1424287263431,0.9806671,0.0,6.786209
1424287263443,1.0002747,0.05883789,7.060791
1424287263450,1.1571808,0.039230347,7.4138336
1424287263461,1.2356415,0.05883789,7.7472534
1424287263472,1.2748718,0.039230347,8.041458
1424287263477,1.2748718,0.039230347,8.041458
1424287263486,1.1768036,0.09806824,8.257202
1424287263492,1.255249,0.3334198,8.590622
1424287263504,1.3140869,0.47071838,9.100571
1424287263508,1.4121552,0.5491791,9.4339905
1424287263520,1.431778,0.72569275,9.865494
1424287263525,1.431778,0.72569275,9.865494
1424287263532,1.3533173,0.78453064,10.277374
1424287263544,1.2356415,0.78453064,10.571564
1424287263551,1.0002747,0.72569275,10.72847
1424287263558,0.9806671,0.7060852,10.963837
1424287263571,0.9806671,0.39227295,11.316879
1424287263577,1.0002747,0.6276245,11.316879
1424287263585,0.9610443,0.7649231,11.493393
1424287263593,0.8825989,0.9218292,11.5130005
1424287263603,0.9610443,0.9806671,11.846436
1424287263611,1.647522,0.9218292,12.650574
1424287263622,1.2160187,0.50994873,13.690079
1424287263631,1.2160187,0.50994873,13.690079
1424287263636,0.7060852,-0.23536682,13.454727
1424287263647,0.2745819,-0.86299133,13.337051
1424287263654,0.019607544,-1.2356415,13.788147
1424287263659,-0.07846069,-1.6867371,14.101959
1424287263670,-0.25497437,-2.1966858,14.278488
1424287263678,-0.3530426,-2.6085663,14.18042
1424287263686,-0.3530426,-2.6085663,14.18042
1424287263694,0.11767578,-2.9223785,14.003891
1424287263704,-0.84336853,-3.1969604,13.101685
1424287263716,-1.1768036,-3.0400543,11.846436
1424287263719,-1.4906158,-2.6477966,11.022675
1424287263736,-1.7651978,-2.2163086,10.3754425
1424287263737,-1.7651978,-2.2163086,10.3754425
1424287263747,-2.0397797,-1.9809418,9.826263
1424287263753,-2.2359161,-1.8436432,9.3359375
1424287263760,-2.1770782,-1.7259674,8.943665
1424287263774,-2.1770782,-1.8240356,8.629852
1424287263780,-2.0397797,-1.9613342,8.394485
1424287263784,-2.0397797,-1.9613342,8.394485
1424287263795,-1.863266,-2.020172,8.374878
1424287263807,-1.6671295,-2.137848,8.414108
1424287263809,-1.3925476,-2.020172,8.414108
1424287263819,-1.2356415,-2.0594025,8.335648
1424287263830,-1.1375732,-2.020172,8.433716
1424287263837,-1.1375732,-2.020172,8.433716
1424287263843,-1.039505,-1.9024963,8.27681
1424287263862,-1.0198975,-1.7259674,8.237579
1424287263863,-0.9806671,-1.5298309,8.198364
1424287263870,-0.86299133,-1.2944794,8.198364
1424287263877,-0.84336853,-1.1964111,8.041458
1424287263884,-0.84336853,-1.0787354,7.825714
1424287263895,-0.84336853,-1.0787354,7.825714
1424287263902,-0.8041382,-0.94143677,7.6687927
1424287263910,-0.7649231,-0.7453003,7.5315094
1424287263926,-0.7453003,-0.7060852,7.335373
1424287263928,-0.66685486,-0.6864624,7.1588593
1424287263937,-0.66685486,-0.6864624,7.1588593
1424287263945,-0.58839417,-0.72569275,7.060791
1424287263954,-0.60801697,-0.72569275,7.060791
1424287263960,-0.94143677,-0.60801697,7.119629
1424287263969,-0.8825989,-0.4118805,7.217697
1424287263981,-0.7453003,-0.2942047,7.3549805
1424287263985,-0.5687866,-0.23536682,7.394211
1424287263998,-0.8825989,-0.2745819,7.276535
1424287264002,-0.66685486,-0.2745819,7.276535
1424287264010,-0.7649231,-0.25497437,7.1588593
1424287264022,-0.72569275,-0.25497437,7.119629
1424287264028,-0.8041382,-0.23536682,7.178467
1424287264035,-0.8041382,-0.23536682,7.178467
1424287264061,-0.7649231,-0.13729858,7.1392365
1424287264062,-0.50994873,-0.019607544,6.9234924
1424287264063,-0.25497437,0.0,6.7469788
1424287264069,-0.11767578,0.0,6.60968
1424287264079,-0.09806824,0.09806824,6.511612
1424287264086,0.039230347,0.07846069,6.511612
1424287264094,0.2942047,-0.039230347,6.5312347
1424287264104,0.2942047,-0.039230347,6.5312347
1424287264113,0.5491791,-0.15690613,6.5900726
1424287264123,0.72569275,-0.23536682,6.845047
1424287264128,0.9806671,-0.19613647,7.119629
1424287264135,1.255249,-0.039230347,7.2373047
1424287264146,1.255249,0.25497437,7.1392365
1424287264153,1.255249,0.25497437,7.1392365
1424287264160,1.4121552,0.50994873,6.7077484
1424287264171,1.647522,0.6276245,6.629303
1424287264186,1.9024963,0.7060852,6.9823303
1424287264188,2.3143768,0.37265015,7.2961426
1424287264196,2.8047028,-0.25497437,7.4530487
1424287264208,3.2361908,-0.7649231,7.884552
1424287264214,3.2361908,-0.7649231,7.884552
1424287264226,3.608841,-1.2356415,8.590622
1424287264231,4.1187897,-1.7651978,9.316315
1424287264240,4.824875,-2.3143768,10.0224
1424287264248,5.687851,-2.8243103,10.551956
1424287264255,6.452774,-3.2361908,10.414658
1424287264262,6.452774,-3.2361908,10.414658
1424287264275,7.0215607,-3.5892334,9.865494
1424287264282,7.4530487,-4.0207214,9.198639
1424287264290,7.708023,-4.550293,8.845596
1424287264299,8.472946,-5.040619,8.629852
1424287264310,9.630127,-5.354431,8.2964325
1424287264315,9.630127,-5.354431,8.2964325
1424287264323,11.061905,-5.7074738,7.5707397
1424287264334,12.944778,-6.4920044,6.8646545
1424287264340,14.827652,-7.5903473,6.138962
1424287264349,16.534012,-8.590622,5.570175
1424287264366,17.063568,-8.806366,5.6094055
1424287264366,17.063568,-8.806366,5.6094055
1424287264373,16.435944,-8.64946,5.844757
1424287264381,15.278763,-8.5121765,5.6682434
1424287264387,14.082352,-8.492554,5.0013885
1424287264400,13.337051,-8.68869,4.099182
1424287264409,12.493668,-8.590622,3.0792847
1424287264416,12.493668,-8.590622,3.0792847
1424287264423,11.709137,-8.198364,2.0005493
1424287264434,10.963837,-7.609955,0.7060852
1424287264442,10.316589,-7.041168,-0.23536682
1424287264449,9.708588,-6.5312347,-0.8041382
1424287264460,9.218246,-6.0408936,-0.9218292
1424287264466,9.218246,-6.0408936,-0.9218292
1424287264478,8.68869,-5.7074738,-0.5491791
1424287264482,8.237579,-5.805542,0.0
1424287264494,8.041458,-6.001663,0.5687866
1424287264503,8.31604,-6.080124,1.5494537
1424287264509,8.982895,-6.0408936,2.4124298
1424287264514,8.982895,-6.0408936,2.4124298
1424287264525,9.924332,-5.962448,2.7066345
1424287264532,10.826538,-5.648636,2.4516602
1424287264541,11.767975,-5.0798492,1.9417114
1424287264549,12.10141,-4.1972504,1.0591125
1424287264560,13.395889,-3.7853699,0.3334198
1424287264570,13.395889,-3.7853699,0.3334198
1424287264576,12.80748,-3.4911652,0.07846069
1424287264591,12.042572,-3.118515,-0.3334198
1424287264592,11.316879,-2.8635406,-0.19613647
1424287264603,10.630402,-2.687027,-0.47071838
1424287264621,10.042007,-2.4320526,-0.9218292
1424287264622,9.512451,-2.0986176,-1.470993
1424287264632,9.139801,-1.7651978,-1.863266
1424287264632,9.139801,-1.7651978,-1.863266
1424287264668,8.806366,-1.6082916,-2.2359161
1424287264669,8.374878,-1.3925476,-2.4516602
1424287264669,8.119904,-1.3533173,-2.7458649
1424287264670,7.94339,-1.4906158,-2.9812164
1424287264692,7.94339,-2.1182404,-3.3734894
1424287264694,7.94339,-2.1182404,-3.3734894
1424287264694,7.884552,-2.8831482,-3.667694
1424287264699,7.786484,-3.608841,-3.608841
1424287264709,7.727646,-4.15802,-3.2165833
1424287264726,7.923767,-4.2364655,-2.6674042
1424287264726,8.5121765,-4.059952,-2.4124298
1424287264735,8.5121765,-4.059952,-2.4124298
1424287264739,9.355545,-3.726532,-2.3732147
1424287264755,9.98317,-3.2361908,-2.5497284
1424287264760,10.4734955,-3.118515,-2.7066345
1424287264764,10.748093,-3.3538818,-2.353592
1424287264773,10.748093,-3.3538818,-1.0983429
1424287264785,10.924606,-4.6875763,0.49032593
1424287264790,10.924606,-4.6875763,0.49032593
1424287264814,11.003067,-5.4328766,2.4516602
1424287264814,11.375717,-5.6094055,4.099182
1424287264816,11.905273,-5.138687,4.9033203
1424287264826,12.160248,-4.0207214,4.883713
1424287264833,12.160248,-4.0207214,4.883713
1424287264841,12.10141,-3.177353,4.4522247
1424287264860,11.905273,-3.393097,4.001114
1424287264860,11.630692,-4.2364655,4.2364655
1424287264865,11.061905,-4.8444824,5.570175
1424287264875,10.610794,-5.099457,7.4530487
1424287264884,10.198914,-5.1779175,8.806366
1424287264890,10.198914,-5.1779175,8.806366
1424287264902,9.865494,-4.962158,9.512451
1424287264909,9.3359375,-4.275696,9.375153
1424287264917,8.865219,-3.334259,8.825989
1424287264925,8.571014,-3.0008392,8.374878
1424287264935,9.139801,-3.9815063,8.414108
1424287264942,9.139801,-3.9815063,8.414108
1424287264952,8.64946,-5.8251495,9.257477
1424287264958,7.766861,-6.943115,11.258041
1424287264967,7.1588593,-7.0215607,12.787872
1424287264978,6.7665863,-6.5900726,13.121292
1424287264986,7.2961426,-6.629303,12.042572
1424287264991,7.2961426,-6.629303,12.042572
1424287265001,7.4726715,-6.080124,10.72847
1424287265009,7.5315094,-5.3936615,9.237869
1424287265018,7.394211,-4.981781,8.100296
1424287265026,7.433441,-4.8444824,7.433441
1424287265036,6.884262,-5.1582947,7.217697
1424287265043,6.884262,-5.1582947,7.217697
1424287265052,5.256363,-5.4524994,7.335373
1424287265062,3.1969604,-5.3348236,7.6687927
1424287265067,2.0397797,-4.648346,8.492554
1424287265078,1.9417114,-4.2953186,9.080963
1424287265084,2.3732147,-4.275696,9.355545
1424287265093,3.118515,-3.8638153,9.257477
1424287265104,3.118515,-3.8638153,9.257477
1424287265110,3.883438,-3.2950287,9.06134
1424287265118,4.2953186,-1.5102234,9.630127
1424287265127,4.059952,-2.3928223,9.767426
1424287265135,3.883438,-2.1966858,9.924332
1424287265144,3.883438,-2.1966858,9.924332
1424287265152,3.334259,-2.2555237,10.39505
1424287265163,2.902771,-4.2953186,9.257477
1424287265169,2.843933,-3.2361908,6.3154755
1424287265178,3.0204468,-2.5889587,4.216858
1424287265186,3.6873016,-1.0198975,4.6875763
1424287265193,4.0795593,1.3140869,5.7074738
1424287265203,4.2364655,2.0397797,6.1193542
1424287265210,4.2364655,2.0397797,6.1193542
1424287265217,4.5699005,1.431778,6.3154755
1424287265231,4.981781,0.60801697,6.1193542
1424287265240,4.864105,-0.39227295,5.3348236
1424287265243,4.001114,-1.7259674,5.7270813
1424287265253,4.001114,-1.7259674,5.7270813
1424287265261,2.6674042,-2.9223785,6.4331665
1424287265274,1.6278992,-2.471283,7.5903473
1424287265281,0.49032593,-1.255249,8.531784
1424287265288,-0.6864624,-0.17651367,8.825989
1424287265294,-1.0591125,0.09806824,8.806366
1424287265305,-0.9218292,-0.21574402,8.982895
1424287265312,-0.9218292,-0.21574402,8.982895
1424287265319,-0.9218292,-0.6276245,8.845596
1424287265333,-1.1375732,-0.7649231,8.571014
1424287265337,-1.431778,-0.6864624,8.2964325
1424287265344,-1.7259674,-0.45111084,7.8453217
1424287265360,-1.863266,-0.25497437,7.3746033
1424287265362,-1.863266,-0.25497437,7.3746033
1424287265368,-1.7063599,-0.05883789,6.962723
1424287265378,-1.4906158,0.039230347,6.7077484
1424287265389,-1.2160187,0.09806824,6.511612
1424287265396,-1.0787354,0.15690613,6.57045
1424287265404,-1.1375732,0.15690613,7.3157654
1424287265413,-0.9806671,0.31381226,7.178467
1424287265420,-0.9806671,0.31381226,7.178467
1424287265430,-0.823761,0.3530426,7.2373047
1424287265438,-0.7453003,0.49032593,7.8060913
1424287265445,-0.6864624,0.64723206,8.237579
1424287265455,-0.8041382,1.0198975,8.335648
1424287265463,-0.94143677,1.1571808,8.119904
1424287265470,-0.94143677,1.1571808,8.119904
1424287265482,-0.9218292,1.1964111,7.825714
1424287265488,-0.6276245,1.1179657,7.8453217
1424287265496,-0.3334198,1.0591125,8.374878
1424287265505,0.019607544,1.2748718,9.022125
1424287265516,0.37265015,1.6867371,8.002228
1424287265528,0.37265015,1.6867371,8.002228
1424287265538,0.39227295,1.9024963,8.433716
1424287265540,0.3334198,1.863266,9.277084
1424287265549,0.39227295,3.0400543,10.140076
1424287265558,0.39227295,4.883713,10.43428
1424287265565,0.60801697,5.86438,10.06163
1424287265572,0.60801697,5.86438,10.06163
1424287265585,0.86299133,5.6682434,9.826263
1424287265591,1.0787354,5.0798492,9.806656
1424287265600,1.0591125,4.216858,9.512451
1424287265610,0.6276245,3.2361908,9.041733
1424287265617,0.17651367,2.5497284,8.433716
1424287265626,0.17651367,2.5497284,8.433716
1424287265636,-0.09806824,2.2751465,8.786758
1424287265642,-0.17651367,2.3732147,9.316315
1424287265649,-0.07846069,2.3732147,9.708588
1424287265657,-0.09806824,2.628189,9.590897
1424287265669,-0.23536682,2.7850952,9.100571
1424287265673,-0.45111084,3.0204468,8.492554
1424287265686,-0.45111084,3.0204468,8.492554
1424287265692,-0.60801697,3.2165833,7.923767
1424287265698,-0.7453003,3.2558136,7.4138336
1424287265710,-0.8041382,3.177353,7.492279
1424287265715,-0.84336853,3.1381226,7.5707397
1424287265722,-0.84336853,3.1381226,7.5707397
1424287265735,-0.86299133,3.0792847,7.708023
1424287265740,-0.7649231,2.9812164,7.7472534
1424287265753,-0.7649231,2.902771,7.923767
1424287265758,-0.86299133,3.0008392,7.94339
1424287265769,-0.8825989,3.1381226,7.786484
1424287265776,-0.9218292,3.3146515,7.6295776
1424287265784,-0.9218292,3.3146515,7.6295776
1424287265793,-0.94143677,3.4323273,7.335373
1424287265800,-0.78453064,3.4323273,7.5315094
1424287265811,-0.5295563,3.2558136,7.766861
1424287265819,-0.2942047,3.0792847,7.923767
1424287265825,-0.07846069,3.0204468,8.139526
1424287265841,0.039230347,3.1577454,8.492554
1424287265842,0.039230347,3.1577454,8.492554
1424287265849,0.19613647,3.393097,8.747528
1424287265865,0.39227295,3.6873016,8.806366
1424287265869,0.47071838,3.9030457,8.786758
1424287265874,0.5491791,4.099182,8.845596
1424287265882,0.5295563,4.1187897,8.786758
1424287265892,0.5295563,4.1187897,8.786758
1424287265898,0.47071838,4.001114,8.708298
1424287265908,0.39227295,3.9030457,8.492554
1424287265915,0.09806824,3.883438,8.159134
1424287265923,-0.19613647,3.9226532,8.021835
1424287265933,-1.2160187,4.2364655,5.648636
1424287265941,-1.2160187,4.2364655,5.648636
1424287265953,-1.5494537,3.9226532,5.1779175
1424287265958,-1.3925476,3.7853699,6.1977997
1424287265967,-0.8825989,3.8638153,8.453339
1424287265973,-0.5491791,3.9618835,10.120468
1424287265982,-0.5491791,3.9618835,10.120468
1424287265992,0.039230347,3.9815063,9.98317
1424287266000,0.039230347,3.9815063,9.98317
