1456974818052,990.98535
1456974818083,990.98535
1456974818114,990.98535
1456974818145,990.98535
1456974818172,990.98535
1456974818204,990.98535
1456974818233,990.9933
1456974818262,990.99536
1456974818322,990.99536
1456974818352,990.99536
1456974818383,990.99536
1456974818414,990.99536
1456974818442,990.99536
1456974818472,990.99536
1456974818502,990.99536
1456974818532,990.99536
1456974818562,990.99536
1456974818622,990.99536
1456974818652,990.99536
1456974818683,990.99536
1456974818713,990.99536
1456974818742,991.00116
1456974818772,991.0053
1456974818803,991.0053
1456974818833,991.0053
1456974818892,991.0053
1456974818928,991.0053
1456974818952,991.0053
1456974818982,991.0053
1456974819012,991.0053
1456974819042,991.0053
1456974819072,991.0053
1456974819102,991.0053
1456974819162,991.0053
1456974819192,991.0053
1456974819225,991.0028
1456974819253,990.99536
1456974819282,990.99536
1456974819312,990.99536
1456974819343,990.99536
1456974819372,990.99536
1456974819402,990.99536
1456974819462,990.99536
1456974819492,990.99536
1456974819522,990.99536
1456974819569,990.99536
1456974819583,990.99536
1456974819612,990.99536
1456974819643,990.99536
1456974819675,991.00446
1456974819733,991.0053
1456974819763,991.0053
1456974819793,991.0053
1456974819823,991.0053
1456974819852,991.0104
1456974819882,991.0153
1456974819913,991.0153
1456974819944,991.00665
1456974819972,991.0053
1456974820032,991.0153
1456974820064,991.0131
1456974820093,991.0053
1456974820124,991.0099
1456974820153,991.0153
1456974820182,991.0223
1456974820214,991.0253
1456974820242,991.03467
1456974820304,991.0353
1456974820332,991.0353
1456974820363,991.0353
1456974820392,991.0353
1456974820422,991.0353
1456974820453,991.0353
1456974820482,991.0353
1456974820513,991.0441
1456974820572,991.0453
1456974820628,991.0453
1456974820633,991.0453
1456974820664,991.0453
1456974820692,991.0453
1456974820722,991.0453
1456974820752,991.0453
1456974820782,991.05365
1456974820814,991.0553
1456974820872,991.0653
1456974820903,991.0653
1456974820932,991.0653
1456974820962,991.0653
1456974820993,991.0653
1456974821023,991.0653
1456974821057,991.0653
1456974821084,991.0653
1456974821143,991.0753
1456974821181,991.0753
1456974821224,991.0753
1456974821234,991.0753
1456974821263,991.0753
1456974821297,991.0815
1456974821324,991.08527
1456974821355,991.08527
1456974821383,991.08527
1456974821444,991.08527
1456974821481,991.08527
1456974821507,991.08527
1456974821535,991.08527
1456974821579,991.08527
1456974821611,991.08527
1456974821624,991.0934
1456974821653,991.0953
1456974821712,991.0953
1456974821742,991.0953
1456974821772,991.0953
1456974821805,991.0953
1456974821837,991.0953
1456974821862,991.0953
1456974821893,991.1029
1456974821925,991.1053
1456974821982,991.1053
1456974822012,991.1065
1456974822042,991.11523
1456974822072,991.11523
1456974822103,991.11523
1456974822132,991.11523
1456974822163,991.12244
1456974822192,991.12524
1456974822222,991.1348
1456974822283,991.13525
1456974822316,991.13525
1456974822342,991.13525
1456974822372,991.13525
1456974822402,991.13525
1456974822432,991.13525
1456974822462,991.13525
1456974822492,991.1443
1456974822552,991.14526
1456974822582,991.14526
1456974822612,991.14526
1456974822688,991.14526
1456974822688,991.14526
1456974822702,991.14526
1456974822732,991.14526
1456974822762,991.14526
1456974822792,991.1355
1456974822852,991.13525
1456974822882,991.13525
1456974822913,991.13525
1456974822945,991.13525
1456974822978,991.13525
1456974823004,991.14215
1456974823034,991.14526
1456974823069,991.14526
1456974823124,991.14526
1456974823155,991.14526
1456974823184,991.14526
1456974823238,991.14526
1456974823258,991.14526
1456974823274,991.15173
1456974823302,991.1553
1456974823333,991.1553
1456974823392,991.1553
1456974823422,991.1553
1456974823457,991.15765
1456974823487,991.1652
1456974823512,991.1652
1456974823542,991.1652
1456974823600,991.1652
1456974823602,991.1652
1456974823633,991.1652
1456974823691,991.17523
1456974823721,991.17523
1456974823751,991.17523
1456974823781,991.17523
1456974823815,991.17523
1456974823848,991.18195
1456974823873,991.18524
1456974823904,991.18524
1456974823964,991.18524
1456974823992,991.18524
1456974824023,991.18524
1456974824053,991.18524
1456974824084,991.18524
1456974824116,991.19147
1456974824143,991.1952
1456974824173,991.1952
1456974824203,991.1952
1456974824263,991.1952
1456974824293,991.1952
1456974824323,991.1952
1456974824427,991.1952
1456974824428,991.201
1456974824428,991.2052
1456974824442,991.2052
1456974824475,991.2052
1456974824534,991.2152
1456974824566,991.2152
1456974824597,991.2152
1456974824623,991.2152
1456974824664,991.2152
1456974824684,991.2152
1456974824714,991.2229
1456974824747,991.2252
1456974824803,991.2352
1456974824834,991.2352
1456974824873,991.2352
1456974824894,991.2352
1456974824922,991.2352
1456974824951,991.2352
1456974824981,991.2352
1456974825012,991.2352
1456974825042,991.2448
1456974825106,991.2452
1456974825131,991.2452
1456974825163,991.2452
1456974825193,991.2452
1456974825231,991.25073
1456974825253,991.2552
1456974825283,991.2711
1456974825323,991.27515
1456974825374,991.27515
1456974825409,991.27515
1456974825434,991.27515
1456974825465,991.27515
1456974825494,991.27515
1456974825524,991.27515
1456974825565,991.27515
1456974825584,991.27515
1456974825612,991.28503
1456974825672,991.28516
1456974825703,991.28516
1456974825732,991.28516
1456974825761,991.28516
1456974825791,991.28516
1456974825825,991.28516
1456974825852,991.28516
1456974825883,991.29456
1456974825948,991.29517
1456974825979,991.29517
1456974826003,991.29517
1456974826034,991.29517
1456974826065,991.29517
1456974826123,991.29517
1456974826123,991.29517
1456974826151,991.29517
1456974826213,991.29517
1456974826263,991.29517
1456974826271,991.29517
1456974826301,991.29517
1456974826331,991.29517
1456974826361,991.29517
1456974826391,991.3024
1456974826422,991.3052
1456974826452,991.3148
1456974826512,991.3152
1456974826541,991.3152
1456974826572,991.3152
1456974826601,991.3152
1456974826631,991.3152
1456974826662,991.30835
1456974826691,991.3052
1456974826721,991.31433
1456974826781,991.3152
1456974826811,991.3152
1456974826841,991.3152
1456974826871,991.3191
1456974826902,991.32513
1456974826931,991.31885
1456974826961,991.3152
1456974826991,991.3152
1456974827022,991.3152
1456974827082,991.3152
1456974827111,991.3174
1456974827142,991.32513
1456974827171,991.32513
1456974827203,991.32513
1456974827232,991.32513
1456974827261,991.3334
1456974827291,991.33514
1456974827351,991.33514
1456974827381,991.33514
1456974827411,991.33514
1456974827441,991.33514
1456974827472,991.33514
1456974827501,991.3417
1456974827531,991.34515
1456974827561,991.34515
1456974827621,991.34515
1456974827652,991.34515
1456974827681,991.34515
1456974827711,991.3489
1456974827742,991.3551
1456974827771,991.3551
1456974827801,991.3551
1456974827831,991.3636
1456974827861,991.3651
1456974827921,991.3651
1456974827951,991.3651
1456974827981,991.36835
1456974828011,991.3751
1456974828041,991.3751
1456974828071,991.3751
1456974828101,991.3831
1456974828131,991.38513
1456974828191,991.38513
1456974828223,991.3867
1456974828251,991.39514
1456974828281,991.3911
1456974828313,991.38513
1456974828341,991.38513
1456974828371,991.3927
1456974828401,991.39514
1456974828431,991.39514
1456974828494,991.39514
1456974828521,991.39514
1456974828551,991.3986
1456974828581,991.4051
1456974828611,991.411
1456974828641,991.4151
1456974828671,991.4151
1456974828701,991.4151
1456974828761,991.4151
1456974828791,991.4151
1456974828821,991.4151
1456974828851,991.4151
1456974828881,991.4151
1456974828911,991.4151
1456974828941,991.4229
1456974828971,991.4251
1456974829031,991.4251
1456974829061,991.4251
1456974829091,991.4251
1456974829121,991.4251
1456974829151,991.4201
1456974829181,991.4151
1456974829213,991.4151
1456974829279,991.4151
1456974829279,991.4248
1456974829331,991.4251
1456974829362,991.4251
1456974829395,991.4251
1456974829422,991.4251
1456974829451,991.4251
1456974829486,991.4251
1456974829512,991.4251
1456974829541,991.4344
1456974829606,991.43506
1456974829633,991.43506
1456974829661,991.43506
1456974829692,991.43506
1456974829729,991.44037
1456974829753,991.44507
1456974829782,991.44507
1456974829812,991.44507
1456974829874,991.44507
1456974829904,991.44507
1456974829933,991.44507
1456974829968,991.44507
1456974829997,991.44995
1456974830023,991.4551
1456974830056,991.4551
1456974830087,991.4551
1456974830117,991.4551
1456974830173,991.4551
1456974830203,991.4571
1456974830269,991.4651
1456974830269,991.4695
1456974830290,991.4751
1456974830321,991.4751
1456974830351,991.4751
1456974830381,991.4751
1456974830441,991.47546
1456974830472,991.48505
1456974830503,991.48505
1456974830533,991.48505
1456974830562,991.48505
1456974830594,991.49146
1456974830624,991.49506
1456974830654,991.49506
1456974830682,991.49506
1456974830745,991.49506
1456974830770,991.49506
1456974830800,991.49506
1456974830830,991.49976
1456974830860,991.50507
1456974830892,991.50507
1456974830921,991.50507
1456974830953,991.50507
1456974831013,991.515
1456974831043,991.51697
1456974831073,991.525
1456974831106,991.525
1456974831151,991.525
1456974831187,991.525
1456974831197,991.525
1456974831221,991.525
1456974831280,991.525
1456974831311,991.525
1456974831341,991.525
1456974831370,991.525
1456974831406,991.525
1456974831431,991.53125
1456974831463,991.53503
1456974831498,991.53503
1456974831526,991.53503
1456974831582,991.54504
1456974831618,991.54504
1456974831646,991.54504
1456974831673,991.54504
1456974831702,991.54504
1456974831747,991.54504
1456974831768,991.54504
1456974831789,991.54504
1456974831850,991.55505
1456974831881,991.55505
1456974831914,991.55505
1456974831940,991.55505
1456974831971,991.5604
1456974832005,991.565
1456974832037,991.565
1456974832066,991.565
1456974832123,991.565
1456974832155,991.565
1456974832197,991.565
1456974832215,991.565
1456974832252,991.565
1456974832273,991.57117
1456974832299,991.575
1456974832329,991.575
1456974832360,991.575
1456974832424,991.575
1456974832450,991.575
1456974832486,991.575
1456974832516,991.575
1456974832542,991.575
1456974832571,991.575
1456974832607,991.575
1456974832637,991.575
1456974832694,991.585
1456974832721,991.585
1456974832770,991.58795
1456974832785,991.595
1456974832809,991.595
1456974832839,991.595
1456974832869,991.595
1456974832902,991.595
1456974832961,991.595
1456974832993,991.595
1456974833024,991.595
1456974833050,991.595
1456974833082,991.595
1456974833116,991.595
1456974833146,991.6023
1456974833172,991.605
1456974833206,991.605
1456974833309,991.605
1456974833309,991.605
1456974833318,991.605
1456974833348,991.605
1456974833378,991.605
1456974833409,991.605
1456974833439,991.605
1456974833469,991.61426
1456974833532,991.615
1456974833561,991.615
1456974833594,991.615
1456974833625,991.615
1456974833657,991.62024
1456974833682,991.625
1456974833711,991.625
1456974833741,991.625
1456974833801,991.625
1456974833828,991.625
1456974833858,991.625
1456974833889,991.625
1456974833923,991.62976
1456974833948,991.635
1456974833980,991.635
1456974834008,991.635
1456974834039,991.6446
1456974834103,991.64496
1456974834133,991.64496
1456974834159,991.64496
1456974834189,991.64935
1456974834219,991.65497
1456974834248,991.65497
1456974834279,991.65497
1456974834309,991.65497
1456974834371,991.65533
1456974834409,991.665
1456974834434,991.665
1456974834464,991.665
1456974834494,991.665
1456974834525,991.665
1456974834550,991.665
1456974834581,991.6737
1456974834611,991.6749
1456974834674,991.6749
1456974834700,991.6749
1456974834730,991.6749
1456974834779,991.6797
1456974834801,991.68494
1456974834820,991.6778
1456974834850,991.6749
1456974834880,991.6749
1456974834964,991.6749
1456974834973,991.6749
1456974835003,991.6749
1456974835033,991.67926
1456974835059,991.68494
1456974835090,991.68494
1456974835125,991.68494
1456974835153,991.68494
1456974835214,991.68494
1456974835240,991.68494
1456974835303,991.68494
1456974835304,991.68884
1456974835331,991.69495
1456974835360,991.69495
1456974835391,991.69495
1456974835424,991.69495
1456974835454,991.69495
1456974835511,991.70496
1456974835545,991.70496
1456974835570,991.70496
1456974835603,991.70496
1456974835634,991.70496
1456974835663,991.70496
1456974835690,991.70496
1456974835719,991.70496
1456974835785,991.70496
1456974835807,991.70496
1456974835837,991.70496
1456974835867,991.70496
1456974835897,991.70496
1456974835932,991.70496
1456974835958,991.70496
1456974835987,991.70496
1456974836048,991.70496
1456974836077,991.7063
1456974836107,991.71497
1456974836139,991.71497
1456974836175,991.71497
1456974836203,991.71497
1456974836229,991.71497
1456974836278,991.71497
1456974836289,991.71497
1456974836347,991.71497
1456974836380,991.71497
1456974836411,991.71826
1456974836440,991.7249
1456974836467,991.7249
1456974836499,991.7249
1456974836528,991.7249
1456974836559,991.7249
1456974836625,991.7249
1456974836652,991.7249
1456974836679,991.7249
1456974836712,991.7249
1456974836744,991.7302
1456974836769,991.7349
1456974836805,991.7349
1456974836829,991.7349
1456974836889,991.7349
1456974836925,991.7349
1456974836953,991.7349
1456974836979,991.7386
1456974837009,991.74493
1456974837044,991.74493
1456974837069,991.75214
1456974837099,991.7549
1456974837129,991.7549
1456974837188,991.7541
1456974837219,991.74493
1456974837254,991.74493
1456974837279,991.74493
1456974837309,991.7505
1456974837339,991.7549
1456974837366,991.7549
1456974837397,991.7549
1456974837457,991.7553
1456974837487,991.7649
1456974837516,991.7649
1456974837548,991.7649
1456974837576,991.7649
1456974837607,991.7649
1456974837645,991.7649
1456974837669,991.7649
1456974837698,991.77484
1456974837759,991.7749
1456974837788,991.7749
1456974837823,991.7749
1456974837848,991.7796
1456974837878,991.7849
1456974837911,991.7849
1456974837942,991.7849
1456974837968,991.7849
1456974838034,991.78625
1456974838061,991.8049
1456974838088,991.80176
1456974838119,991.7949
1456974838153,991.7949
1456974838182,991.8015
1456974838209,991.8049
1456974838239,991.81396
1456974838312,991.8149
1456974838338,991.8149
1456974838358,991.8149
1456974838389,991.8149
1456974838419,991.8149
1456974838453,991.8149
1456974838478,991.8149
1456974838513,991.8149
1456974838539,991.8149
1456974838598,991.8149
1456974838635,991.8171
1456974838663,991.8249
1456974838688,991.82947
1456974838718,991.83484
1456974838748,991.8279
1456974838778,991.8249
1456974838814,991.8249
1456974838868,991.8249
1456974838898,991.8249
1456974838928,991.8249
1456974838962,991.82904
1456974838988,991.83484
1456974839018,991.83484
1456974839049,991.83484
1456974839083,991.83484
1456974839139,991.83484
1456974839168,991.83484
1456974839197,991.83484
1456974839232,991.8386
1456974839258,991.84485
1456974839287,991.85095
1456974839318,991.85486
1456974839364,991.8463
1456974839375,991.84485
1456974839439,991.85486
1456974839466,991.85486
1456974839496,991.85486
1456974839526,991.85486
1456974839562,991.85486
1456974839587,991.85486
1456974839617,991.8629
1456974839651,991.86487
1456974839708,991.86487
1456974839738,991.86487
1456974839767,991.86487
1456974839818,991.86487
1456974839842,991.86487
1456974839857,991.8713
1456974839888,991.8749
1456974839917,991.8749
1456974839982,991.8749
1456974840017,991.8749
1456974840038,991.8749
1456974840065,991.8749
1456974840095,991.8749
1456974840125,991.8749
1456974840155,991.8749
1456974840185,991.8832
1456974840216,991.8848
1456974840279,991.8848
1456974840313,991.8848
1456974840336,991.8848
1456974840365,991.8848
1456974840395,991.8848
1456974840427,991.8848
1456974840456,991.8848
1456974840488,991.8848
1456974840548,991.89484
1456974840580,991.89636
1456974840607,991.90485
1456974840635,991.90485
1456974840665,991.90485
1456974840695,991.90485
1456974840725,991.90485
1456974840755,991.90485
1456974840790,991.9147
1456974840857,991.9148
1456974840876,991.9148
1456974840906,991.9148
1456974840936,991.9148
1456974840966,991.9148
1456974840996,991.9148
1456974841026,991.9148
1456974841056,991.9148
1456974841116,991.9148
1456974841147,991.9148
1456974841179,991.9148
1456974841211,991.9148
1456974841239,991.9202
1456974841309,991.9248
1456974841311,991.9326
1456974841328,991.9348
1456974841385,991.9448
1456974841414,991.9448
1456974841444,991.9448
1456974841474,991.9448
1456974841504,991.9448
1456974841534,991.9448
1456974841564,991.9448
1456974841594,991.9448
1456974841625,991.9448
1456974841685,991.94574
1456974841715,991.95483
1456974841746,991.95483
1456974841779,991.95483
1456974841807,991.95483
1456974841847,991.95483
1456974841866,991.95483
1456974841896,991.95483
1456974841962,991.95435
1456974841986,991.9448
1456974842016,991.9448
1456974842049,991.9448
1456974842077,991.9448
1456974842106,991.9448
1456974842137,991.9448
1456974842167,991.9448
1456974842230,991.9448
1456974842256,991.9448
1456974842299,991.94727
1456974842314,991.95483
1456974842344,991.95483
1456974842378,991.95483
1456974842405,991.96204
1456974842434,991.9648
1456974842464,991.9648
1456974842525,991.9648
1456974842557,991.9648
1456974842586,991.9648
1456974842620,991.9648
1456974842653,991.9648
1456974842677,991.97156
1456974842707,991.9748
1456974842736,991.9748
1456974842797,991.9751
1456974842826,991.9848
1456974842867,991.9848
1456974842884,991.9848
1456974842914,991.9848
1456974842944,991.9911
1456974842974,991.99475
1456974843004,991.99475
1456974843034,991.99475
1456974843095,991.99475
1456974843126,991.9971
1456974843161,992.00476
1456974843192,992.0001
1456974843217,991.99475
1456974843247,991.99475
1456974843297,991.99475
1456974843304,991.99475
1456974843364,992.00476
1456974843394,992.00476
1456974843424,992.00476
1456974843457,992.009
1456974843485,992.0148
1456974843515,992.0148
1456974843549,992.0148
1456974843579,992.0148
1456974843635,992.0148
1456974843669,992.0161
1456974843699,992.0248
1456974843725,992.0248
1456974843755,992.0248
1456974843786,992.0309
1456974843815,992.0348
1456974843856,992.0348
1456974843875,992.0348
1456974843936,992.0348
1456974843971,992.0348
1456974843999,992.0348
1456974844026,992.0348
1456974844057,992.0348
1456974844085,992.0348
1456974844116,992.04285
1456974844146,992.04474
1456974844207,992.04474
1456974844235,992.0464
1456974844311,992.05475
1456974844314,992.05475
1456974844329,992.05475
1456974844353,992.05475
1456974844383,992.05475
1456974844413,992.05475
1456974844478,992.06476
1456974844504,992.06476
1456974844533,992.06476
1456974844565,992.06476
1456974844596,992.06476
1456974844628,992.06476
1456974844656,992.06476
1456974844685,992.06476
1456974844721,992.07434
1456974844780,992.07556
1456974844806,992.0847
1456974844835,992.08154
1456974844881,992.0747
1456974844895,992.0747
1456974844925,992.0747
1456974844980,992.0747
1456974844989,992.0747
1456974845056,992.0751
1456974845078,992.0847
1456974845103,992.0847
1456974845133,992.0847
1456974845163,992.0847
1456974845193,992.0847
1456974845223,992.0847
1456974845253,992.0847
1456974845284,992.0847
1456974845343,992.0847
1456974845373,992.0847
1456974845409,992.0847
1456974845434,992.0847
1456974845465,992.0847
1456974845494,992.0918
1456974845525,992.0947
1456974845555,992.1041
1456974845615,992.1041
1456974845645,992.0947
1456974845682,992.0947
1456974845706,992.0947
1456974845736,992.1001
1456974845766,992.10474
1456974845796,992.10474
1456974845825,992.10474
1456974845885,992.1045
1456974845913,992.0947
1456974845943,992.0973
1456974845973,992.10474
1456974846008,992.10474
1456974846033,992.10474
1456974846063,992.10474
1456974846094,992.10474
1456974846126,992.10474
1456974846188,992.0947
1456974846219,992.0947
1456974846246,992.0947
1456974846304,992.0902
1456974846305,992.0847
1456974846334,992.0847
1456974846363,992.0847
1456974846392,992.0847
1456974846453,992.0847
1456974846483,992.0847
1456974846514,992.0847
1456974846542,992.08875
1456974846576,992.0947
1456974846605,992.0947
1456974846638,992.0947
1456974846668,992.0859
1456974846725,992.0847
1456974846755,992.0847
1456974846789,992.0823
1456974846815,992.0747
1456974846855,992.0747
1456974846887,992.0747
1456974846914,992.0747
1456974846932,992.0747
1456974846962,992.0747
1456974847023,992.0747
1456974847053,992.07666
1456974847084,992.0847
1456974847112,992.0847
1456974847144,992.0847
1456974847175,992.0847
1456974847205,992.0847
1456974847234,992.0847
1456974847294,992.0847
1456974847328,992.0847
1456974847374,992.0847
1456974847395,992.0808
1456974847414,992.0747
1456974847445,992.0747
1456974847475,992.0747
1456974847505,992.0747
1456974847535,992.0747
1456974847595,992.07367
1456974847625,992.06476
1456974847655,992.0613
1456974847691,992.05475
1456974847714,992.05475
1456974847745,992.05475
1456974847775,992.063
1456974847805,992.06476
1456974847874,992.06476
1456974847899,992.06476
1456974847922,992.06476
1456974847952,992.06476
1456974847987,992.0593
1456974848017,992.05475
1456974848042,992.05475
1456974848072,992.05475
1456974848132,992.05475
1456974848166,992.05334
1456974848193,992.04474
1456974848228,992.04474
1456974848255,992.04474
1456974848283,992.04474
1456974848318,992.04474
1456974848344,992.04474
1456974848380,992.04474
1456974848432,992.04474
1456974848462,992.04474
1456974848497,992.04474
1456974848522,992.04474
1456974848553,992.04474
1456974848585,992.04474
1456974848612,992.04474
1456974848642,992.04474
1456974848707,992.0453
1456974848737,992.05475
1456974848764,992.05475
1456974848798,992.05475
1456974848823,992.04944
1456974848854,992.04474
1456974848888,992.04474
1456974848913,992.04474
1456974848973,992.04474
1456974849009,992.04474
1456974849034,992.04474
1456974849067,992.04474
1456974849094,992.04474
1456974849124,992.04474
1456974849154,992.04474
1456974849188,992.04474
1456974849214,992.0351
1456974849273,992.0348
1456974849304,992.0348
1456974849336,992.038
1456974849378,992.04474
1456974849403,992.04474
1456974849421,992.04474
1456974849451,992.04474
1456974849481,992.04474
