1424290119443,972.53
1424290119624,972.51
1424290119805,972.48
1424290119986,972.49
1424290120167,972.56
1424290120348,972.54
1424290120526,972.49
1424290120710,972.53
1424290120886,972.57
1424290121072,972.58
1424290121255,972.5
1424290121426,972.47
1424290121607,972.49
1424290121825,972.56
1424290121969,972.49
1424290122149,972.48
1424290122326,972.49
1424290122506,972.47
1424290122686,972.57
1424290122867,972.56
1424290123052,972.54
1424290123251,972.61
1424290123407,972.51
1424290123587,972.55
1424290123767,972.59
1424290123947,972.52
1424290124127,972.55
1424290124310,972.51
1424290124489,972.55
1424290124669,972.6
1424290124849,972.54
1424290125033,972.56
1424290125223,972.58
1424290125391,972.57
1424290125573,972.51
1424290125753,972.55
1424290125932,972.58
1424290126112,972.57
1424290126295,972.55
1424290126472,972.55
1424290126656,972.63
1424290126835,972.54
1424290127016,972.57
1424290127207,972.59
1424290127371,972.57
1424290127551,972.54
1424290127734,972.56
1424290127912,972.56
1424290128091,972.58
1424290128271,972.51
1424290128451,972.58
1424290128633,972.55
1424290128816,972.56
1424290128996,972.5
1424290129176,972.57
1424290129357,972.52
1424290129538,972.54
1424290129718,972.56
1424290129897,972.57
1424290130078,972.6
1424290130259,972.53
1424290130438,972.51
1424290130619,972.52
1424290130799,972.56
1424290130976,972.54
1424290131158,972.58
1424290131339,972.55
1424290131518,972.56
1424290131700,972.49
1424290131880,972.53
1424290132059,972.57
1424290132240,972.57
1424290132420,972.56
1424290132617,972.59
1424290132780,972.51
1424290132960,972.59
1424290133136,972.6
1424290133321,972.53
1424290133512,972.5
1424290133684,972.54
1424290133859,972.54
1424290134042,972.5
1424290134225,972.51
1424290134402,972.55
1424290134582,972.54
1424290134761,972.55
1424290134942,972.59
1424290135120,972.57
1424290135299,972.52
1424290135483,972.54
1424290135663,972.52
1424290135842,972.54
1424290136022,972.61
1424290136204,972.59
1424290136381,972.57
1424290136564,972.59
1424290136741,972.54
1424290136921,972.57
1424290137103,972.52
1424290137282,972.57
1424290137468,972.56
1424290137641,972.53
1424290137821,972.53
1424290138006,972.57
1424290138186,972.59
1424290138366,972.57
1424290138549,972.59
1424290138722,972.56
1424290138904,972.56
1424290139083,972.57
1424290139264,972.53
1424290139442,972.54
1424290139623,972.53
1424290139803,972.55
1424290139984,972.6
1424290140163,972.57
1424290140342,972.59
1424290140524,972.56
1424290140703,972.57
1424290140885,972.56
1424290141063,972.54
1424290141243,972.51
1424290141425,972.54
1424290141721,972.53
1424290141799,972.48
1424290141967,972.54
1424290142144,972.51
1424290142324,972.54
1424290142505,972.52
1424290142685,972.54
1424290142865,972.53
1424290143045,972.54
1424290143225,972.54
1424290143405,972.52
1424290143586,972.48
1424290143766,972.49
1424290143965,972.52
1424290144129,972.54
1424290144306,972.5
1424290144486,972.52
1424290144667,972.53
1424290144847,972.54
1424290145029,972.48
1424290145207,972.49
1424290145387,972.57
1424290145863,972.53
1424290145863,972.54
1424290145928,972.5
1424290146108,972.5
1424290146288,972.55
1424290146468,972.5
1424290146648,972.51
1424290146830,972.51
1424290147009,972.49
1424290147189,972.45
1424290147369,972.44
1424290147550,972.48
1424290147730,972.52
1424290147910,972.46
1424290148092,972.55
1424290148272,972.52
1424290148453,972.52
1424290148633,972.49
1424290148814,972.53
1424290149002,972.54
1424290149174,972.49
1424290149356,972.48
1424290149536,972.53
1424290149712,972.46
1424290149896,972.49
1424290150073,972.53
1424290150255,972.53
1424290150433,972.54
1424290150617,972.5
1424290150796,972.54
1424290150978,972.48
1424290151158,972.56
1424290151335,972.57
1424290151518,972.49
1424290151699,972.55
1424290151875,972.55
1424290152059,972.51
1424290152239,972.54
1424290152417,972.56
1424290152600,972.53
1424290152780,972.53
1424290153058,972.48
1424290153136,972.51
1424290153353,972.55
1424290153495,972.55
1424290153675,972.55
1424290153855,972.58
1424290154038,972.61
1424290154216,972.61
1424290154396,972.6
1424290154576,972.6
1424290154758,972.58
1424290154941,972.57
1424290155122,972.6
1424290155301,972.62
1424290155482,972.59
1424290155663,972.56
1424290155840,972.52
1424290156027,972.59
1424290156203,972.61
1424290156383,972.55
1424290156564,972.55
1424290156744,972.56
1424290156923,972.58
1424290157100,972.61
1424290157284,972.63
1424290157463,972.56
1424290157641,972.56
1424290157820,972.6
1424290158000,972.59
1424290158185,972.59
1424290158366,972.54
1424290158546,972.57
1424290158725,972.55
1424290158906,972.54
1424290159090,972.55
1424290159264,972.56
1424290159443,972.54
1424290159626,972.59
1424290159806,972.58
1424290159987,972.54
1424290160167,972.52
1424290160342,972.5
1424290160530,972.53
1424290160705,972.54
1424290160886,972.49
1424290161066,972.51
1424290161243,972.49
1424290161428,972.53
1424290161608,972.48
1424290161785,972.54
1424290161968,972.55
1424290162148,972.61
1424290162324,972.62
1424290162504,972.55
1424290162689,972.69
1424290162868,972.57
1424290163049,972.56
1424290163227,972.59
1424290163409,972.61
1424290163586,972.56
1424290163766,972.58
1424290163946,972.57
1424290164127,972.54
1424290164305,972.55
1424290164486,972.59
1424290164668,972.51
1424290164847,972.57
1424290165032,972.57
1424290165214,972.52
1424290165390,972.54
1424290165572,972.57
1424290165752,972.54
1424290165931,972.61
1424290166123,972.56
1424290166290,972.58
1424290166490,972.55
1424290166652,972.57
1424290166831,972.6
1424290167010,972.61
1424290167202,972.55
1424290167413,972.57
1424290167553,972.58
1424290167734,972.56
1424290167914,972.58
1424290168094,972.63
1424290168272,972.58
1424290168454,972.55
1424290168633,972.51
1424290168813,972.61
1424290168994,972.53
1424290169173,972.62
1424290169355,972.51
1424290169537,972.52
1424290169716,972.51
1424290169892,972.49
1424290170076,972.5
1424290170257,972.56
1424290170437,972.58
1424290170614,972.56
1424290170818,972.58
1424290170989,972.55
1424290171155,972.56
1424290171334,972.57
1424290171513,972.58
1424290171695,972.51
1424290171875,972.51
1424290172359,972.59
1424290172360,972.53
1424290172437,972.53
1424290172598,972.6
1424290172775,972.5
1424290172959,972.56
1424290173139,972.5
1424290173318,972.54
1424290173498,972.56
1424290173678,972.53
1424290173860,972.56
1424290174039,972.52
1424290174220,972.52
1424290174400,972.53
1424290174580,972.6
1424290174761,972.57
1424290174939,972.5
1424290175120,972.55
1424290175301,972.48
1424290175481,972.52
1424290175660,972.54
1424290175842,972.52
1424290176022,972.54
1424290176200,972.5
1424290176381,972.51
1424290176750,972.55
1424290176751,972.52
1424290176921,972.49
1424290177103,972.5
1424290177284,972.56
1424290177462,972.5
1424290177644,972.58
1424290177824,972.53
1424290178003,972.49
1424290178184,972.53
1424290178360,972.51
1424290178545,972.52
1424290178724,972.51
1424290178904,972.5
1424290179085,972.47
1424290179268,972.44
1424290179446,972.47
1424290179626,972.53
1424290179805,972.52
1424290180025,972.52
1424290180162,972.5
1424290180344,972.51
1424290180522,972.51
1424290180702,972.56
1424290180883,972.58
1424290181061,972.56
1424290181241,972.51
1424290181422,972.48
1424290181602,972.51
1424290181782,972.52
1424290181964,972.5
1424290182142,972.52
1424290182323,972.54
1424290182502,972.51
1424290182683,972.52
1424290182863,972.51
1424290183045,972.49
1424290183223,972.51
1424290183403,972.53
1424290183586,972.56
1424290183764,972.5
1424290183947,972.57
1424290184130,972.54
1424290184310,972.55
1424290184490,972.52
1424290184698,972.5
1424290184851,972.5
1424290185027,972.49
1424290185211,972.47
1424290185391,972.47
1424290185572,972.47
1424290185750,972.47
1424290185932,972.46
1424290186112,972.5
1424290186289,972.52
1424290186473,972.5
1424290186650,972.53
1424290186831,972.56
1424290187012,972.55
1424290187192,972.52
1424290187373,972.49
1424290187553,972.48
1424290187732,972.52
1424290187913,972.53
1424290188094,972.47
1424290188270,972.49
1424290188454,972.48
1424290188630,972.54
1424290188811,972.54
1424290188994,972.55
1424290189176,972.56
1424290189353,972.53
1424290189532,972.55
1424290189716,972.5
1424290189896,972.5
1424290190075,972.57
1424290190273,972.54
1424290190431,972.47
1424290190616,972.51
1424290190796,972.47
1424290190975,972.51
1424290191156,972.49
1424290191332,972.52
1424290191517,972.52
1424290191695,972.46
1424290191876,972.51
1424290192059,972.54
1424290192238,972.49
1424290192417,972.56
1424290192598,972.55
1424290192788,972.54
1424290192960,972.42
1424290193139,972.46
1424290193314,972.46
1424290193496,972.42
1424290193679,972.51
1424290193862,972.5
1424290194037,972.5
1424290194219,972.51
1424290194399,972.48
1424290194578,972.51
1424290194759,972.43
1424290194940,972.47
1424290195119,972.47
1424290195299,972.48
1424290195481,972.53
1424290195661,972.47
1424290195841,972.47
1424290196021,972.52
1424290196201,972.49
1424290196380,972.54
1424290196562,972.51
1424290196742,972.54
1424290196922,972.48
1424290197101,972.52
1424290197279,972.53
1424290197463,972.5
1424290197642,972.52
1424290197819,972.53
1424290198003,972.5
1424290198183,972.55
1424290198361,972.5
1424290198546,972.44
1424290198724,972.47
1424290198901,972.45
1424290199084,972.46
1424290199264,972.49
1424290199444,972.55
1424290199625,972.45
1424290199805,972.51
1424290199985,972.53
1424290200213,972.52
1424290200340,972.5
1424290200520,972.49
1424290200705,972.51
1424290200885,972.51
1424290201065,972.5
1424290201246,972.47
1424290201426,972.47
1424290201607,972.49
1424290201786,972.48
1424290201970,972.46
1424290202148,972.49
1424290202325,972.54
1424290202508,972.5
1424290202688,972.51
1424290202868,972.53
1424290203048,972.56
1424290203228,972.51
1424290203407,972.52
1424290203589,972.52
1424290203766,972.47
1424290203949,972.48
1424290204129,972.47
1424290204305,972.49
1424290204488,972.47
1424290204669,972.5
1424290204853,972.5
1424290205030,972.5
1424290205210,972.54
1424290205389,972.52
1424290205569,972.55
1424290205750,972.47
1424290205933,972.51
1424290206108,972.54
1424290206291,972.45
1424290206470,972.58
1424290206651,972.49
1424290206831,972.48
1424290207012,972.5
1424290207191,972.44
1424290207369,972.5
1424290207552,972.5
1424290207732,972.48
1424290207913,972.51
1424290208093,972.51
1424290208273,972.48
1424290208452,972.47
1424290208633,972.49
1424290208813,972.48
1424290208993,972.49
1424290209174,972.45
1424290209354,972.49
1424290209532,972.46
1424290209714,972.48
1424290209890,972.52
1424290210071,972.5
1424290210252,972.53
1424290210433,972.46
1424290210614,972.47
1424290210795,972.53
1424290210976,972.54
1424290211156,972.51
1424290211352,972.56
1424290211516,972.48
1424290211696,972.48
1424290211876,972.46
1424290212052,972.5
1424290212232,972.5
1424290212411,972.57
1424290212597,972.53
1424290212776,972.5
1424290212955,972.5
1424290213136,972.55
1424290213317,972.5
1424290213498,972.48
1424290213678,972.53
1424290213858,972.5
1424290214039,972.49
1424290214216,972.49
1424290214398,972.42
1424290214579,972.46
1424290214760,972.51
1424290214939,972.5
1424290215120,972.47
1424290215295,972.48
1424290215479,972.54
1424290215660,972.51
1424290215840,972.49
1424290216020,972.42
1424290216200,972.48
1424290216380,972.52
1424290216561,972.5
1424290216741,972.42
1424290216918,972.53
1424290217101,972.51
1424290217282,972.5
1424290217462,972.48
1424290217642,972.58
1424290217822,972.55
1424290218005,972.55
1424290218183,972.52
1424290218363,972.55
1424290218540,972.52
1424290218722,972.54
1424290218901,972.52
1424290219082,972.49
1424290219263,972.53
1424290219444,972.52
1424290219624,972.55
1424290219804,972.54
1424290219984,972.52
1424290220163,972.52
1424290220342,972.54
1424290220598,972.48
1424290220700,972.5
1424290220880,972.5
1424290221063,972.48
1424290221241,972.49
1424290221422,972.49
1424290221604,972.49
1424290221783,972.51
1424290221965,972.47
1424290222146,972.54
1424290222325,972.52
1424290222506,972.51
1424290222686,972.47
1424290222867,972.51
1424290223045,972.45
1424290223226,972.5
1424290223407,972.43
1424290223587,972.55
1424290223766,972.48
1424290223950,972.47
1424290224127,972.51
1424290224306,972.48
1424290224486,972.5
1424290224664,972.52
1424290224844,972.52
1424290225023,972.54
1424290225204,972.54
1424290225384,972.51
1424290225566,972.49
1424290225749,972.51
1424290225929,972.52
1424290226108,972.52
1424290226286,972.49
1424290226469,972.5
1424290226650,972.49
1424290226830,972.5
1424290227011,972.52
1424290227191,972.49
1424290227369,972.57
1424290227551,972.54
1424290227731,972.45
1424290227910,972.59
1424290228091,972.55
1424290228272,972.48
1424290228451,972.49
1424290228629,972.54
1424290228812,972.48
1424290228990,972.53
1424290229173,972.51
1424290229352,972.51
1424290229534,972.49
1424290229714,972.52
1424290229893,972.55
1424290230074,972.5
1424290230251,972.49
1424290230434,972.51
1424290230611,972.48
1424290230791,972.47
1424290230972,972.51
1424290231155,972.53
1424290231331,972.5
1424290231511,972.5
1424290231691,972.5
1424290231871,972.49
1424290232050,972.5
1424290232348,972.48
1424290232410,972.48
1424290232591,972.46
1424290232771,972.49
1424290232951,972.42
1424290233131,972.49
1424290233312,972.47
1424290233494,972.45
1424290233672,972.5
1424290233856,972.52
1424290234039,972.51
1424290234218,972.47
1424290234397,972.52
1424290234582,972.55
1424290234755,972.52
1424290234937,972.5
1424290235118,972.46
1424290235299,972.54
1424290235474,972.51
1424290235655,972.55
1424290235835,972.54
1424290236014,972.52
1424290236194,972.53
1424290236374,972.49
1424290236554,972.49
1424290236740,972.51
1424290236919,972.52
1424290237103,972.51
1424290237292,972.51
1424290237458,972.52
1424290237641,972.52
1424290237820,972.49
1424290238001,972.52
1424290238181,972.5
1424290238360,972.52
1424290238540,972.51
1424290238721,972.49
1424290238901,972.52
1424290239081,972.49
1424290239260,972.51
1424290239443,972.49
1424290239620,972.49
1424290239803,972.52
1424290239983,972.49
1424290240163,972.52
1424290240344,972.57
1424290240519,972.55
1424290240704,972.52
1424290240884,972.52
1424290241060,972.47
1424290241245,972.47
1424290241426,972.48
1424290241604,972.54
1424290241783,972.52
1424290241962,972.5
1424290242144,972.48
1424290242325,972.54
1424290242506,972.51
1424290242685,972.49
1424290242864,972.4
1424290243042,972.41
1424290243222,972.45
1424290243402,972.36
1424290243581,972.37
1424290243764,972.4
1424290243946,972.49
1424290244122,972.45
1424290244302,972.48
1424290244482,972.43
1424290244662,972.48
1424290244842,972.52
1424290245023,972.49
1424290245203,972.46
1424290245383,972.48
1424290245563,972.46
1424290245773,972.44
1424290245924,972.45
1424290246104,972.45
1424290246284,972.45
1424290246465,972.43
1424290246649,972.42
1424290246824,972.49
