1581013654761,993.1575
1581013654761,993.1575
1581013654799,993.1575
1581013654842,993.1352
1581013654876,993.1352
1581013654914,993.1352
1581013654954,993.1352
1581013654992,993.1309
1581013655030,993.1309
1581013655069,993.1309
1581013655111,993.1309
1581013655146,993.1274
1581013655184,993.1274
1581013655228,993.1274
1581013655261,993.1274
1581013655299,993.13226
1581013655340,993.13226
1581013655379,993.13226
1581013655417,993.13226
1581013655456,993.12085
1581013655493,993.12085
1581013655531,993.12085
1581013655569,993.12085
1581013655608,993.1675
1581013655648,993.1675
1581013655687,993.1675
1581013655723,993.1675
1581013655761,993.1602
1581013655801,993.1602
1581013655842,993.1602
1581013655882,993.1602
1581013655917,993.1702
1581013655957,993.1702
1581013655993,993.1702
1581013656031,993.1702
1581013656076,993.186
1581013656117,993.186
1581013656145,993.186
1581013656186,993.186
1581013656233,993.20483
1581013656273,993.20483
1581013656302,993.20483
1581013656339,993.20483
1581013656377,993.20557
1581013656416,993.20557
1581013656453,993.20557
1581013656492,993.20557
1581013656530,993.19366
1581013656571,993.19366
1581013656608,993.19366
1581013656646,993.19366
1581013656684,993.23035
1581013656722,993.23035
1581013656761,993.23035
1581013656799,993.23035
1581013656839,993.238
1581013656877,993.238
1581013656917,993.238
1581013656958,993.238
1581013656992,993.3233
1581013657036,993.3233
1581013657070,993.3233
1581013657107,993.3233
1581013657157,993.37164
1581013657188,993.37164
1581013657224,993.37164
1581013657261,993.37164
1581013657299,993.3599
1581013657337,993.3599
1581013657375,993.3599
1581013657414,993.3599
1581013657452,993.31854
1581013657491,993.31854
1581013657529,993.31854
1581013657568,993.31854
1581013657606,993.2599
1581013657646,993.2599
1581013657689,993.2599
1581013657722,993.2599
1581013657764,993.2589
1581013657800,993.2589
1581013657838,993.2589
1581013657878,993.2589
1581013657916,993.2202
1581013657955,993.2202
1581013657993,993.2202
1581013658031,993.2202
1581013658068,993.2219
1581013658108,993.2219
1581013658145,993.2219
1581013658184,993.2219
1581013658223,993.2668
1581013658296,993.2668
1581013658314,993.2668
1581013658341,993.2668
1581013658375,993.2823
1581013658417,993.2823
1581013658454,993.2823
1581013658491,993.2823
1581013658529,993.26276
1581013658570,993.26276
1581013658607,993.26276
1581013658645,993.26276
1581013658684,993.1851
1581013658721,993.1851
1581013658761,993.1851
1581013658800,993.1851
1581013658839,993.18243
1581013658875,993.18243
1581013658913,993.18243
1581013658953,993.18243
1581013658992,993.179
1581013659029,993.179
1581013659070,993.179
1581013659110,993.179
1581013659145,993.1696
1581013659183,993.1696
1581013659223,993.1696
1581013659260,993.1696
1581013659298,993.21
1581013659338,993.21
1581013659378,993.21
1581013659429,993.21
1581013659465,993.2509
1581013659492,993.2509
1581013659529,993.2509
1581013659567,993.2509
1581013659609,993.2709
1581013659646,993.2709
1581013659682,993.2709
1581013659721,993.2709
1581013659759,993.2122
1581013659798,993.2122
1581013659837,993.2122
1581013659877,993.2122
1581013659918,993.1656
1581013659953,993.1656
1581013659990,993.1656
1581013660030,993.1656
1581013660070,993.1543
1581013660106,993.1543
1581013660144,993.1543
1581013660186,993.1543
1581013660233,993.1577
1581013660260,993.1577
1581013660299,993.1577
1581013660338,993.1577
1581013660379,993.1671
1581013660414,993.1671
1581013660455,993.1671
1581013660497,993.1671
1581013660533,993.2085
1581013660568,993.2085
1581013660608,993.2085
1581013660645,993.2085
1581013660684,993.2413
1581013660727,993.2413
1581013660761,993.2413
1581013660800,993.2413
1581013660837,993.212
1581013660878,993.212
1581013660914,993.212
1581013660959,993.212
1581013660992,993.1533
1581013661031,993.1533
1581013661069,993.1533
1581013661108,993.1533
1581013661147,993.1525
1581013661184,993.1525
1581013661226,993.1525
1581013661261,993.1525
1581013661299,993.156
1581013661337,993.156
1581013661377,993.156
1581013661414,993.156
1581013661478,993.16364
1581013661491,993.16364
1581013661530,993.16364
1581013661567,993.16364
1581013661610,993.22235
1581013661645,993.22235
1581013661684,993.22235
1581013661722,993.22235
1581013661762,993.262
1581013661798,993.262
1581013661837,993.262
1581013661879,993.262
1581013661915,993.24994
1581013661976,993.24994
1581013661990,993.24994
1581013662028,993.24994
1581013662067,993.1965
1581013662107,993.1965
1581013662147,993.1965
1581013662183,993.1965
1581013662227,993.1698
1581013662260,993.1698
1581013662297,993.1698
1581013662337,993.1698
1581013662377,993.1706
1581013662420,993.1706
1581013662454,993.1706
1581013662490,993.1706
1581013662530,993.16754
1581013662569,993.16754
1581013662607,993.16754
1581013662646,993.16754
1581013662684,993.1727
1581013662731,993.1727
1581013662760,993.1727
1581013662801,993.2331
1581013662836,993.2331
1581013662875,993.2331
1581013662915,993.2331
1581013662953,993.26764
1581013662990,993.26764
1581013663030,993.26764
1581013663067,993.26764
1581013663107,993.2338
1581013663145,993.2338
1581013663184,993.2338
1581013663222,993.2338
1581013663259,993.17346
1581013663299,993.17346
1581013663338,993.17346
1581013663378,993.17346
1581013663414,993.1752
1581013663455,993.1752
1581013663490,993.1752
1581013663529,993.1752
1581013663568,993.1791
1581013663607,993.1791
1581013663647,993.1791
1581013663683,993.1791
1581013663720,993.1687
1581013663760,993.1687
1581013663799,993.1687
1581013663836,993.1687
1581013663874,993.2015
1581013663914,993.2015
1581013663953,993.2015
1581013663990,993.2015
1581013664029,993.25055
1581013664069,993.25055
1581013664108,993.25055
1581013664144,993.25055
1581013664183,993.25916
1581013664222,993.25916
1581013664261,993.25916
1581013664298,993.25916
1581013664339,993.1877
1581013664375,993.1877
1581013664413,993.1877
1581013664451,993.1877
1581013664492,993.1687
1581013664530,993.1687
1581013664568,993.1687
1581013664607,993.1687
1581013664644,993.1566
1581013664693,993.1566
1581013664724,993.1566
1581013664762,993.1566
1581013664799,993.16425
1581013664838,993.16425
1581013664876,993.16425
1581013664915,993.16425
1581013664952,993.1815
1581013664991,993.1815
1581013665029,993.1815
1581013665071,993.1815
1581013665105,993.2323
1581013665144,993.2323
1581013665184,993.2323
1581013665226,993.2323
1581013665259,993.26166
1581013665297,993.26166
1581013665337,993.26166
1581013665377,993.26166
1581013665414,993.2427
1581013665453,993.2427
1581013665491,993.2427
1581013665529,993.2427
1581013665567,993.18744
1581013665607,993.18744
1581013665646,993.18744
1581013665683,993.18744
1581013665722,993.18964
1581013665758,993.18964
1581013665798,993.18964
1581013665838,993.18964
1581013665875,993.17194
1581013665913,993.17194
1581013665955,993.17194
1581013665990,993.17194
1581013666028,993.1706
1581013666067,993.1706
1581013666108,993.1706
1581013666145,993.1706
1581013666185,993.2017
1581013666224,993.2017
1581013666259,993.2017
1581013666296,993.2017
1581013666336,993.2155
1581013666375,993.2155
1581013666413,993.2155
1581013666452,993.2155
1581013666491,993.2431
1581013666528,993.2431
1581013666567,993.2431
1581013666605,993.2431
1581013666648,993.19037
1581013666685,993.19037
1581013666721,993.19037
1581013666759,993.19037
1581013666798,993.1645
1581013666836,993.1645
1581013666876,993.1645
1581013666914,993.1645
1581013666952,993.1662
1581013666989,993.1662
1581013667028,993.1662
1581013667068,993.1662
1581013667108,993.1714
1581013667144,993.1714
1581013667183,993.1714
1581013667223,993.1714
1581013667258,993.1835
1581013667297,993.1835
1581013667338,993.1835
1581013667375,993.1835
1581013667414,993.23395
1581013667452,993.23395
1581013667489,993.23395
1581013667528,993.23395
1581013667566,993.26495
1581013667604,993.26495
1581013667643,993.26495
1581013667681,993.26495
1581013667726,993.25806
1581013667759,993.25806
1581013667798,993.25806
1581013667835,993.25806
1581013667876,993.2046
1581013667913,993.2046
1581013667955,993.2046
1581013667989,993.2046
1581013668031,993.1908
1581013668066,993.1908
1581013668107,993.1908
1581013668144,993.1908
1581013668181,993.17773
1581013668223,993.17773
1581013668258,993.17773
1581013668297,993.17773
1581013668337,993.1691
1581013668374,993.1691
1581013668413,993.1691
1581013668450,993.1691
1581013668491,993.18805
1581013668528,993.18805
1581013668566,993.18805
1581013668605,993.18805
1581013668642,993.2233
1581013668682,993.2233
1581013668721,993.2233
1581013668759,993.2233
1581013668798,993.2423
1581013668837,993.2423
1581013668876,993.2423
1581013668912,993.2423
1581013668952,993.21124
1581013668990,993.21124
1581013669028,993.21124
1581013669069,993.21124
1581013669105,993.1716
1581013669143,993.1716
1581013669182,993.1716
1581013669221,993.1716
1581013669257,993.18195
1581013669298,993.18195
1581013669337,993.18195
1581013669373,993.18195
1581013669415,993.1647
1581013669450,993.1647
1581013669490,993.1647
1581013669528,993.1647
1581013669572,993.1543
1581013669604,993.1543
1581013669641,993.1543
1581013669681,993.1543
1581013669721,993.18756
1581013669758,993.18756
1581013669796,993.18756
1581013669835,993.18756
1581013669874,993.2048
1581013669913,993.2048
1581013669952,993.2048
1581013669988,993.2048
1581013670028,993.21857
1581013670068,993.21857
1581013670104,993.21857
1581013670144,993.21857
1581013670184,993.16583
1581013670225,993.16583
1581013670258,993.16583
1581013670297,993.16583
1581013670335,993.13824
1581013670375,993.13824
1581013670413,993.13824
1581013670451,993.13824
1581013670490,993.1421
1581013670528,993.1421
1581013670565,993.1421
1581013670606,993.1421
1581013670644,993.14685
1581013670682,993.14685
1581013670724,993.14685
1581013670759,993.14685
1581013670797,993.17145
1581013670836,993.17145
1581013670873,993.17145
1581013670912,993.17145
1581013670951,993.2142
1581013670991,993.2142
1581013671028,993.2142
1581013671066,993.2142
1581013671105,993.23315
1581013671143,993.23315
1581013671183,993.23315
1581013671221,993.23315
1581013671257,993.2073
1581013671296,993.2073
1581013671335,993.2073
1581013671373,993.2073
1581013671413,993.1693
1581013671450,993.1693
1581013671489,993.1693
1581013671528,993.1693
1581013671567,993.17834
1581013671605,993.17834
1581013671642,993.17834
1581013671682,993.17834
1581013671720,993.16974
1581013671758,993.16974
1581013671796,993.16974
1581013671834,993.16974
1581013671874,993.1628
1581013671913,993.1628
1581013671953,993.1628
1581013671990,993.1628
1581013672029,993.17316
1581013672066,993.17316
1581013672105,993.17316
1581013672141,993.17316
1581013672183,993.2008
1581013672219,993.2008
1581013672258,993.2008
1581013672296,993.2309
1581013672334,993.2309
1581013672375,993.2309
1581013672413,993.2309
1581013672452,993.1939
1581013672492,993.1939
1581013672527,993.1939
1581013672566,993.1939
1581013672605,993.149
1581013672641,993.149
1581013672690,993.149
1581013672722,993.149
1581013672762,993.15765
1581013672797,993.15765
1581013672836,993.15765
1581013672877,993.15765
1581013672912,993.17487
1581013672951,993.17487
1581013672989,993.17487
1581013673028,993.17487
1581013673066,993.1791
1581013673107,993.1791
1581013673142,993.1791
1581013673183,993.1791
1581013673220,993.243
1581013673262,993.243
1581013673302,993.243
1581013673335,993.243
1581013673377,993.2637
1581013673412,993.2637
1581013673452,993.2637
1581013673489,993.2637
1581013673528,993.25714
1581013673567,993.25714
1581013673604,993.25714
1581013673643,993.25714
1581013673680,993.2027
1581013673719,993.2027
1581013673757,993.2027
1581013673795,993.2027
1581013673835,993.2027
1581013673875,993.2027
1581013673912,993.2027
1581013673950,993.2027
1581013673990,993.1855
1581013674029,993.1855
1581013674064,993.1855
1581013674103,993.1855
1581013674141,993.1768
1581013674180,993.1768
1581013674219,993.1768
1581013674258,993.1768
1581013674296,993.2182
1581013674334,993.2182
1581013674372,993.2182
1581013674412,993.2182
1581013674451,993.24066
1581013674488,993.24066
1581013674528,993.24066
1581013674567,993.24066
1581013674603,993.24585
1581013674641,993.24585
1581013674680,993.24585
1581013674718,993.24585
1581013674760,993.1975
1581013674795,993.1975
1581013674833,993.1975
1581013674873,993.1975
1581013674911,993.17065
1581013674951,993.17065
1581013674988,993.17065
1581013675029,993.17065
1581013675064,993.163
1581013675103,993.163
1581013675143,993.163
1581013675180,993.163
1581013675218,993.1751
1581013675258,993.1751
1581013675295,993.1751
1581013675334,993.1751
1581013675374,993.2017
1581013675411,993.2017
1581013675449,993.2017
1581013675488,993.2017
1581013675526,993.2328
1581013675566,993.2328
1581013675603,993.2328
1581013675643,993.2328
1581013675681,993.2535
1581013675719,993.2535
1581013675757,993.2535
1581013675796,993.2535
1581013675834,993.2276
1581013675872,993.2276
1581013675910,993.2276
1581013675949,993.2276
1581013675989,993.1879
1581013676027,993.1879
1581013676068,993.1879
1581013676103,993.1879
1581013676142,993.19653
1581013676180,993.19653
1581013676223,993.19653
1581013676259,993.19653
1581013676297,993.19006
1581013676334,993.19006
1581013676373,993.19006
1581013676413,993.19006
1581013676449,993.18567
1581013676488,993.18567
1581013676526,993.18567
1581013676564,993.18567
1581013676604,993.20215
1581013676642,993.20215
1581013676681,993.20215
1581013676720,993.20215
1581013676757,993.22705
1581013676797,993.22705
1581013676834,993.22705
1581013676873,993.22705
1581013676912,993.21674
1581013676951,993.21674
1581013676988,993.21674
1581013677027,993.21674
1581013677064,993.18567
1581013677102,993.18567
1581013677143,993.18567
1581013677181,993.18567
1581013677218,993.1649
1581013677259,993.1649
1581013677295,993.1649
1581013677334,993.1649
1581013677372,993.1667
1581013677412,993.1667
1581013677450,993.1667
1581013677487,993.1667
1581013677526,993.1861
1581013677563,993.1861
1581013677605,993.1861
1581013677642,993.1861
1581013677681,993.1874
1581013677719,993.1874
1581013677755,993.1874
1581013677795,993.1874
1581013677834,993.23224
1581013677872,993.23224
1581013677910,993.23224
1581013677949,993.23224
1581013677988,993.23566
1581013678025,993.23566
1581013678066,993.23566
1581013678105,993.23566
1581013678142,993.22705
1581013678181,993.22705
1581013678217,993.22705
1581013678258,993.22705
1581013678294,993.19257
1581013678332,993.19257
1581013678371,993.19257
1581013678410,993.19257
1581013678449,993.1839
1581013678486,993.1839
1581013678525,993.1839
1581013678563,993.1839
1581013678603,993.19257
1581013678641,993.19257
1581013678679,993.19257
1581013678719,993.19257
1581013678758,993.1843
1581013678795,993.1843
1581013678834,993.1843
1581013678873,993.1843
1581013678910,993.1826
1581013678948,993.1826
1581013678986,993.1826
1581013679026,993.1826
1581013679064,993.2085
1581013679104,993.2085
1581013679141,993.2085
1581013679180,993.2085
1581013679219,993.2016
1581013679256,993.2016
1581013679294,993.2016
1581013679333,993.2016
1581013679371,993.2282
1581013679409,993.2282
1581013679450,993.2282
1581013679487,993.2282
1581013679527,993.23517
1581013679565,993.23517
1581013679601,993.23517
1581013679641,993.23517
1581013679678,993.2161
1581013679716,993.2161
1581013679756,993.2161
1581013679793,993.2161
1581013679832,993.16956
1581013679871,993.16956
1581013679912,993.16956
1581013679949,993.16956
1581013679985,993.16785
1581013680026,993.16785
1581013680063,993.16785
1581013680101,993.16785
1581013680140,993.1634
1581013680178,993.1634
1581013680217,993.1634
1581013680257,993.1634
1581013680296,993.1617
1581013680333,993.1617
1581013680375,993.1617
1581013680410,993.1617
1581013680447,993.19275
1581013680486,993.19275
1581013680527,993.19275
1581013680564,993.19275
1581013680607,993.22723
1581013680641,993.22723
1581013680679,993.22723
1581013680719,993.22723
1581013680759,993.2376
1581013680793,993.2376
1581013680832,993.2376
1581013680872,993.2376
1581013680909,993.2186
1581013680947,993.2186
1581013680987,993.2186
1581013681024,993.2186
1581013681065,993.17206
1581013681102,993.17206
1581013681140,993.17206
1581013681188,993.17206
1581013681216,993.18414
1581013681259,993.18414
1581013681293,993.18414
1581013681333,993.18414
1581013681374,993.17377
1581013681409,993.17377
1581013681449,993.17377
1581013681487,993.17377
1581013681526,993.17896
1581013681575,993.17896
1581013681605,993.17896
1581013681640,993.17896
1581013681679,993.21344
1581013681717,993.21344
1581013681760,993.21344
1581013681793,993.2411
1581013681832,993.2411
1581013681873,993.2411
1581013681911,993.2411
1581013681949,993.257
1581013681988,993.257
1581013682025,993.257
1581013682063,993.257
1581013682102,993.22943
1581013682143,993.22943
1581013682180,993.22943
1581013682217,993.22943
1581013682256,993.188
1581013682294,993.188
1581013682331,993.188
1581013682370,993.188
1581013682410,993.1759
1581013682448,993.1759
1581013682487,993.1759
1581013682525,993.1759
1581013682563,993.1863
1581013682605,993.1863
1581013682639,993.1863
1581013682678,993.1863
1581013682717,993.1845
1581013682756,993.1845
1581013682795,993.1845
1581013682833,993.1845
1581013682873,993.21387
1581013682910,993.21387
1581013682948,993.21387
1581013682988,993.21387
1581013683026,993.22076
1581013683064,993.22076
1581013683101,993.22076
1581013683140,993.22076
1581013683181,993.23285
1581013683217,993.23285
1581013683258,993.23285
1581013683294,993.23285
1581013683332,993.1794
1581013683374,993.1794
1581013683408,993.1794
1581013683448,993.1794
1581013683488,993.1604
1581013683524,993.1604
1581013683561,993.1604
1581013683600,993.1604
1581013683640,993.1656
1581013683677,993.1656
1581013683716,993.1656
1581013683753,993.1656
1581013683795,993.1853
1581013683831,993.1853
1581013683883,993.1853
1581013683909,993.1853
1581013683948,993.1966
1581013683987,993.1966
1581013684025,993.1966
1581013684063,993.1966
1581013684102,993.2277
1581013684140,993.2277
1581013684178,993.2277
1581013684218,993.2277
1581013684261,993.25183
1581013684295,993.25183
1581013684334,993.25183
1581013684370,993.25183
1581013684410,993.2277
1581013684448,993.2277
1581013684487,993.2277
1581013684525,993.2277
1581013684563,993.188
1581013684602,993.188
1581013684643,993.188
1581013684681,993.188
1581013684715,993.1922
1581013684755,993.1922
1581013684793,993.1922
1581013684832,993.1922
1581013684874,993.1939
1581013684910,993.1939
1581013684946,993.1939
1581013684987,993.1939
1581013685023,993.1905
1581013685063,993.1905
1581013685115,993.1905
1581013685141,993.1905
1581013685178,993.2198
1581013685216,993.2198
1581013685255,993.2198
1581013685292,993.2198
1581013685331,993.2409
1581013685371,993.2409
1581013685407,993.2409
1581013685450,993.2409
1581013685486,993.2409
1581013685525,993.2409
1581013685563,993.2409
1581013685601,993.2409
1581013685641,993.18475
1581013685678,993.18475
1581013685716,993.18475
1581013685756,993.18475
1581013685795,993.1731
1581013685832,993.1731
1581013685869,993.1731
1581013685910,993.1731
1581013685947,993.1652
1581013685985,993.1652
1581013686026,993.1652
1581013686062,993.1652
1581013686101,993.15826
1581013686150,993.15826
1581013686176,993.15826
1581013686214,993.15826
1581013686253,993.1871
1581013686291,993.1871
1581013686331,993.1871
1581013686370,993.1871
1581013686409,993.20624
1581013686449,993.20624
1581013686487,993.20624
1581013686525,993.20624
1581013686562,993.22986
1581013686603,993.22986
1581013686640,993.22986
1581013686677,993.22986
1581013686718,993.1852
1581013686756,993.1852
1581013686792,993.1852
1581013686831,993.1852
1581013686871,993.1415
1581013686911,993.1415
1581013686948,993.1415
1581013686985,993.1415
1581013687024,993.15765
1581013687064,993.15765
1581013687102,993.15765
1581013687140,993.15765
1581013687179,993.1613
1581013687220,993.1613
1581013687256,993.1613
1581013687292,993.1613
1581013687330,993.1822
1581013687369,993.1822
1581013687408,993.1822
1581013687448,993.1822
1581013687487,993.20135
1581013687528,993.20135
1581013687563,993.20135
1581013687600,993.20135
1581013687640,993.2607
1581013687676,993.2607
1581013687716,993.2607
1581013687755,993.2607
1581013687793,993.2302
1581013687832,993.2302
1581013687870,993.2302
1581013687909,993.2302
1581013687946,993.18726
1581013687984,993.18726
1581013688023,993.18726
1581013688061,993.18726
1581013688100,993.1909
1581013688139,993.1909
1581013688179,993.1909
1581013688218,993.1909
1581013688254,993.2019
1581013688295,993.2019
1581013688330,993.2019
1581013688369,993.2019
1581013688408,993.21344
1581013688447,993.21344
1581013688483,993.21344
1581013688524,993.21344
1581013688562,993.2533
1581013688600,993.2533
1581013688640,993.2533
1581013688680,993.2533
1581013688716,993.27637
1581013688753,993.27637
1581013688801,993.27637
1581013688831,993.27637
1581013688870,993.2507
1581013688908,993.2507
1581013688946,993.2507
1581013688984,993.2507
1581013689023,993.1939
1581013689062,993.1939
1581013689100,993.1939
1581013689139,993.1939
1581013689177,993.2079
1581013689215,993.2079
1581013689254,993.2079
1581013689293,993.2079
1581013689332,993.212
1581013689377,993.212
1581013689407,993.212
1581013689447,993.212
1581013689486,993.227
1581013689524,993.227
1581013689563,993.227
1581013689599,993.227
1581013689639,993.26263
1581013689676,993.26263
1581013689716,993.26263
1581013689757,993.26263
1581013689791,993.28357
1581013689831,993.28357
1581013689871,993.28357
1581013689907,993.28357
1581013689951,993.2682
1581013689986,993.2682
1581013690021,993.2682
1581013690061,993.2682
1581013690117,993.209
1581013690140,993.209
1581013690176,993.209
1581013690216,993.209
1581013690253,993.21185
1581013690293,993.21185
1581013690330,993.21185
1581013690370,993.21185
1581013690409,993.2148
1581013690448,993.2148
1581013690486,993.2148
1581013690522,993.2148
1581013690562,993.2172
1581013690600,993.2172
1581013690639,993.2172
1581013690677,993.2172
1581013690718,993.25116
1581013690753,993.25116
1581013690796,993.25116
1581013690830,993.27783
1581013690869,993.27783
1581013690907,993.27783
1581013690949,993.27783
1581013690985,993.2652
1581013691025,993.2652
1581013691064,993.2652
1581013691101,993.2652
1581013691138,993.2094
1581013691177,993.2094
1581013691216,993.2094
1581013691253,993.2094
1581013691310,993.2106
1581013691329,993.2106
1581013691368,993.2106
1581013691407,993.2106
1581013691447,993.2286
1581013691485,993.2286
1581013691522,993.2286
1581013691561,993.2286
1581013691599,993.2307
1581013691640,993.2307
1581013691677,993.2307
1581013691715,993.2307
1581013691754,993.27637
1581013691793,993.27637
1581013691830,993.27637
1581013691868,993.27637
1581013691908,993.2875
1581013691949,993.2875
1581013691986,993.2875
1581013692022,993.2875
1581013692061,993.2541
1581013692100,993.2541
1581013692138,993.2541
1581013692179,993.2541
1581013692216,993.19196
1581013692252,993.19196
1581013692295,993.19196
1581013692330,993.19196
1581013692369,993.20276
1581013692408,993.20276
1581013692445,993.20276
1581013692484,993.20276
1581013692525,993.201
1581013692562,993.201
1581013692600,993.201
1581013692640,993.201
1581013692676,993.1828
1581013692715,993.1828
1581013692755,993.1828
1581013692791,993.1828
1581013692829,993.2259
1581013692870,993.2259
1581013692906,993.2259
1581013692947,993.2259
1581013692984,993.25916
1581013693022,993.25916
1581013693061,993.25916
1581013693101,993.25916
1581013693139,993.25916
1581013693176,993.25916
1581013693216,993.25916
1581013693255,993.25916
1581013693290,993.20636
1581013693329,993.20636
1581013693368,993.20636
1581013693407,993.20636
1581013693445,993.19775
1581013693484,993.19775
1581013693522,993.19775
1581013693565,993.19775
1581013693599,993.1822
1581013693637,993.1822
1581013693676,993.1822
1581013693715,993.1822
1581013693754,993.1657
1581013693791,993.1657
1581013693832,993.1657
1581013693869,993.1657
1581013693907,993.20233
1581013693945,993.20233
1581013693983,993.20233
1581013694022,993.20233
1581013694067,993.2231
1581013694099,993.2231
1581013694139,993.2231
1581013694178,993.2231
1581013694215,993.271
1581013694254,993.271
1581013694300,993.271
1581013694328,993.271
1581013694368,993.2071
1581013694408,993.2071
1581013694445,993.2071
1581013694484,993.2071
1581013694522,993.1795
1581013694561,993.1795
1581013694598,993.1795
1581013694638,993.1795
1581013694676,993.1684
1581013694716,993.1684
1581013694753,993.1684
1581013694794,993.1684
1581013694829,993.1632
1581013694869,993.1632
1581013694909,993.1632
1581013694949,993.1632
1581013694985,993.1684
1581013695021,993.1684
1581013695059,993.1684
1581013695101,993.1684
1581013695139,993.19775
1581013695176,993.19775
1581013695215,993.19775
1581013695252,993.19775
1581013695292,993.2443
1581013695328,993.2443
1581013695370,993.2443
1581013695406,993.2443
1581013695445,993.18567
1581013695482,993.18567
1581013695521,993.18567
1581013695561,993.18567
1581013695598,993.18567
1581013695636,993.18567
1581013695676,993.18567
1581013695713,993.18567
1581013695753,993.1847
1581013695792,993.1847
1581013695830,993.1847
1581013695867,993.1847
1581013695906,993.1933
1581013695945,993.1933
1581013695985,993.1933
1581013696021,993.1933
1581013696062,993.20984
1581013696098,993.20984
1581013696137,993.20984
1581013696176,993.20984
1581013696214,993.2281
1581013696253,993.2281
1581013696293,993.2281
1581013696329,993.2281
1581013696368,993.26086
1581013696408,993.26086
1581013696443,993.26086
1581013696482,993.26086
1581013696524,993.2
1581013696560,993.2
1581013696598,993.2
1581013696637,993.2
1581013696677,993.1838
1581013696715,993.1838
1581013696753,993.1838
1581013696793,993.1838
1581013696828,993.182
1581013696867,993.182
1581013696907,993.182
1581013696946,993.182
1581013696983,993.18677
1581013697020,993.18677
1581013697060,993.18677
1581013697098,993.18677
1581013697136,993.2154
1581013697175,993.2154
1581013697217,993.2154
1581013697253,993.2154
1581013697294,993.23737
1581013697328,993.23737
1581013697367,993.23737
1581013697406,993.23737
1581013697444,993.22876
1581013697483,993.22876
1581013697522,993.22876
1581013697563,993.22876
1581013697600,993.1856
1581013697637,993.1856
1581013697675,993.1856
1581013697715,993.1856
1581013697752,993.16833
1581013697791,993.16833
1581013697830,993.16833
1581013697867,993.16833
1581013697909,993.1693
1581013697946,993.1693
1581013697983,993.1693
1581013698021,993.1693
1581013698059,993.1918
1581013698099,993.1918
1581013698137,993.1918
1581013698179,993.1918
1581013698213,993.2342
1581013698252,993.2342
1581013698291,993.2342
1581013698329,993.2342
1581013698366,993.25446
1581013698405,993.25446
1581013698444,993.25446
1581013698482,993.25446
1581013698522,993.2683
1581013698559,993.2683
1581013698597,993.2683
1581013698637,993.2683
1581013698674,993.2631
1581013698716,993.2631
1581013698752,993.2631
1581013698799,993.2631
1581013698828,993.22437
1581013698866,993.22437
1581013698906,993.22437
1581013698944,993.22437
1581013698984,993.2205
1581013699022,993.2205
1581013699059,993.2205
1581013699096,993.2205
1581013699138,993.2399
1581013699175,993.2399
1581013699215,993.2399
1581013699252,993.2399
1581013699295,993.23773
1581013699328,993.23773
1581013699366,993.23773
1581013699405,993.23773
1581013699443,993.28436
1581013699483,993.28436
1581013699521,993.28436
1581013699559,993.28436
1581013699600,993.2905
1581013699639,993.2905
1581013699674,993.2905
1581013699714,993.2905
1581013699750,993.2777
1581013699789,993.2777
1581013699828,993.2777
1581013699867,993.2777
1581013699906,993.2225
1581013699943,993.2225
1581013699983,993.2225
1581013700023,993.23456
1581013700060,993.23065
1581013700098,993.23065
1581013700140,993.23065
1581013700174,993.20575
1581013700212,993.20575
1581013700253,993.20575
1581013700290,993.20575
1581013700334,993.1942
1581013700366,993.1942
1581013700406,993.1942
1581013700443,993.1942
1581013700482,993.22015
1581013700520,993.22015
1581013700560,993.22015
1581013700599,993.22015
1581013700636,993.2352
1581013700676,993.2352
1581013700712,993.2352
1581013700752,993.2352
1581013700790,993.2466
1581013700828,993.2466
1581013700867,993.2466
1581013700907,993.2466
1581013700943,993.18195
1581013700982,993.18195
1581013701021,993.18195
1581013701058,993.18195
1581013701097,993.15607
1581013701137,993.15607
1581013701175,993.15607
1581013701213,993.15607
1581013701254,993.16125
1581013701292,993.16125
1581013701327,993.16125
1581013701367,993.16125
1581013701405,993.16943
1581013701443,993.16943
1581013701485,993.16943
1581013701519,993.16943
1581013701563,993.1929
1581013701599,993.1929
1581013701636,993.1929
1581013701675,993.1929
1581013701712,993.22003
1581013701753,993.22003
1581013701795,993.22003
1581013701827,993.22003
1581013701867,993.25287
1581013701903,993.25287
1581013701942,993.25287
1581013701983,993.25287
1581013702022,993.2287
1581013702059,993.2287
1581013702097,993.2287
1581013702136,993.2287
1581013702175,993.16235
1581013702212,993.16235
1581013702254,993.16235
1581013702291,993.16235
1581013702326,993.1616
1581013702367,993.1616
1581013702405,993.1616
1581013702442,993.1616
1581013702481,993.1702
1581013702521,993.1702
1581013702558,993.1702
1581013702597,993.1702
1581013702636,993.1733
1581013702677,993.1733
1581013702714,993.1733
1581013702751,993.1733
1581013702789,993.2285
1581013702827,993.2285
1581013702866,993.2285
1581013702904,993.2285
1581013702942,993.2527
1581013702984,993.2527
1581013703021,993.2527
1581013703059,993.2527
1581013703098,993.233
1581013703136,993.233
1581013703175,993.233
1581013703212,993.233
1581013703250,993.18634
1581013703290,993.18634
1581013703328,993.18634
1581013703366,993.18634
1581013703404,993.18634
1581013703443,993.18634
1581013703480,993.18634
1581013703521,993.18634
1581013703557,993.17035
1581013703596,993.17035
1581013703635,993.17035
1581013703673,993.17035
1581013703711,993.1679
1581013703750,993.1679
1581013703793,993.1679
1581013703827,993.1679
1581013703867,993.19855
1581013703903,993.19855
1581013703941,993.19855
1581013703982,993.19855
1581013704019,993.21924
1581013704058,993.21924
1581013704096,993.21924
1581013704136,993.21924
1581013704173,993.2486
1581013704213,993.2486
1581013704252,993.2486
1581013704291,993.2486
1581013704327,993.1978
1581013704367,993.1978
1581013704405,993.1978
1581013704443,993.1978
1581013704481,993.1357
1581013704523,993.1357
1581013704556,993.1357
1581013704597,993.1357
1581013704637,993.15564
1581013704673,993.15564
1581013704713,993.15564
1581013704754,993.15564
1581013704789,993.1673
1581013704828,993.1673
1581013704866,993.1673
1581013704903,993.1673
1581013704942,993.18976
1581013704982,993.18976
1581013705019,993.18976
1581013705058,993.18976
1581013705096,993.21564
1581013705136,993.21564
1581013705173,993.21564
1581013705214,993.21564
1581013705252,993.23285
1581013705288,993.23285
1581013705326,993.23285
1581013705365,993.23285
1581013705404,993.21564
1581013705444,993.21564
1581013705481,993.21564
1581013705519,993.21564
1581013705559,993.1707
1581013705601,993.1707
1581013705635,993.1707
1581013705693,993.1707
1581013705711,993.18207
1581013705749,993.18207
1581013705789,993.18207
1581013705832,993.18207
1581013705864,993.1976
1581013705903,993.1976
1581013705942,993.1976
1581013705980,993.1976
1581013706022,993.20233
1581013706059,993.20233
1581013706098,993.20233
1581013706133,993.20233
1581013706173,993.2369
1581013706213,993.2369
1581013706250,993.2369
1581013706290,993.2369
1581013706326,993.24994
1581013706366,993.24994
1581013706403,993.24994
1581013706442,993.24994
1581013706483,993.22577
1581013706518,993.22577
1581013706558,993.22577
1581013706595,993.22577
1581013706635,993.1802
1581013706673,993.1802
1581013706714,993.1802
1581013706750,993.1802
1581013706788,993.1784
1581013706831,993.1784
1581013706866,993.1784
1581013706903,993.1784
1581013706942,993.1802
1581013706981,993.1802
1581013707019,993.1802
1581013707058,993.1802
1581013707098,993.17804
1581013707135,993.17804
1581013707173,993.17804
1581013707212,993.17804
1581013707250,993.2211
1581013707287,993.2211
1581013707326,993.2211
1581013707364,993.2211
1581013707403,993.2488
1581013707441,993.2488
1581013707480,993.2488
1581013707520,993.2488
1581013707559,993.2436
1581013707596,993.2436
1581013707635,993.2436
1581013707674,993.2436
1581013707710,993.179
1581013707751,993.179
1581013707789,993.179
1581013707828,993.179
1581013707865,993.1751
1581013707906,993.1751
1581013707943,993.1751
1581013707981,993.1751
1581013708018,993.1768
1581013708057,993.1768
1581013708095,993.1768
1581013708136,993.1768
1581013708174,993.1837
1581013708211,993.1837
1581013708250,993.1837
1581013708288,993.1837
1581013708325,993.22
1581013708365,993.22
1581013708403,993.22
1581013708442,993.22
1581013708481,993.224
1581013708519,993.224
1581013708558,993.224
1581013708595,993.224
1581013708634,993.2447
1581013708672,993.2447
1581013708710,993.2447
1581013708753,993.2447
1581013708788,993.19293
1581013708829,993.19293
1581013708865,993.19293
1581013708903,993.19293
1581013708943,993.14215
1581013708981,993.14215
1581013709018,993.14215
1581013709057,993.14215
1581013709094,993.14215
1581013709137,993.14215
1581013709172,993.14215
1581013709212,993.14215
1581013709249,993.15
1581013709287,993.15
1581013709326,993.15
1581013709367,993.1582
1581013709403,993.1582
1581013709442,993.1582
1581013709479,993.1582
1581013709519,993.1932
1581013709557,993.1932
1581013709597,993.1932
1581013709634,993.1932
1581013709674,993.21
1581013709710,993.21
1581013709750,993.21
1581013709789,993.21
1581013709826,993.20825
1581013709862,993.20825
1581013709901,993.20825
1581013709940,993.20825
1581013709979,993.2238
1581013710016,993.2238
1581013710055,993.2238
1581013710096,993.2238
1581013710134,993.1972
1581013710173,993.1972
1581013710211,993.1972
1581013710249,993.1972
1581013710288,993.14886
1581013710327,993.14886
1581013710365,993.14886
1581013710403,993.14886
1581013710442,993.1592
1581013710480,993.1592
1581013710519,993.1592
1581013710557,993.1592
1581013710599,993.14667
1581013710634,993.14667
1581013710672,993.14667
1581013710710,993.14667
1581013710749,993.12946
1581013710789,993.12946
1581013710835,993.12946
1581013710865,993.12946
1581013710904,993.15283
1581013710940,993.15283
1581013710978,993.15283
1581013711018,993.15283
1581013711058,993.1805
1581013711095,993.1805
1581013711135,993.1805
1581013711173,993.1805
1581013711210,993.1908
1581013711248,993.1908
1581013711288,993.1908
1581013711327,993.1908
1581013711362,993.1874
1581013711403,993.1874
1581013711442,993.1874
1581013711481,993.1874
1581013711520,993.1435
1581013711557,993.1435
1581013711596,993.1435
1581013711635,993.1435
1581013711671,993.1521
1581013711710,993.1521
1581013711747,993.1521
1581013711786,993.1521
1581013711825,993.1448
1581013711863,993.1448
1581013711902,993.1448
1581013711941,993.1448
1581013711981,993.1465
1581013712017,993.1465
1581013712057,993.1465
1581013712095,993.1465
1581013712132,993.17413
1581013712171,993.17413
1581013712211,993.17413
1581013712248,993.17413
1581013712288,993.2
1581013712325,993.2
1581013712363,993.2
1581013712403,993.2
1581013712448,993.2138
1581013712482,993.2138
1581013712516,993.2138
1581013712557,993.2138
1581013712596,993.18445
1581013712632,993.18445
1581013712671,993.18445
1581013712710,993.18445
1581013712748,993.1233
1581013712788,993.1233
1581013712829,993.1233
1581013712863,993.1233
1581013712904,993.14056
1581013712940,993.14056
1581013712980,993.14056
1581013713017,993.14056
1581013713056,993.14874
1581013713096,993.14874
1581013713133,993.14874
1581013713171,993.14874
1581013713208,993.1574
1581013713248,993.1574
1581013713287,993.1574
1581013713327,993.1574
1581013713364,993.19366
1581013713403,993.19366
1581013713441,993.19366
1581013713478,993.19366
1581013713517,993.20325
1581013713558,993.20325
1581013713595,993.20325
1581013713642,993.20325
1581013713671,993.19635
1581013713709,993.19635
1581013713749,993.19635
1581013713786,993.19635
1581013713828,993.1567
1581013713863,993.1567
1581013713907,993.1567
1581013713939,993.1567
1581013713979,993.1653
1581013714016,993.1653
1581013714056,993.1653
1581013714094,993.1653
1581013714133,993.15765
1581013714170,993.15765
1581013714209,993.15765
1581013714247,993.15765
1581013714287,993.1572
1581013714326,993.1572
1581013714364,993.1572
1581013714401,993.1572
1581013714439,993.206
1581013714480,993.206
1581013714517,993.206
1581013714558,993.206
1581013714594,993.2215
1581013714633,993.2215
1581013714671,993.2215
1581013714710,993.2215
1581013714749,993.2353
1581013714790,993.2353
1581013714824,993.2353
1581013714861,993.2353
1581013714902,993.2025
1581013714942,993.2025
1581013714980,993.2025
1581013715018,993.2025
1581013715056,993.15936
1581013715093,993.15936
1581013715131,993.15936
1581013715175,993.15936
1581013715208,993.1762
1581013715249,993.1762
1581013715285,993.1762
1581013715325,993.1762
1581013715363,993.19904
1581013715403,993.19904
1581013715440,993.19904
1581013715479,993.19904
1581013715518,993.2181
1581013715556,993.2181
1581013715592,993.2181
1581013715634,993.2181
1581013715671,993.25256
1581013715709,993.25256
1581013715749,993.25256
1581013715787,993.25256
1581013715824,993.2815
1581013715862,993.2815
1581013715901,993.2815
1581013715939,993.2815
1581013715977,993.278
1581013716017,993.278
1581013716055,993.278
1581013716093,993.278
1581013716132,993.21344
1581013716171,993.21344
1581013716211,993.21344
1581013716247,993.21344
1581013716286,993.22284
1581013716325,993.22284
1581013716362,993.22284
1581013716401,993.22284
1581013716439,993.2159
1581013716479,993.2159
1581013716527,993.2159
1581013716556,993.2159
1581013716593,993.2073
1581013716632,993.2073
1581013716671,993.2073
1581013716709,993.2073
1581013716749,993.2255
1581013716785,993.2255
1581013716830,993.2255
1581013716862,993.2255
1581013716901,993.2556
1581013716939,993.2556
1581013716977,993.2556
1581013717017,993.2556
1581013717057,993.2721
1581013717094,993.2721
1581013717133,993.2721
1581013717169,993.2721
1581013717208,993.248
1581013717246,993.248
1581013717286,993.248
1581013717326,993.248
1581013717362,993.22034
1581013717401,993.22034
1581013717441,993.22034
1581013717480,993.22034
1581013717518,993.22205
1581013717556,993.22205
1581013717593,993.22205
1581013717631,993.22205
1581013717670,993.2078
1581013717709,993.2078
1581013717748,993.2078
1581013717786,993.2078
1581013717823,993.20264
1581013717861,993.20264
1581013717900,993.20264
1581013717939,993.20264
1581013717976,993.22955
1581013718016,993.22955
1581013718056,993.22955
1581013718092,993.22955
1581013718131,993.25366
1581013718169,993.25366
1581013718208,993.25366
1581013718246,993.25366
1581013718286,993.2623
1581013718323,993.2623
1581013718361,993.2623
1581013718400,993.2226
1581013718439,993.2226
1581013718476,993.2226
1581013718515,993.2226
1581013718555,993.17084
1581013718594,993.17084
1581013718632,993.17084
1581013718672,993.17084
1581013718716,993.1898
1581013718746,993.1898
1581013718784,993.1898
1581013718824,993.1898
1581013718862,993.1933
1581013718901,993.1933
1581013718942,993.1933
1581013718976,993.1933
1581013719018,993.18463
1581013719055,993.18463
1581013719091,993.18463
1581013719130,993.18463
1581013719170,993.20667
1581013719208,993.20667
1581013719247,993.20667
1581013719285,993.20667
1581013719325,993.23773
1581013719366,993.23773
1581013719401,993.23773
1581013719438,993.23773
1581013719480,993.2421
1581013719518,993.2421
1581013719554,993.2421
1581013719592,993.2421
1581013719632,993.1921
1581013719673,993.1921
1581013719708,993.1921
1581013719747,993.1921
1581013719786,993.1679
1581013719821,993.1679
1581013719861,993.1679
1581013719900,993.1679
1581013719938,993.161
1581013719977,993.161
1581013720017,993.161
1581013720055,993.161
1581013720092,993.1679
1581013720135,993.1679
1581013720170,993.1679
1581013720206,993.1679
1581013720245,993.1741
1581013720283,993.1741
1581013720322,993.1741
1581013720361,993.1741
1581013720401,993.2276
1581013720440,993.2276
1581013720478,993.2276
1581013720517,993.2276
1581013720555,993.2473
1581013720594,993.2473
1581013720631,993.2473
1581013720670,993.2473
1581013720710,993.23004
1581013720747,993.23004
1581013720784,993.23004
1581013720825,993.23004
1581013720861,993.18695
1581013720900,993.18695
1581013720938,993.18695
1581013720977,993.18695
1581013721016,993.19037
1581013721054,993.19037
1581013721094,993.19037
1581013721131,993.19037
1581013721173,993.19904
1581013721213,993.19904
1581013721246,993.19904
1581013721285,993.19904
1581013721323,993.18445
1581013721361,993.18445
1581013721400,993.18445
1581013721440,993.18445
1581013721476,993.19904
1581013721515,993.19904
1581013721554,993.19904
1581013721594,993.19904
1581013721631,993.2232
1581013721671,993.2232
1581013721718,993.2232
1581013721745,993.2232
1581013721785,993.2414
1581013721824,993.2414
1581013721862,993.2414
1581013721900,993.2414
1581013721937,993.20514
1581013721978,993.20514
1581013722016,993.20514
1581013722056,993.20514
1581013722093,993.1396
1581013722131,993.1396
1581013722168,993.1396
1581013722208,993.1396
1581013722246,993.15857
1581013722285,993.15857
1581013722351,993.15857
1581013722382,993.15857
1581013722401,993.162
1581013722438,993.162
1581013722477,993.162
1581013722515,993.162
1581013722555,993.19653
1581013722591,993.19653
1581013722630,993.19653
1581013722679,993.19653
1581013722706,993.20685
1581013722745,993.20685
1581013722783,993.20685
1581013722822,993.20685
1581013722861,993.2259
1581013722898,993.2259
1581013722937,993.2259
1581013722975,993.2259
1581013723014,993.231
1581013723054,993.231
1581013723093,993.231
1581013723130,993.231
1581013723169,993.1806
1581013723207,993.1806
1581013723245,993.1806
1581013723283,993.1806
1581013723323,993.19653
1581013723359,993.19653
1581013723399,993.19653
1581013723438,993.19653
1581013723476,993.17584
1581013723514,993.17584
1581013723553,993.17584
1581013723591,993.17584
1581013723639,993.1603
1581013723668,993.1603
1581013723706,993.1603
1581013723745,993.1603
1581013723782,993.2034
1581013723823,993.2034
1581013723861,993.2034
1581013723900,993.2034
1581013723937,993.231
1581013723976,993.231
1581013724013,993.231
1581013724053,993.231
1581013724095,993.2362
1581013724131,993.2362
1581013724168,993.2362
1581013724206,993.2362
1581013724247,993.1909
1581013724282,993.1909
1581013724323,993.1909
1581013724367,993.1909
1581013724399,993.1202
1581013724437,993.1202
1581013724476,993.1202
1581013724517,993.1202
1581013724552,993.1202
1581013724592,993.1202
1581013724629,993.1202
1581013724667,993.1202
1581013724706,993.13055
1581013724744,993.13055
1581013724787,993.13055
1581013724821,993.13055
1581013724861,993.13226
1581013724898,993.13226
1581013724936,993.13226
1581013724974,993.13226
1581013725013,993.17535
1581013725052,993.17535
1581013725092,993.17535
1581013725131,993.17535
1581013725167,993.2151
1581013725206,993.2151
1581013725245,993.2151
1581013725284,993.2151
1581013725320,993.18744
1581013725366,993.18744
1581013725398,993.18744
1581013725437,993.18744
1581013725478,993.1426
1581013725515,993.1426
1581013725552,993.1426
1581013725591,993.1426
1581013725629,993.14435
1581013725669,993.14435
1581013725706,993.14435
1581013725746,993.14435
1581013725784,993.14703
1581013725823,993.14703
1581013725862,993.14703
1581013725897,993.14703
1581013725939,993.1436
1581013725976,993.1436
1581013726015,993.1436
1581013726054,993.1436
1581013726092,993.1781
1581013726133,993.1781
1581013726166,993.1781
1581013726207,993.1781
1581013726245,993.2057
1581013726284,993.2057
1581013726323,993.2057
1581013726361,993.2057
1581013726399,993.22125
1581013726436,993.22125
1581013726476,993.22125
1581013726516,993.22125
1581013726552,993.14703
1581013726591,993.14703
1581013726628,993.14703
1581013726668,993.14703
1581013726706,993.13324
1581013726743,993.13324
1581013726784,993.13324
1581013726823,993.13324
1581013726861,993.1374
1581013726897,993.1374
1581013726941,993.1374
1581013726976,993.1374
1581013727013,993.1436
1581013727052,993.1436
1581013727093,993.1436
1581013727129,993.1436
1581013727167,993.1729
1581013727205,993.1729
1581013727244,993.1729
1581013727283,993.1729
1581013727322,993.20746
1581013727358,993.20746
1581013727399,993.20746
1581013727437,993.20746
1581013727474,993.23755
1581013727519,993.23755
1581013727553,993.23755
1581013727592,993.23755
1581013727627,993.2065
1581013727667,993.2065
1581013727707,993.2065
1581013727748,993.2065
1581013727784,993.14435
1581013727820,993.14435
1581013727863,993.14435
1581013727898,993.14435
1581013727936,993.14777
1581013727976,993.14777
1581013728012,993.14777
1581013728053,993.14777
1581013728089,993.1591
1581013728129,993.1591
1581013728167,993.1591
1581013728207,993.15564
1581013728244,993.15564
1581013728282,993.15564
1581013728321,993.15564
1581013728360,993.18976
1581013728397,993.18976
1581013728436,993.18976
1581013728477,993.18976
1581013728514,993.2178
1581013728552,993.2178
1581013728591,993.2178
1581013728637,993.2178
1581013728669,993.23334
1581013728706,993.23334
1581013728744,993.23334
1581013728784,993.23334
1581013728821,993.1591
1581013728862,993.1591
1581013728898,993.1591
1581013728937,993.1591
1581013728976,993.1431
1581013729013,993.1431
1581013729056,993.1431
1581013729093,993.1431
1581013729129,993.1362
1581013729166,993.1362
1581013729206,993.1362
1581013729244,993.1362
1581013729283,993.14014
1581013729322,993.14014
1581013729376,993.14014
1581013729397,993.14014
1581013729438,993.1712
1581013729474,993.1712
1581013729513,993.1712
1581013729552,993.1712
1581013729595,993.1902
1581013729627,993.1902
1581013729667,993.1902
1581013729712,993.1902
1581013729742,993.2109
1581013729782,993.2109
1581013729822,993.2109
1581013729860,993.2109
1581013729899,993.1919
1581013729936,993.1919
1581013729976,993.1919
1581013730013,993.1919
1581013730051,993.13324
1581013730090,993.13324
1581013730130,993.13324
1581013730168,993.13324
1581013730206,993.13666
1581013730244,993.13666
1581013730283,993.13666
1581013730325,993.13666
1581013730363,993.14777
1581013730397,993.14777
1581013730436,993.14777
1581013730476,993.14777
1581013730512,993.1436
1581013730552,993.1436
1581013730591,993.1436
1581013730629,993.1436
1581013730668,993.185
1581013730705,993.185
1581013730745,993.185
1581013730782,993.185
1581013730822,993.21436
1581013730859,993.21436
1581013730896,993.21436
1581013730936,993.21436
1581013730974,993.23755
1581013731013,993.23755
1581013731052,993.23755
1581013731091,993.23755
1581013731128,993.1591
1581013731167,993.1591
1581013731205,993.1591
1581013731244,993.1591
1581013731281,993.1374
1581013731321,993.1374
1581013731360,993.1374
1581013731396,993.1374
1581013731436,993.13324
1581013731473,993.13324
1581013731513,993.13324
1581013731553,993.13324
1581013731589,993.15564
1581013731629,993.15564
1581013731666,993.15564
1581013731705,993.15564
1581013731743,993.17535
1581013731783,993.17535
1581013731822,993.17535
1581013731862,993.17535
1581013731897,993.2237
1581013731936,993.2237
1581013731978,993.2237
1581013732014,993.2237
1581013732052,993.24786
1581013732090,993.24786
1581013732129,993.24786
1581013732167,993.24786
1581013732206,993.2168
1581013732243,993.2168
1581013732283,993.2168
1581013732321,993.2168
1581013732358,993.17755
1581013732401,993.17755
1581013732435,993.17755
1581013732474,993.17755
1581013732512,993.1702
1581013732551,993.1702
1581013732589,993.1702
1581013732632,993.1702
1581013732668,993.16547
1581013732707,993.16547
1581013732745,993.16547
1581013732781,993.16547
1581013732820,993.1603
1581013732859,993.1603
1581013732896,993.1603
1581013732938,993.1603
1581013732975,993.19476
1581013733012,993.19476
1581013733050,993.19476
1581013733089,993.19476
1581013733128,993.2151
1581013733168,993.2151
1581013733205,993.2151
1581013733243,993.2151
1581013733283,993.21857
1581013733325,993.21857
1581013733362,993.21857
1581013733396,993.21857
1581013733434,993.15814
1581013733474,993.15814
1581013733512,993.15814
1581013733551,993.15814
1581013733589,993.13226
1581013733629,993.13226
1581013733669,993.13226
1581013733703,993.13226
1581013733744,993.134
1581013733782,993.134
1581013733822,993.134
1581013733858,993.134
1581013733920,993.15295
1581013733938,993.15295
1581013733978,993.15295
1581013734012,993.15295
1581013734051,993.17194
1581013734090,993.17194
1581013734128,993.17194
1581013734166,993.17194
1581013734204,993.1879
1581013734243,993.1879
1581013734293,993.1879
1581013734320,993.1879
1581013734358,993.21893
1581013734396,993.21893
1581013734435,993.21893
1581013734475,993.21893
1581013734512,993.19305
1581013734551,993.19305
1581013734589,993.19305
1581013734627,993.19305
1581013734667,993.1223
1581013734705,993.1223
1581013734742,993.1223
1581013734783,993.1223
1581013734819,993.1275
1581013734858,993.1275
1581013734900,993.1275
1581013734934,993.1275
1581013734974,993.1396
1581013735013,993.1396
1581013735051,993.1396
1581013735092,993.1396
1581013735132,993.1465
1581013735167,993.1465
1581013735206,993.1465
1581013735242,993.1465
1581013735282,993.1926
1581013735319,993.1926
1581013735371,993.1926
1581013735402,993.1926
1581013735437,993.2259
1581013735472,993.2259
1581013735513,993.2259
1581013735550,993.2259
1581013735588,993.2249
1581013735627,993.2249
1581013735665,993.2249
1581013735704,993.2249
1581013735744,993.1662
1581013735783,993.1662
1581013735819,993.1662
1581013735860,993.1662
1581013735897,993.14996
1581013735939,993.14996
1581013735975,993.14996
1581013736012,993.14996
1581013736051,993.143
1581013736088,993.143
1581013736128,993.143
1581013736165,993.143
1581013736204,993.1447
1581013736244,993.1447
1581013736285,993.1447
1581013736320,993.1447
1581013736359,993.1697
1581013736395,993.1697
1581013736436,993.1697
1581013736473,993.1697
1581013736511,993.18866
1581013736551,993.18866
1581013736590,993.18866
1581013736626,993.18866
1581013736667,993.21014
1581013736705,993.21014
1581013736744,993.21014
1581013736780,993.21014
1581013736819,993.1946
1581013736858,993.1946
1581013736897,993.1946
1581013736934,993.1946
1581013736972,993.16003
1581013737011,993.16003
1581013737052,993.16003
1581013737090,993.16003
1581013737127,993.16003
1581013737165,993.16003
1581013737204,993.16003
1581013737246,993.16003
1581013737279,993.16003
1581013737320,993.16003
1581013737357,993.16003
1581013737399,993.16003
1581013737436,993.1652
1581013737472,993.1652
1581013737512,993.1652
1581013737551,993.1652
1581013737589,993.19037
1581013737626,993.19037
1581013737666,993.19037
1581013737704,993.19037
1581013737741,993.2084
1581013737782,993.2084
1581013737819,993.2084
1581013737858,993.21875
1581013737902,993.21875
1581013737936,993.21875
1581013737972,993.21875
1581013738010,993.18
1581013738051,993.18
1581013738090,993.18
1581013738126,993.18
1581013738166,993.14374
1581013738205,993.14374
1581013738244,993.14374
1581013738282,993.14374
1581013738319,993.14795
1581013738358,993.14795
1581013738397,993.14795
1581013738433,993.14795
1581013738472,993.15485
1581013738511,993.15485
1581013738549,993.15485
1581013738589,993.15485
1581013738628,993.16003
1581013738665,993.16003
1581013738703,993.16003
1581013738742,993.16003
1581013738781,993.2032
1581013738819,993.2032
1581013738857,993.2032
1581013738895,993.2032
1581013738934,993.22565
1581013738974,993.22565
1581013739013,993.22565
1581013739048,993.22565
1581013739088,993.21185
1581013739125,993.21185
1581013739166,993.21185
1581013739203,993.21185
1581013739241,993.16864
1581013739282,993.16864
1581013739319,993.16864
1581013739357,993.16864
1581013739397,993.17426
1581013739433,993.17426
1581013739488,993.17426
1581013739510,993.17426
1581013739550,993.15356
1581013739587,993.15356
1581013739627,993.15356
1581013739666,993.15356
1581013739705,993.14325
1581013739741,993.14325
1581013739780,993.14325
1581013739821,993.14325
1581013739857,993.1967
1581013739895,993.1967
1581013739935,993.1967
1581013739973,993.1967
1581013740018,993.20013
1581013740048,993.20013
1581013740086,993.20013
1581013740124,993.20013
1581013740163,993.2015
1581013740202,993.2015
1581013740240,993.2015
1581013740279,993.2015
1581013740319,993.1915
1581013740357,993.1915
1581013740397,993.1915
1581013740432,993.1915
1581013740473,993.1169
1581013740510,993.1169
1581013740551,993.1169
1581013740589,993.1169
1581013740626,993.11
1581013740663,993.11
1581013740703,993.11
1581013740743,993.11
1581013740780,993.1346
1581013740818,993.1346
1581013740857,993.1346
1581013740896,993.1346
1581013740933,993.14453
1581013740972,993.14453
1581013741010,993.14453
1581013741048,993.14453
1581013741087,993.1691
1581013741127,993.1691
1581013741163,993.1691
1581013741203,993.1691
1581013741240,993.1812
1581013741280,993.1812
1581013741318,993.1812
1581013741358,993.1812
1581013741400,993.2088
1581013741433,993.2088
1581013741472,993.2088
1581013741511,993.2088
1581013741549,993.1871
1581013741587,993.1871
1581013741625,993.1871
1581013741666,993.1871
1581013741703,993.125
1581013741749,993.125
1581013741780,993.125
1581013741818,993.125
1581013741856,993.1146
1581013741894,993.1146
1581013741934,993.1146
1581013741972,993.1146
1581013742009,993.1284
1581013742049,993.1284
1581013742088,993.1284
1581013742125,993.1284
1581013742163,993.1146
1581013742208,993.1146
1581013742240,993.1146
1581013742280,993.1146
1581013742318,993.1578
1581013742357,993.1578
1581013742396,993.1578
1581013742432,993.1578
1581013742471,993.19403
1581013742511,993.19403
1581013742548,993.19403
1581013742588,993.19403
1581013742626,993.19403
1581013742664,993.19403
1581013742702,993.19403
1581013742741,993.19403
1581013742781,993.1716
1581013742817,993.1716
1581013742856,993.1716
1581013742896,993.1716
1581013742932,993.1302
1581013742971,993.1302
1581013743010,993.1302
1581013743048,993.1302
1581013743088,993.1423
1581013743135,993.1423
1581013743163,993.1423
1581013743202,993.1423
1581013743241,993.1336
1581013743280,993.1336
1581013743318,993.1336
1581013743356,993.1336
1581013743397,993.1254
1581013743432,993.1254
1581013743471,993.1254
1581013743510,993.1254
1581013743549,993.15643
1581013743588,993.15643
1581013743626,993.15643
1581013743663,993.15643
1581013743702,993.1883
1581013743740,993.1883
1581013743781,993.1883
1581013743817,993.1883
1581013743856,993.1934
1581013743897,993.1934
1581013743933,993.1934
1581013743974,993.1934
1581013744009,993.2025
1581013744048,993.2025
1581013744086,993.2025
1581013744128,993.2025
1581013744162,993.1421
1581013744201,993.1421
1581013744243,993.1421
1581013744280,993.1421
1581013744318,993.149
1581013744357,993.149
1581013744394,993.149
1581013744431,993.149
1581013744473,993.1369
1581013744511,993.1369
1581013744548,993.1369
1581013744586,993.1369
1581013744624,993.1352
1581013744663,993.1352
1581013744705,993.1352
1581013744741,993.1352
1581013744779,993.1628
1581013744821,993.1628
1581013744856,993.1628
1581013744896,993.1628
1581013744932,993.17316
1581013744970,993.17316
1581013745010,993.17316
1581013745048,993.17316
1581013745089,993.206
1581013745125,993.206
1581013745163,993.206
1581013745201,993.206
1581013745241,993.2094
1581013745278,993.2094
1581013745318,993.2094
1581013745356,993.2094
1581013745394,993.16626
1581013745433,993.16626
1581013745470,993.16626
1581013745509,993.16626
1581013745547,993.1318
1581013745585,993.1318
1581013745625,993.1318
1581013745663,993.1318
1581013745702,993.1434
1581013745741,993.1434
1581013745779,993.1434
1581013745816,993.1434
1581013745856,993.13306
1581013745900,993.13306
1581013745933,993.13306
1581013745971,993.13306
1581013746010,993.12787
1581013746048,993.12787
1581013746086,993.12787
1581013746124,993.12787
1581013746166,993.1641
1581013746202,993.1641
1581013746241,993.1641
1581013746279,993.1641
1581013746316,993.19214
1581013746356,993.19214
1581013746395,993.19214
1581013746432,993.19214
1581013746470,993.2094
1581013746508,993.2094
1581013746546,993.2094
1581013746587,993.2094
1581013746627,993.2094
1581013746665,993.2094
1581013746702,993.2094
1581013746740,993.2094
1581013746778,993.1421
1581013746818,993.1421
1581013746856,993.1421
1581013746897,993.1421
1581013746932,993.1421
1581013746971,993.1421
1581013747012,993.1421
1581013747048,993.1421
1581013747086,993.1197
1581013747124,993.1197
1581013747163,993.1197
1581013747202,993.1197
1581013747241,993.1093
1581013747278,993.1093
1581013747318,993.1093
1581013747355,993.1093
1581013747394,993.13995
1581013747431,993.13995
1581013747469,993.13995
1581013747508,993.1542
1581013747547,993.1542
1581013747587,993.1542
1581013747626,993.1542
1581013747666,993.1973
1581013747702,993.1973
1581013747740,993.1973
1581013747777,993.1973
1581013747818,993.1973
1581013747857,993.1973
1581013747897,993.1973
1581013747935,993.1973
1581013747971,993.15765
1581013748010,993.15765
1581013748047,993.15765
1581013748085,993.15765
1581013748126,993.1335
1581013748162,993.1335
1581013748201,993.1335
1581013748239,993.1335
1581013748280,993.1386
1581013748317,993.1386
1581013748358,993.1386
1581013748397,993.1386
1581013748432,993.14557
1581013748469,993.14557
1581013748509,993.14557
1581013748546,993.14557
1581013748585,993.09204
1581013748627,993.09204
1581013748662,993.09204
1581013748701,993.09204
1581013748741,993.11273
1581013748779,993.11273
1581013748819,993.11273
1581013748857,993.11273
1581013748893,993.1404
1581013748935,993.1404
1581013748969,993.1404
1581013749008,993.1404
1581013749046,993.12616
1581013749087,993.12616
1581013749125,993.12616
1581013749165,993.12616
1581013749201,993.0847
1581013749238,993.0847
1581013749278,993.0847
1581013749315,993.0847
1581013749354,993.0795
1581013749394,993.0795
1581013749434,993.0795
1581013749471,993.0795
1581013749509,993.06964
1581013749547,993.06964
1581013749587,993.06964
1581013749625,993.06964
1581013749661,993.07654
1581013749700,993.07654
1581013749740,993.07654
1581013749777,993.07654
1581013749818,993.079
1581013749855,993.079
1581013749906,993.079
1581013749932,993.079
1581013749970,993.0876
1581013750009,993.0876
1581013750048,993.0876
1581013750085,993.0876
1581013750127,993.1108
1581013750162,993.1108
1581013750199,993.1108
1581013750238,993.1108
1581013750277,993.12115
1581013750317,993.12115
1581013750354,993.12115
1581013750392,993.12115
1581013750440,993.14703
1581013750469,993.14703
1581013750508,993.14703
1581013750547,993.14703
1581013750585,993.1574
1581013750626,993.1574
1581013750664,993.1574
1581013750701,993.1574
1581013750739,993.1591
1581013750778,993.1591
1581013750818,993.1591
1581013750855,993.1591
1581013750893,993.19635
1581013750932,993.19635
1581013750970,993.19635
1581013751009,993.19635
1581013751049,993.1791
1581013751085,993.1791
1581013751123,993.1791
1581013751162,993.1791
1581013751201,993.1608
1581013751239,993.1608
1581013751278,993.1608
1581013751315,993.1608
1581013751355,993.1429
1581013751393,993.1429
1581013751432,993.1429
1581013751468,993.1429
1581013751511,993.1522
1581013751547,993.1522
1581013751586,993.1522
1581013751624,993.1522
1581013751662,993.14014
1581013751701,993.14014
1581013751741,993.14014
1581013751776,993.14014
1581013751816,993.1591
1581013751855,993.1591
1581013751892,993.1591
1581013751933,993.1591
1581013751969,993.16815
1581013752009,993.16815
1581013752047,993.16815
1581013752084,993.16815
1581013752131,993.14056
1581013752161,993.14056
1581013752200,993.14056
1581013752240,993.14056
1581013752277,993.1354
1581013752314,993.1354
