1456952739696,982.9944
1456952739849,982.9656
1456952740027,983.10547
1456952740205,983.1006
1456952740384,983.19824
1456952740561,983.2981
1456952740739,983.35205
1456952740917,983.3401
1456952741096,983.26685
1456952741273,983.2798
1456952741451,983.3613
1456952741630,983.0486
1456952741806,983.10864
1456952741984,983.1284
1456952742163,983.30884
1456952742341,983.16406
1456952742518,983.35156
1456952742697,983.33374
1456952742874,983.0464
1456952743052,982.9878
1456952743230,982.9536
1456952743413,983.2881
1456952743597,983.0425
1456952743763,982.9846
1456952743942,983.28735
1456952744119,982.93115
1456952744297,983.0469
1456952744475,983.3286
1456952744654,983.34106
1456952744831,983.291
1456952745010,983.30444
1456952745189,982.97876
1456952745365,983.0508
1456952745543,983.3318
1456952745721,983.2981
1456952745899,983.05493
1456952746077,982.97656
1456952746255,983.3152
1456952746432,983.0547
1456952746610,983.0266
1456952746788,982.9839
1456952746966,983.23706
1456952747146,983.1489
1456952747322,983.021
1456952747501,983.2881
1456952747678,983.2991
1456952747856,983.1958
1456952748034,983.06055
1456952748212,983.072
1456952748389,983.0283
1456952748571,983.0039
1456952748746,983.0613
1456952748924,983.1738
1456952749102,983.30566
1456952749279,982.9602
1456952749457,983.2754
1456952749642,983.3003
1456952749813,983.3071
1456952749991,983.29736
1456952750171,983.2488
1456952750347,982.99854
1456952750525,983.29834
1456952750704,983.3308
1456952750881,983.3174
1456952751059,983.3008
1456952751236,983.2449
1456952751414,983.3218
1456952751593,983.3052
1456952751770,983.25635
1456952751948,983.1089
1456952752126,983.0862
1456952752304,983.01294
1456952752482,982.97437
1456952752660,982.9973
1456952752838,983.1084
1456952753016,982.9817
1456952753193,983.04834
1456952753371,983.0381
1456952753549,982.99023
1456952753727,982.98267
1456952753906,983.0315
1456952754083,983.0415
1456952754261,983.06055
1456952754440,983.0049
1456952754617,983.051
1456952754794,982.9861
1456952754973,983.02295
1456952755150,983.02246
1456952755328,983.0476
1456952755506,983.0437
1456952755685,982.9868
1456952755862,983.0637
1456952756040,983.147
1456952756218,983.1282
1456952756396,983.26074
1456952756574,983.2888
1456952756752,983.29565
1456952756931,983.2754
1456952757108,983.0791
1456952757286,983.2776
1456952757464,983.3904
1456952757642,983.3213
1456952757820,983.0823
1456952757998,983.34155
1456952758176,983.3628
1456952758353,983.0447
1456952758531,983.1111
1456952758710,983.02954
1456952758888,983.1094
1456952759065,983.3071
1456952759243,983.20044
1456952759420,983.3137
1456952759599,983.1426
1456952759776,983.11035
1456952759954,983.4204
1456952760132,983.1094
1456952760311,983.3386
1456952760488,983.3269
1456952760666,983.3811
1456952760845,983.0652
1456952761022,983.05615
1456952761200,983.38916
1456952761381,983.333
1456952761556,983.3198
1456952761734,983.37573
1456952761912,983.3557
1456952762090,983.3367
1456952762267,983.2339
1456952762446,983.32837
1456952762623,983.09814
1456952762801,983.13477
1456952762981,983.06274
1456952763158,983.30225
1456952763335,983.02515
1456952763513,983.31323
1456952763690,983.345
1456952763869,983.12305
1456952764047,983.27905
1456952764225,983.3025
1456952764402,983.0471
1456952764582,983.29834
1456952764758,983.3345
1456952764937,983.229
1456952765115,983.0239
1456952765292,983.36694
1456952765469,983.3794
1456952765648,983.26685
1456952765826,983.354
1456952766004,983.31934
1456952766182,983.34766
1456952766360,983.3425
1456952766537,983.1011
1456952766715,983.32666
1456952766894,983.3252
1456952767071,983.062
1456952767249,983.04395
1456952767427,983.3369
1456952767605,983.4346
1456952767783,983.1228
1456952767962,983.3367
1456952768139,983.3054
1456952768316,983.3174
1456952768494,983.04517
1456952768675,983.2344
1456952768850,983.05005
1456952769028,983.0947
1456952769206,983.2239
1456952769384,983.30054
1456952769562,983.3408
1456952769740,983.30884
1456952769918,983.2107
1456952770096,983.26953
1456952770274,983.23975
1456952770451,983.219
1456952770631,983.0979
1456952770808,983.063
1456952770987,983.32275
1456952771170,983.35474
1456952771341,983.2175
1456952771519,983.3257
1456952771698,983.3413
1456952771875,983.1194
1456952772053,983.07275
1456952772231,983.15894
1456952772409,983.36304
1456952772587,983.1355
1456952772764,983.3689
1456952772942,983.0625
1456952773121,983.3323
1456952773300,983.40967
1456952773477,983.09546
1456952773655,983.3545
1456952773832,983.0759
1456952774011,983.35596
1456952774189,983.2998
1456952774366,983.07666
1456952774545,983.24243
1456952774722,983.28125
1456952774900,983.16284
1456952775077,983.2927
1456952775259,983.0718
1456952775434,983.1189
1456952775611,983.1367
1456952775789,983.1333
1456952775970,983.1599
1456952776145,983.1328
1456952776323,983.0569
1456952776501,983.1328
1456952776680,983.25464
1456952776857,983.1443
1456952777052,983.27563
1456952777214,983.1343
1456952777391,983.2092
1456952777568,983.04297
1456952777747,983.16943
1456952777925,983.4009
1456952778104,983.39185
1456952778280,983.34717
1456952778458,983.3677
1456952778637,983.09863
1456952778814,983.05396
1456952778992,983.1062
1456952779170,983.4182
1456952779347,983.17017
1456952779527,983.4204
1456952779703,983.4343
1456952779882,983.20264
1456952780059,983.4404
1456952780243,983.4099
1456952780415,983.1848
1456952780593,983.1238
1456952780771,983.39844
1456952780949,983.4519
1456952781127,983.46704
1456952781304,983.4182
1456952781483,983.1885
1456952781661,983.37573
1456952781838,983.4888
1456952782016,983.42847
1456952782194,983.38354
1456952782372,983.39844
1456952782550,983.1797
1456952782728,983.4429
1456952782906,983.355
1456952783084,983.0779
1456952783263,983.14355
1456952783441,983.364
1456952783618,983.3635
1456952783796,983.1782
1456952783974,983.2742
1456952784151,983.32495
1456952784329,983.04663
1456952784508,983.11914
1456952784685,983.40283
1456952784863,983.22534
1456952785041,983.3701
1456952785219,983.42114
1456952785397,983.0869
1456952785575,983.062
1456952785753,983.4143
1456952785931,983.354
1456952786109,983.1804
1456952786287,983.385
1456952786465,983.11523
1456952786642,983.449
1456952786822,983.35913
1456952787001,983.3511
1456952787178,983.3738
1456952787359,983.39746
1456952787534,983.1221
1456952787712,983.37305
1456952787890,983.3882
1456952788068,983.34985
1456952788243,983.4375
1456952788426,983.084
1456952788601,983.07275
1456952788778,983.20874
1456952788955,983.17285
1456952789136,983.4021
1456952789312,983.16626
1456952789491,983.3994
1456952789667,983.34326
1456952789845,983.4136
1456952790023,983.27783
1456952790201,983.32715
1456952790379,983.39014
1456952790557,983.25024
1456952790734,983.22656
1456952790912,983.16064
1456952791090,983.39087
1456952791269,983.06396
1456952791453,983.06836
1456952791625,983.1267
1456952791802,983.1218
1456952791982,983.4319
1456952792160,983.397
1456952792340,983.3867
1456952792516,983.41675
1456952792697,983.35693
1456952792870,983.32764
1456952793048,983.31226
1456952793227,983.12305
1456952793405,983.17334
1456952793587,983.3562
1456952793766,983.3364
1456952793938,983.3181
1456952794117,983.3716
1456952794297,983.3501
1456952794473,983.4253
1456952794654,983.3899
1456952794829,983.3638
1456952795008,983.3589
1456952795186,983.41113
1456952795362,983.4585
1456952795543,983.147
1456952795717,983.365
1456952795904,983.3386
1456952796078,983.3567
1456952796253,983.4114
1456952796432,983.12964
1456952796608,983.3264
1456952796785,983.36694
1456952796962,983.3506
1456952797142,983.355
1456952797318,983.34326
1456952797500,983.3423
1456952797675,983.32837
1456952797852,983.35376
1456952798031,983.396
1456952798209,983.39136
1456952798396,983.374
1456952798564,983.124
1456952798742,983.31323
1456952798919,983.1553
1456952799097,983.0989
1456952799280,983.3501
1456952799453,983.0791
1456952799631,983.1006
1456952799809,983.364
1456952799987,983.34204
1456952800167,983.34717
1456952800350,983.08154
1456952800523,983.3279
1456952800698,983.3386
1456952800876,983.38184
1456952801054,983.2251
1456952801234,983.0569
1456952801410,983.23804
1456952801589,983.0271
1456952801765,983.11035
1456952801944,983.2805
1456952802124,983.2832
1456952802299,983.35156
1456952802478,983.37427
1456952802657,983.3113
1456952802833,983.42114
1456952803011,983.1101
1456952803190,983.2981
1456952803368,983.3994
1456952803547,983.3108
1456952803725,983.2197
1456952803902,983.3186
1456952804080,983.2991
1456952804262,983.3589
1456952804436,983.2859
1456952804613,983.3074
1456952804794,983.2981
1456952804968,983.34155
1456952805146,983.1023
1456952805324,983.08716
1456952805507,983.2202
1456952805683,983.0913
1456952805858,983.35205
1456952806035,983.0615
1456952806214,982.9883
1456952806392,983.12476
1456952806572,983.18384
1456952806757,983.34717
1456952806930,983.31934
1456952807106,983.3345
1456952807282,983.3286
1456952807461,983.09717
1456952807638,983.37427
1456952807817,983.42505
1456952807994,983.3308
1456952808173,983.2815
1456952808361,983.0825
1456952808527,983.3589
1456952808704,983.1138
1456952808883,983.3508
1456952809061,983.1111
1456952809239,983.0742
1456952809416,983.10425
1456952809596,983.34155
1456952809773,983.3386
1456952809951,983.3799
1456952810128,983.2815
1456952810307,983.37646
1456952810485,983.0481
1456952810662,983.2898
1456952810843,983.0459
1456952811019,983.3179
1456952811196,983.3718
1456952811373,983.03784
1456952811554,983.2991
1456952811730,983.29614
1456952811907,983.3196
1456952812087,983.21045
1456952812266,983.32715
1456952812444,983.39136
1456952812621,983.3718
1456952812802,983.41943
1456952812980,983.33765
1456952813153,983.1145
1456952813334,983.13086
1456952813511,983.39453
1456952813689,983.30664
1456952813866,983.29834
1456952814043,983.32544
1456952814222,983.01636
1456952814400,983.3782
1456952814580,983.3657
1456952814754,983.40234
1456952814933,983.39624
1456952815114,983.3137
1456952815289,983.3467
1456952815466,983.32153
1456952815646,983.20825
1456952815823,983.33325
1456952816000,983.1196
1456952816180,983.3823
1456952816362,983.4094
1456952816534,983.3601
1456952816713,983.353
1456952816890,983.37646
1456952817067,983.05225
1456952817247,983.3772
1456952817425,983.38965
1456952817602,983.3699
1456952817784,983.1211
1456952817958,983.3772
1456952818135,983.4219
1456952818312,983.3801
1456952818494,983.1094
1456952818668,983.16016
1456952818846,983.0906
1456952819024,983.0598
1456952819202,983.0647
1456952819382,983.3762
1456952819560,983.23193
1456952819738,983.39404
1456952819918,983.43384
1456952820092,983.2053
1456952820272,983.26245
1456952820449,983.3833
1456952820627,983.3718
1456952820805,983.30884
1456952820982,983.3843
1456952821159,983.4116
1456952821338,983.3965
1456952821515,983.46826
1456952821694,983.3552
1456952821872,983.2632
1456952822051,983.33936
1456952822227,983.33765
1456952822408,983.38306
1456952822585,983.2219
1456952822761,983.1931
1456952822941,983.31445
1456952823116,983.3137
1456952823296,983.09717
1456952823473,983.38135
1456952823653,983.37573
1456952823829,983.0803
1456952824013,983.3635
1456952824186,983.3711
1456952824362,983.35913
1456952824541,983.3855
1456952824719,983.34155
1456952824897,983.3574
1456952825074,983.2283
1456952825252,983.0752
1456952825431,983.26904
1456952825608,983.3635
1456952825788,983.2866
1456952825963,983.4121
1456952826142,983.21216
1456952826321,983.3467
1456952826499,983.3506
1456952826691,983.42163
1456952826857,983.12915
1456952827031,983.36523
1456952827210,983.14746
1456952827388,983.2903
1456952827565,983.36694
1456952827743,983.47656
1456952827927,983.39624
1456952828101,983.395
1456952828277,983.3396
1456952828456,983.39453
1456952828632,983.2593
1456952828811,983.2185
1456952828987,983.0928
1456952829166,983.1633
1456952829344,983.3967
1456952829521,983.374
1456952829701,983.16943
1456952829882,983.4175
1456952830056,983.30493
1456952830234,983.3513
1456952830413,983.38574
1456952830589,983.1062
1456952830768,983.19507
1456952830949,983.3738
1456952831124,983.395
1456952831301,983.35254
1456952831485,983.3867
1456952831659,983.34985
1456952831835,983.35645
1456952832014,983.31226
1456952832201,983.36304
1456952832368,983.1079
1456952832547,983.39233
1456952832731,983.3557
1456952832902,983.3579
1456952833080,983.40454
1456952833257,983.36523
1456952833438,983.1123
1456952833618,983.05884
1456952833792,983.1196
1456952833972,983.3943
1456952834154,983.3955
1456952834327,983.34814
1456952834515,983.29346
1456952834682,983.1372
1456952834863,983.3557
1456952835039,983.34814
1456952835216,983.4104
1456952835394,983.2722
1456952835572,983.4341
1456952835749,983.4502
