1581013488058,992.4358
1581013488059,992.4358
1581013488081,992.4358
1581013488129,992.4416
1581013488181,992.4416
1581013488188,992.4416
1581013488230,992.4416
1581013488265,992.44543
1581013488304,992.44543
1581013488345,992.44543
1581013488380,992.44543
1581013488420,992.4358
1581013488457,992.4358
1581013488497,992.4358
1581013488534,992.4358
1581013488572,992.43646
1581013488630,992.43646
1581013488650,992.43646
1581013488689,992.43646
1581013488733,992.4382
1581013488765,992.4382
1581013488804,992.4382
1581013488843,992.4382
1581013488883,992.442
1581013488921,992.442
1581013488961,992.442
1581013489004,992.442
1581013489035,992.4427
1581013489075,992.4427
1581013489117,992.4427
1581013489154,992.4427
1581013489188,992.4519
1581013489229,992.4519
1581013489267,992.4519
1581013489303,992.4519
1581013489343,992.4519
1581013489383,992.4547
1581013489421,992.4547
1581013489459,992.4547
1581013489499,992.4547
1581013489536,992.488
1581013489577,992.488
1581013489617,992.488
1581013489650,992.488
1581013489689,992.5364
1581013489727,992.5364
1581013489765,992.5364
1581013489804,992.5364
1581013489889,992.58167
1581013489890,992.58167
1581013489936,992.58167
1581013490024,992.58167
1581013490025,992.5336
1581013490061,992.5336
1581013490072,992.5336
1581013490111,992.5336
1581013490150,992.5227
1581013490187,992.5227
1581013490230,992.5227
1581013490264,992.5227
1581013490305,992.4935
1581013490342,992.4935
1581013490381,992.4935
1581013490419,992.4935
1581013490458,992.4657
1581013490497,992.4657
1581013490537,992.4657
1581013490574,992.4657
1581013490622,992.49524
1581013490663,992.49524
1581013490689,992.49524
1581013490731,992.49524
1581013490765,992.5388
1581013490803,992.5388
1581013490843,992.5388
1581013490880,992.5388
1581013490918,992.5477
1581013490959,992.5477
1581013490996,992.5477
1581013491034,992.5477
1581013491072,992.5491
1581013491111,992.5491
1581013491149,992.5491
1581013491187,992.5491
1581013491227,992.5443
1581013491265,992.5443
1581013491303,992.5443
1581013491344,992.5443
1581013491380,992.53577
1581013491422,992.53577
1581013491456,992.53577
1581013491496,992.53577
1581013491534,992.52515
1581013491573,992.52515
1581013491612,992.52515
1581013491650,992.52515
1581013491688,992.5203
1581013491726,992.5203
1581013491765,992.5203
1581013491806,992.5203
1581013491842,992.5169
1581013491881,992.5169
1581013491920,992.5169
1581013491958,992.5169
1581013492002,992.51074
1581013492034,992.51074
1581013492073,992.51074
1581013492113,992.51074
1581013492151,992.5004
1581013492188,992.5004
1581013492227,992.5004
1581013492267,992.5004
1581013492304,992.5028
1581013492342,992.5028
1581013492379,992.5028
1581013492418,992.5028
1581013492459,992.5028
1581013492495,992.50665
1581013492535,992.50665
1581013492572,992.50665
1581013492611,992.50665
1581013492678,992.5073
1581013492738,992.5073
1581013492738,992.5073
1581013492766,992.5073
1581013492804,992.5097
1581013492841,992.5097
1581013492879,992.5097
1581013492920,992.5097
1581013492956,992.51526
1581013492997,992.51526
1581013493039,992.51526
1581013493071,992.51526
1581013493109,992.5073
1581013493148,992.5073
1581013493189,992.5073
1581013493225,992.5073
1581013493264,992.5115
1581013493302,992.5115
1581013493341,992.5115
1581013493379,992.5115
1581013493420,992.51013
1581013493457,992.51013
1581013493495,992.51013
1581013493534,992.51013
1581013493572,992.4981
1581013493610,992.4981
1581013493650,992.4981
1581013493688,992.4981
1581013493726,992.49536
1581013493767,992.49536
1581013493802,992.49536
1581013493840,992.49536
1581013493880,992.49744
1581013493920,992.49744
1581013493959,992.49744
1581013493995,992.49744
1581013494034,992.49744
1581013494072,992.49744
1581013494111,992.49744
1581013494149,992.49744
1581013494188,992.4957
1581013494226,992.4957
1581013494264,992.4957
1581013494303,992.4957
1581013494341,992.4981
1581013494379,992.4981
1581013494418,992.4981
1581013494457,992.4981
1581013494494,992.5016
1581013494533,992.5016
1581013494573,992.5016
1581013494610,992.5016
1581013494673,992.50433
1581013494687,992.50433
1581013494724,992.50433
1581013494765,992.50433
1581013494802,992.505
1581013494840,992.505
1581013494880,992.505
1581013494918,992.505
1581013494956,992.51086
1581013494999,992.51086
1581013495033,992.51086
1581013495072,992.51086
1581013495109,992.50574
1581013495150,992.50574
1581013495198,992.50574
1581013495225,992.50574
1581013495265,992.4992
1581013495302,992.4992
1581013495340,992.4992
1581013495380,992.4992
1581013495417,992.4992
1581013495456,992.4975
1581013495494,992.4975
1581013495534,992.4975
1581013495572,992.4975
1581013495612,992.4941
1581013495648,992.4941
1581013495687,992.4941
1581013495726,992.4941
1581013495768,992.49646
1581013495803,992.49646
1581013495841,992.49646
1581013495879,992.49646
1581013495917,992.49304
1581013495956,992.49304
1581013495994,992.49304
1581013496033,992.49304
1581013496072,992.4879
1581013496109,992.4879
1581013496149,992.4879
1581013496186,992.4879
1581013496224,992.4903
1581013496263,992.4903
1581013496305,992.4903
1581013496341,992.4903
1581013496380,992.49066
1581013496423,992.49066
1581013496456,992.49066
1581013496494,992.49066
1581013496533,992.4941
1581013496574,992.4941
1581013496610,992.4941
1581013496651,992.4941
1581013496687,992.49817
1581013496725,992.49817
1581013496763,992.49817
1581013496802,992.49817
1581013496840,992.49475
1581013496880,992.49475
1581013496918,992.49475
1581013496956,992.49475
1581013496994,992.4955
1581013497034,992.4955
1581013497072,992.4955
1581013497109,992.4955
1581013497148,992.4869
1581013497186,992.4869
1581013497225,992.4869
1581013497263,992.4869
1581013497301,992.48895
1581013497341,992.48895
1581013497379,992.48895
1581013497417,992.48895
1581013497456,992.48553
1581013497494,992.48553
1581013497532,992.48553
1581013497571,992.48553
1581013497610,992.48
1581013497648,992.48
1581013497686,992.48
1581013497725,992.48
1581013497763,992.4838
1581013497802,992.4838
1581013497840,992.4838
1581013497879,992.4838
1581013497918,992.4838
1581013497956,992.4838
1581013497996,992.4838
1581013498033,992.4838
1581013498071,992.48035
1581013498110,992.48035
1581013498148,992.48035
1581013498186,992.48035
1581013498224,992.4821
1581013498263,992.4821
1581013498302,992.4821
1581013498340,992.4821
1581013498378,992.48035
1581013498417,992.48035
1581013498456,992.48035
1581013498494,992.48035
1581013498533,992.48035
1581013498570,992.49304
1581013498611,992.49304
1581013498648,992.49304
1581013498686,992.49304
1581013498724,992.4948
1581013498762,992.4948
1581013498801,992.4948
1581013498840,992.4948
1581013498878,992.4982
1581013498920,992.4982
1581013498955,992.4982
1581013498993,992.4982
1581013499033,992.49585
1581013499071,992.49585
1581013499109,992.49585
1581013499147,992.49585
1581013499188,992.49756
1581013499224,992.49756
1581013499262,992.49756
1581013499304,992.49756
1581013499340,992.4938
1581013499379,992.4938
1581013499418,992.4938
1581013499457,992.4938
1581013499494,992.4938
1581013499537,992.4938
1581013499571,992.4938
1581013499610,992.4938
1581013499648,992.4941
1581013499686,992.4941
1581013499724,992.4941
1581013499763,992.4941
1581013499801,992.4941
1581013499844,992.4941
1581013499880,992.4941
1581013499916,992.4941
1581013499956,992.4869
1581013499993,992.4869
1581013500032,992.4869
1581013500077,992.4869
1581013500112,992.48175
1581013500147,992.48175
1581013500185,992.48175
1581013500223,992.48175
1581013500262,992.481
1581013500300,992.481
1581013500339,992.481
1581013500377,992.481
1581013500416,992.4845
1581013500456,992.4845
1581013500494,992.4845
1581013500533,992.4845
1581013500569,992.481
1581013500610,992.481
1581013500647,992.481
1581013500687,992.481
1581013500725,992.4793
1581013500763,992.4793
1581013500802,992.4793
1581013500839,992.4793
1581013500879,992.4845
1581013500918,992.4845
1581013500955,992.4845
1581013500993,992.4845
1581013501032,992.4896
1581013501071,992.4896
1581013501111,992.4896
1581013501148,992.4896
1581013501186,992.49066
1581013501224,992.49066
1581013501262,992.49066
1581013501304,992.49066
1581013501340,992.4886
1581013501378,992.4886
1581013501416,992.4886
1581013501454,992.4886
1581013501493,992.4886
1581013501531,992.4862
1581013501570,992.4862
1581013501613,992.4862
1581013501647,992.4862
1581013501684,992.4924
1581013501723,992.4924
1581013501763,992.4924
1581013501802,992.4924
1581013501839,992.4851
1581013501880,992.4851
1581013501917,992.4851
1581013501954,992.4851
1581013501994,992.48785
1581013502034,992.48785
1581013502070,992.48785
1581013502109,992.48785
1581013502148,992.48785
1581013502188,992.48785
1581013502224,992.48785
1581013502262,992.48785
1581013502303,992.4855
1581013502339,992.4855
1581013502378,992.4855
1581013502416,992.4855
1581013502454,992.49915
1581013502493,992.49915
1581013502532,992.49915
1581013502570,992.49915
1581013502608,992.5009
1581013502647,992.5009
1581013502686,992.5009
1581013502723,992.5009
1581013502763,992.4957
1581013502803,992.4957
1581013502839,992.4957
1581013502877,992.4957
1581013502917,992.49023
1581013502957,992.49023
1581013502993,992.49023
1581013503034,992.49023
1581013503073,992.48267
1581013503108,992.48267
1581013503146,992.48267
1581013503187,992.48267
1581013503223,992.47925
1581013503262,992.47925
1581013503303,992.47925
1581013503339,992.47925
1581013503378,992.47925
1581013503417,992.47925
1581013503456,992.47925
1581013503492,992.47925
1581013503532,992.4844
1581013503571,992.4844
1581013503612,992.4844
1581013503646,992.4844
1581013503685,992.4786
1581013503723,992.4786
1581013503761,992.4786
1581013503800,992.4786
1581013503838,992.47345
1581013503879,992.47345
1581013503915,992.47345
1581013503954,992.47345
1581013503992,992.47345
1581013504030,992.47345
1581013504069,992.47345
1581013504109,992.47345
1581013504147,992.47
1581013504187,992.47
1581013504223,992.47
1581013504262,992.47
1581013504300,992.47
1581013504339,992.47
1581013504378,992.47
1581013504416,992.47
1581013504453,992.47
1581013504493,992.47
1581013504532,992.47
1581013504569,992.47
1581013504609,992.47
1581013504646,992.4724
1581013504684,992.4724
1581013504724,992.4724
1581013504761,992.4724
1581013504802,992.46967
1581013504839,992.46967
1581013504877,992.46967
1581013504916,992.46967
1581013504960,992.4741
1581013504991,992.4741
1581013505030,992.4741
1581013505069,992.4741
1581013505107,992.48376
1581013505146,992.48376
1581013505186,992.48376
1581013505222,992.48376
1581013505261,992.48035
1581013505301,992.48035
1581013505339,992.48035
1581013505377,992.48035
1581013505417,992.4834
1581013505453,992.4834
1581013505492,992.4834
1581013505531,992.4834
1581013505569,992.47656
1581013505608,992.47656
1581013505645,992.47656
1581013505684,992.47656
1581013505724,992.4759
1581013505762,992.4759
1581013505803,992.4759
1581013505838,992.4759
1581013505877,992.4769
1581013505917,992.4769
1581013505954,992.4769
1581013505992,992.4769
1581013506032,992.4742
1581013506069,992.4742
1581013506107,992.4742
1581013506146,992.4742
1581013506188,992.47144
1581013506223,992.47144
1581013506261,992.47144
1581013506307,992.47144
1581013506339,992.4684
1581013506376,992.4684
1581013506415,992.4684
1581013506456,992.4684
1581013506492,992.4712
1581013506530,992.4712
1581013506570,992.4712
1581013506608,992.4712
1581013506646,992.4691
1581013506686,992.4691
1581013506722,992.4691
1581013506762,992.4691
1581013506799,992.4695
1581013506840,992.4695
1581013506876,992.4695
1581013506915,992.4695
1581013506956,992.47424
1581013506991,992.47424
1581013507030,992.47424
1581013507069,992.47424
1581013507108,992.4729
1581013507147,992.4729
1581013507184,992.4729
1581013507224,992.4729
1581013507261,992.47015
1581013507299,992.47015
1581013507337,992.47015
1581013507377,992.47015
1581013507414,992.4623
1581013507454,992.4623
1581013507491,992.4623
1581013507530,992.4623
1581013507569,992.4623
1581013507607,992.4719
1581013507646,992.4719
1581013507685,992.4719
1581013507723,992.4719
1581013507761,992.47363
1581013507799,992.47363
1581013507837,992.47363
1581013507880,992.47363
1581013507915,992.4781
1581013507953,992.4781
1581013507991,992.4781
1581013508031,992.4781
1581013508070,992.47876
1581013508108,992.47876
1581013508145,992.47876
1581013508184,992.47876
1581013508223,992.4795
1581013508261,992.4795
1581013508300,992.4795
1581013508339,992.4795
1581013508376,992.47986
1581013508416,992.47986
1581013508452,992.47986
1581013508492,992.47986
1581013508530,992.4771
1581013508568,992.4771
1581013508606,992.4771
1581013508645,992.4771
1581013508684,992.4775
1581013508722,992.4775
1581013508762,992.4775
1581013508800,992.4775
1581013508838,992.48157
1581013508875,992.48157
1581013508914,992.48157
1581013508954,992.48157
1581013508991,992.48224
1581013509030,992.48224
1581013509069,992.48224
1581013509108,992.48224
1581013509145,992.4754
1581013509184,992.4754
1581013509222,992.4754
1581013509260,992.4754
1581013509299,992.4713
1581013509339,992.4713
1581013509376,992.4713
1581013509414,992.4713
1581013509452,992.4702
1581013509491,992.4702
1581013509529,992.4702
1581013509570,992.4702
1581013509606,992.47235
1581013509647,992.47235
1581013509684,992.47235
1581013509724,992.47235
1581013509760,992.46545
1581013509799,992.46545
1581013509840,992.46545
1581013509876,992.46545
1581013509915,992.47064
1581013509953,992.47064
1581013509991,992.47064
1581013510029,992.47064
1581013510068,992.47064
1581013510106,992.47064
1581013510145,992.47064
1581013510184,992.47064
1581013510222,992.47235
1581013510261,992.47235
1581013510298,992.47235
1581013510337,992.47235
1581013510375,992.46716
1581013510415,992.46716
1581013510452,992.46716
1581013510491,992.46716
1581013510530,992.47064
1581013510568,992.47064
1581013510606,992.47064
1581013510644,992.47064
1581013510683,992.47064
1581013510722,992.47064
1581013510761,992.47064
1581013510798,992.47064
1581013510837,992.47064
1581013510876,992.47406
1581013510913,992.47406
1581013510952,992.47406
1581013510992,992.47406
1581013511029,992.4792
1581013511068,992.4792
1581013511106,992.4792
1581013511144,992.4792
1581013511185,992.47577
1581013511221,992.47577
1581013511261,992.47577
1581013511299,992.47577
1581013511340,992.4792
1581013511377,992.4792
1581013511413,992.4792
1581013511452,992.4792
1581013511492,992.4775
1581013511530,992.4775
1581013511567,992.4775
1581013511608,992.4775
1581013511645,992.4702
1581013511683,992.4702
1581013511722,992.4702
1581013511761,992.4702
1581013511798,992.46783
1581013511839,992.46783
1581013511875,992.46783
1581013511913,992.46783
1581013511952,992.4771
1581013511991,992.4771
1581013512029,992.4771
1581013512069,992.4771
1581013512105,992.47815
1581013512144,992.47815
1581013512182,992.47815
1581013512223,992.47815
1581013512260,992.485
1581013512298,992.485
1581013512337,992.485
1581013512375,992.485
1581013512413,992.4919
1581013512453,992.4919
1581013512491,992.4919
1581013512528,992.4919
1581013512567,992.4936
1581013512606,992.4936
1581013512645,992.4936
1581013512683,992.4936
1581013512722,992.4919
1581013512761,992.4919
1581013512802,992.4919
1581013512839,992.4919
1581013512876,992.4843
1581013512913,992.4843
1581013512953,992.4843
1581013512990,992.4843
1581013513029,992.48773
1581013513067,992.48773
1581013513105,992.48773
1581013513144,992.48773
1581013513182,992.4895
1581013513221,992.4895
1581013513259,992.4895
1581013513298,992.4895
1581013513342,992.4895
1581013513376,992.4895
1581013513413,992.4895
1581013513452,992.4895
1581013513490,992.4874
1581013513531,992.4874
1581013513567,992.4874
1581013513605,992.4874
1581013513646,992.4874
1581013513682,992.4874
1581013513720,992.4874
1581013513760,992.4874
1581013513799,992.4874
1581013513837,992.48566
1581013513875,992.48566
1581013513913,992.48566
1581013513952,992.48566
1581013513990,992.49084
1581013514028,992.49084
1581013514067,992.49084
1581013514105,992.49084
1581013514144,992.49426
1581013514183,992.49426
1581013514221,992.49426
1581013514259,992.49426
1581013514299,992.496
1581013514338,992.496
1581013514374,992.496
1581013514413,992.496
1581013514450,992.4953
1581013514490,992.4953
1581013514529,992.4953
1581013514568,992.4953
1581013514607,992.4953
1581013514647,992.4953
1581013514683,992.4953
1581013514721,992.4953
1581013514759,992.4863
1581013514798,992.4863
1581013514836,992.4863
1581013514874,992.4863
1581013514913,992.4812
1581013514951,992.4812
1581013514991,992.4812
1581013515028,992.4812
1581013515067,992.4846
1581013515106,992.4846
1581013515143,992.4846
1581013515182,992.4846
1581013515221,992.4812
1581013515260,992.4812
1581013515298,992.4812
1581013515343,992.4812
1581013515374,992.4761
1581013515412,992.4761
1581013515452,992.4761
1581013515490,992.4761
1581013515527,992.4812
1581013515567,992.4812
1581013515605,992.4812
1581013515643,992.4812
1581013515689,992.48804
1581013515723,992.48804
1581013515761,992.48804
1581013515797,992.48804
1581013515840,992.49316
1581013515876,992.49316
1581013515912,992.49316
1581013515952,992.49316
1581013515989,992.5018
1581013516029,992.5018
1581013516067,992.5018
1581013516106,992.5018
1581013516143,992.5028
1581013516181,992.5028
1581013516220,992.5028
1581013516260,992.5028
1581013516298,992.51135
1581013516336,992.51135
1581013516373,992.51135
1581013516413,992.51135
1581013516451,992.509
1581013516489,992.509
1581013516527,992.509
1581013516567,992.509
1581013516606,992.5035
1581013516643,992.5035
1581013516681,992.5035
1581013516720,992.5035
1581013516758,992.5035
1581013516797,992.5045
1581013516835,992.5045
1581013516874,992.5045
1581013516913,992.5045
1581013516951,992.51135
1581013516989,992.51135
1581013517028,992.51135
1581013517067,992.51135
1581013517104,992.5165
1581013517143,992.5165
1581013517181,992.5165
1581013517221,992.5165
1581013517259,992.51996
1581013517297,992.51996
1581013517336,992.51996
1581013517373,992.51996
1581013517413,992.5158
1581013517450,992.5158
1581013517489,992.5158
1581013517527,992.5158
1581013517566,992.512
1581013517606,992.512
1581013517644,992.512
1581013517681,992.512
1581013517720,992.512
1581013517759,992.512
1581013517798,992.512
1581013517835,992.512
1581013517874,992.51544
1581013517913,992.51544
1581013517953,992.51544
1581013517990,992.51544
1581013518027,992.5206
1581013518068,992.5206
1581013518104,992.5206
1581013518142,992.5206
1581013518181,992.51306
1581013518220,992.51306
1581013518260,992.51306
1581013518299,992.51306
1581013518335,992.5124
1581013518373,992.5124
1581013518411,992.5124
1581013518452,992.5124
1581013518489,992.525
1581013518527,992.525
1581013518566,992.525
1581013518605,992.525
1581013518643,992.5216
1581013518682,992.5216
1581013518720,992.5216
1581013518758,992.5216
1581013518797,992.5199
1581013518835,992.5199
1581013518873,992.5199
1581013518912,992.5199
1581013518953,992.5148
1581013518988,992.5148
1581013519027,992.5148
1581013519065,992.5148
1581013519106,992.51306
1581013519143,992.51306
1581013519180,992.51306
1581013519221,992.51306
1581013519261,992.5141
1581013519302,992.5141
1581013519334,992.5141
1581013519375,992.5141
1581013519413,992.5158
1581013519452,992.5158
1581013519489,992.5158
1581013519528,992.5158
1581013519566,992.51373
1581013519604,992.51373
1581013519646,992.51373
1581013519681,992.51373
1581013519719,992.51025
1581013519759,992.51025
1581013519796,992.51025
1581013519835,992.51025
1581013519875,992.51025
1581013519912,992.50684
1581013519951,992.50684
1581013519988,992.50684
1581013520027,992.50684
1581013520066,992.5017
1581013520104,992.5017
1581013520142,992.5017
1581013520181,992.5017
1581013520220,992.50684
1581013520259,992.50684
1581013520297,992.50684
1581013520334,992.50684
1581013520382,992.5051
1581013520411,992.5051
1581013520450,992.5051
1581013520489,992.5051
1581013520528,992.5017
1581013520565,992.5017
1581013520603,992.5017
1581013520643,992.5017
1581013520681,992.5051
1581013520720,992.5051
1581013520758,992.5051
1581013520802,992.5051
1581013520835,992.5034
1581013520875,992.5034
1581013520911,992.5034
1581013520950,992.5034
1581013520989,992.4993
1581013521027,992.4993
1581013521066,992.4993
1581013521104,992.4993
1581013521142,992.50104
1581013521181,992.50104
1581013521219,992.50104
1581013521257,992.50104
1581013521295,992.4993
1581013521337,992.4993
1581013521374,992.4993
1581013521411,992.4993
1581013521450,992.4993
1581013521488,992.4993
1581013521527,992.4993
1581013521565,992.4993
1581013521604,992.49005
1581013521643,992.49005
1581013521680,992.49005
1581013521718,992.49005
1581013521757,992.49005
1581013521796,992.49005
1581013521835,992.49005
1581013521874,992.49005
1581013521911,992.488
1581013521949,992.488
1581013521989,992.488
1581013522027,992.488
1581013522065,992.48627
1581013522104,992.48627
1581013522141,992.48627
1581013522180,992.48627
1581013522219,992.4914
1581013522258,992.4914
1581013522296,992.4914
1581013522335,992.4914
1581013522374,992.4897
1581013522410,992.4897
1581013522449,992.4897
1581013522488,992.4897
1581013522527,992.488
1581013522565,992.488
1581013522603,992.488
1581013522642,992.488
1581013522682,992.488
1581013522719,992.488
1581013522756,992.488
1581013522795,992.488
1581013522834,992.488
1581013522876,992.488
1581013522911,992.488
1581013522949,992.488
1581013522989,992.488
1581013523028,992.4822
1581013523066,992.4822
1581013523104,992.4822
1581013523142,992.4822
1581013523181,992.4787
1581013523220,992.4787
1581013523260,992.4787
1581013523295,992.4787
1581013523333,992.4804
1581013523372,992.4804
1581013523411,992.4804
1581013523450,992.4804
1581013523487,992.4804
1581013523526,992.4804
1581013523565,992.4804
1581013523603,992.4804
1581013523642,992.4729
1581013523682,992.4729
1581013523718,992.4729
1581013523756,992.4729
1581013523798,992.477
1581013523833,992.477
1581013523872,992.477
1581013523911,992.477
1581013523950,992.4746
1581013523987,992.4746
1581013524027,992.4746
1581013524066,992.4746
1581013524103,992.4746
1581013524141,992.4746
1581013524184,992.4746
1581013524217,992.4746
1581013524257,992.47253
1581013524296,992.47253
1581013524336,992.47253
1581013524372,992.47253
1581013524410,992.4708
1581013524449,992.4708
1581013524488,992.4708
1581013524526,992.4708
1581013524566,992.46326
1581013524604,992.46326
1581013524641,992.46326
1581013524680,992.46326
1581013524720,992.4667
1581013524757,992.4667
1581013524796,992.4667
1581013524834,992.4667
1581013524872,992.4718
1581013524910,992.4718
1581013524953,992.4718
1581013524987,992.4718
1581013525026,992.4735
1581013525065,992.4735
1581013525103,992.4735
1581013525141,992.4735
1581013525179,992.4735
1581013525220,992.4735
1581013525257,992.4735
1581013525299,992.4735
1581013525333,992.468
1581013525373,992.468
1581013525410,992.468
1581013525449,992.468
1581013525488,992.4553
1581013525526,992.4553
1581013525564,992.4553
1581013525602,992.4553
1581013525641,992.46045
1581013525679,992.46045
1581013525718,992.46045
1581013525758,992.46045
1581013525796,992.4639
1581013525833,992.4639
1581013525875,992.4639
1581013525910,992.4639
1581013525949,992.4639
1581013525988,992.4622
1581013526026,992.4622
1581013526064,992.4622
1581013526102,992.4622
1581013526144,992.46735
1581013526180,992.46735
1581013526218,992.46735
1581013526256,992.46735
1581013526297,992.46564
1581013526334,992.46564
1581013526378,992.46564
1581013526412,992.46564
1581013526448,992.4598
1581013526487,992.4598
1581013526526,992.4598
1581013526563,992.4598
1581013526602,992.456
1581013526642,992.456
1581013526680,992.456
1581013526718,992.456
1581013526758,992.46326
1581013526794,992.46326
1581013526833,992.46326
1581013526871,992.46326
1581013526909,992.4577
1581013526948,992.4577
1581013526987,992.4577
1581013527027,992.4577
1581013527063,992.4697
1581013527102,992.4697
1581013527141,992.4697
1581013527180,992.4697
1581013527218,992.4769
1581013527257,992.4769
1581013527294,992.4769
1581013527334,992.4769
1581013527372,992.4697
1581013527411,992.4697
1581013527448,992.4697
1581013527487,992.4697
1581013527525,992.47314
1581013527563,992.47314
1581013527605,992.47314
1581013527640,992.47314
1581013527680,992.4725
1581013527718,992.4725
1581013527758,992.4725
1581013527794,992.4725
1581013527833,992.4667
1581013527871,992.4667
1581013527910,992.4667
1581013527949,992.4667
1581013527986,992.4735
1581013528024,992.4735
1581013528063,992.4735
1581013528102,992.4735
1581013528140,992.4752
1581013528179,992.4752
1581013528218,992.4752
1581013528256,992.4752
1581013528294,992.4735
1581013528333,992.4735
1581013528374,992.4735
1581013528409,992.4735
1581013528448,992.47314
1581013528486,992.47314
1581013528524,992.47314
1581013528573,992.47314
1581013528604,992.4752
1581013528641,992.4752
1581013528680,992.4752
1581013528719,992.4752
1581013528756,992.47485
1581013528794,992.47485
1581013528833,992.47485
1581013528873,992.47485
1581013528911,992.4862
1581013528948,992.4862
1581013528987,992.4862
1581013529025,992.4862
1581013529063,992.4862
1581013529102,992.4769
1581013529140,992.4769
1581013529179,992.4769
1581013529218,992.4769
1581013529255,992.47864
1581013529293,992.47864
1581013529332,992.47864
1581013529372,992.47864
1581013529411,992.468
1581013529448,992.468
1581013529486,992.468
1581013529526,992.468
1581013529563,992.468
1581013529603,992.468
1581013529640,992.468
1581013529678,992.468
1581013529721,992.4628
1581013529756,992.4628
1581013529795,992.4628
1581013529833,992.4628
1581013529871,992.4577
1581013529909,992.4577
1581013529948,992.4577
1581013529991,992.4577
1581013530024,992.45807
1581013530063,992.45807
1581013530103,992.45807
1581013530140,992.45807
1581013530180,992.4542
1581013530218,992.4542
1581013530256,992.4542
1581013530294,992.4542
1581013530332,992.4598
1581013530369,992.4598
1581013530410,992.4598
1581013530448,992.4598
1581013530485,992.4577
1581013530528,992.4577
1581013530562,992.4577
1581013530601,992.4577
1581013530642,992.4542
1581013530678,992.4542
1581013530717,992.4542
1581013530757,992.4542
1581013530794,992.4542
1581013530833,992.4542
1581013530870,992.4542
1581013530909,992.4542
1581013530948,992.4577
1581013530986,992.4577
1581013531024,992.4577
1581013531064,992.4577
1581013531100,992.45636
1581013531140,992.45636
1581013531179,992.45636
1581013531217,992.45636
1581013531254,992.4508
1581013531293,992.4508
1581013531332,992.4508
1581013531370,992.4508
1581013531410,992.4508
1581013531447,992.4508
1581013531486,992.4508
1581013531523,992.4508
1581013531563,992.45465
1581013531601,992.45465
1581013531640,992.45465
1581013531678,992.45465
1581013531718,992.45465
1581013531755,992.45465
1581013531796,992.45465
1581013531833,992.45465
1581013531871,992.45807
1581013531909,992.45807
1581013531948,992.45807
1581013531985,992.45807
1581013532025,992.45807
1581013532062,992.45465
1581013532101,992.45465
1581013532141,992.45465
1581013532178,992.45465
1581013532217,992.45465
1581013532254,992.45465
1581013532293,992.45465
1581013532332,992.45465
1581013532371,992.44946
1581013532409,992.44946
1581013532447,992.44946
1581013532485,992.44946
1581013532525,992.45465
1581013532562,992.45465
1581013532601,992.45465
1581013532639,992.45465
1581013532678,992.45636
1581013532716,992.45636
1581013532755,992.45636
1581013532794,992.45636
1581013532831,992.46045
1581013532871,992.46045
1581013532919,992.46045
1581013532947,992.46045
1581013532985,992.45874
1581013533025,992.45874
1581013533063,992.45874
1581013533101,992.45874
1581013533138,992.4629
1581013533177,992.4629
1581013533217,992.4629
1581013533254,992.4629
1581013533293,992.4594
1581013533331,992.4594
1581013533372,992.4594
1581013533408,992.4594
1581013533447,992.46155
1581013533486,992.46155
1581013533524,992.46155
1581013533562,992.46155
1581013533602,992.4598
1581013533641,992.4598
1581013533678,992.4598
1581013533717,992.4598
1581013533755,992.46155
1581013533792,992.46155
1581013533832,992.46155
1581013533871,992.46155
1581013533909,992.46906
1581013533947,992.46906
1581013533985,992.46906
1581013534025,992.46906
1581013534062,992.46906
1581013534101,992.46906
1581013534141,992.46906
1581013534178,992.46906
1581013534216,992.47485
1581013534255,992.47485
1581013534292,992.47485
1581013534331,992.47485
1581013534369,992.47833
1581013534410,992.47833
1581013534448,992.47833
1581013534485,992.47833
1581013534524,992.477
1581013534562,992.477
1581013534601,992.477
1581013534646,992.477
1581013534677,992.4701
1581013534715,992.4701
1581013534755,992.4701
1581013534792,992.4701
1581013534832,992.468
1581013534871,992.468
1581013534914,992.468
1581013534946,992.468
1581013534985,992.4612
1581013535023,992.4612
1581013535062,992.4612
1581013535100,992.4612
1581013535139,992.4612
1581013535176,992.4646
1581013535215,992.4646
1581013535256,992.4646
1581013535291,992.4646
1581013535330,992.4735
1581013535370,992.4735
1581013535409,992.4735
1581013535446,992.4735
1581013535485,992.4753
1581013535523,992.4753
1581013535561,992.4753
1581013535600,992.4753
1581013535638,992.4804
1581013535676,992.4804
1581013535715,992.4804
1581013535753,992.4804
1581013535792,992.4821
1581013535830,992.4821
1581013535868,992.4821
1581013535907,992.4821
1581013535947,992.4811
1581013535984,992.4811
1581013536023,992.4811
1581013536061,992.4811
1581013536100,992.47974
1581013536138,992.47974
1581013536177,992.47974
1581013536215,992.47974
1581013536253,992.478
1581013536294,992.478
1581013536331,992.478
1581013536369,992.478
1581013536410,992.4712
1581013536446,992.4712
1581013536485,992.4712
1581013536524,992.4712
1581013536562,992.466
1581013536600,992.466
1581013536640,992.466
1581013536678,992.466
1581013536716,992.4609
1581013536754,992.4609
1581013536794,992.4609
1581013536831,992.4609
1581013536870,992.4684
1581013536908,992.4684
1581013536947,992.4684
1581013536984,992.4684
1581013537024,992.4736
1581013537062,992.4736
1581013537101,992.4736
1581013537139,992.4736
1581013537177,992.4746
1581013537215,992.4746
1581013537254,992.4746
1581013537292,992.4746
1581013537330,992.47015
1581013537371,992.47015
1581013537408,992.47015
1581013537446,992.47015
1581013537484,992.4708
1581013537522,992.4708
1581013537563,992.4708
1581013537599,992.4708
1581013537642,992.4712
1581013537676,992.4712
1581013537715,992.4712
1581013537755,992.4712
1581013537791,992.4777
1581013537830,992.4777
1581013537868,992.4777
1581013537907,992.4777
1581013537945,992.47296
1581013537985,992.47296
1581013538023,992.47296
1581013538061,992.47296
1581013538101,992.4692
1581013538139,992.4692
1581013538177,992.4692
1581013538215,992.4692
1581013538253,992.4692
1581013538292,992.47363
1581013538330,992.47363
1581013538369,992.47363
1581013538407,992.47363
1581013538445,992.47437
1581013538484,992.47437
1581013538523,992.47437
1581013538561,992.47437
1581013538601,992.4702
1581013538637,992.4702
1581013538676,992.4702
1581013538716,992.4702
1581013538753,992.4713
1581013538794,992.4713
1581013538831,992.4713
1581013538870,992.4713
1581013538910,992.4689
1581013538946,992.4689
1581013538984,992.4689
1581013539022,992.4689
1581013539061,992.46686
1581013539100,992.46686
1581013539138,992.46686
1581013539177,992.46686
1581013539216,992.46375
1581013539254,992.46375
1581013539292,992.46375
1581013539331,992.46375
1581013539369,992.45654
1581013539409,992.45654
1581013539445,992.45654
1581013539483,992.45654
1581013539522,992.4569
1581013539561,992.4569
1581013539600,992.4569
1581013539637,992.4569
1581013539676,992.4587
1581013539714,992.4587
1581013539754,992.4587
1581013539794,992.4587
1581013539832,992.45593
1581013539868,992.45593
1581013539908,992.45593
1581013539945,992.45593
1581013539983,992.4566
1581013540022,992.4566
1581013540060,992.4566
1581013540098,992.4566
1581013540137,992.45764
1581013540177,992.45764
1581013540215,992.45764
1581013540252,992.45764
1581013540292,992.4549
1581013540331,992.4549
1581013540369,992.4549
1581013540408,992.4549
1581013540446,992.45355
1581013540484,992.45355
1581013540523,992.45355
1581013540562,992.45355
1581013540600,992.4508
1581013540637,992.4508
1581013540676,992.4508
1581013540714,992.4508
1581013540753,992.44775
1581013540792,992.44775
1581013540831,992.44775
1581013540868,992.44775
1581013540910,992.445
1581013540944,992.445
1581013540986,992.445
1581013541021,992.445
1581013541061,992.444
1581013541100,992.444
1581013541137,992.444
1581013541176,992.444
1581013541214,992.444
1581013541253,992.4467
1581013541291,992.4467
1581013541330,992.4467
1581013541369,992.4467
1581013541407,992.4457
1581013541445,992.4457
1581013541483,992.4457
1581013541522,992.4457
1581013541561,992.4481
1581013541602,992.4481
1581013541638,992.4481
1581013541676,992.4481
1581013541715,992.4512
1581013541753,992.4512
1581013541792,992.4512
1581013541830,992.4512
1581013541867,992.45496
1581013541907,992.45496
1581013541945,992.45496
1581013541983,992.45496
1581013542022,992.4591
1581013542061,992.4591
1581013542098,992.4591
1581013542137,992.4591
1581013542176,992.4539
1581013542214,992.4539
1581013542253,992.4539
1581013542291,992.4539
1581013542329,992.4546
1581013542369,992.4546
1581013542408,992.4546
1581013542444,992.4546
1581013542485,992.46185
1581013542522,992.46185
1581013542561,992.46185
1581013542598,992.46185
1581013542637,992.4608
1581013542677,992.4608
1581013542715,992.4608
1581013542753,992.4608
1581013542791,992.46326
1581013542830,992.46326
1581013542868,992.46326
1581013542907,992.46326
1581013542946,992.46326
1581013542983,992.46326
1581013543021,992.46326
1581013543061,992.46326
1581013543099,992.46356
1581013543138,992.46356
1581013543176,992.46356
1581013543216,992.46356
1581013543257,992.4608
1581013543290,992.4608
1581013543329,992.4608
1581013543367,992.4608
1581013543406,992.4664
1581013543446,992.4664
1581013543483,992.4664
1581013543521,992.4664
1581013543560,992.4646
1581013543598,992.4646
1581013543637,992.4646
1581013543676,992.4646
1581013543715,992.4636
1581013543752,992.4636
1581013543792,992.4636
1581013543828,992.4636
1581013543872,992.4619
1581013543907,992.4619
1581013543943,992.4619
1581013543983,992.4619
1581013544021,992.4677
1581013544060,992.4677
1581013544097,992.4677
1581013544137,992.4677
1581013544175,992.46124
1581013544215,992.46124
1581013544252,992.46124
1581013544291,992.46124
1581013544329,992.46124
1581013544367,992.46704
1581013544407,992.46704
1581013544444,992.46704
1581013544483,992.46704
1581013544521,992.4677
1581013544561,992.4677
1581013544598,992.4677
1581013544637,992.4677
1581013544676,992.4643
1581013544714,992.4643
1581013544753,992.4643
1581013544791,992.4643
1581013544829,992.4664
1581013544871,992.4664
1581013544906,992.4664
1581013544945,992.4664
1581013544983,992.4664
1581013545022,992.4664
1581013545061,992.4664
1581013545098,992.4664
1581013545136,992.46124
1581013545176,992.46124
1581013545213,992.46124
1581013545252,992.46124
1581013545290,992.4636
1581013545330,992.4636
1581013545369,992.4636
1581013545407,992.4636
1581013545454,992.4636
1581013545483,992.4636
1581013545522,992.4636
1581013545561,992.4636
1581013545598,992.46606
1581013545637,992.46606
1581013545675,992.46606
1581013545713,992.46606
1581013545752,992.46436
1581013545790,992.46436
1581013545828,992.46436
1581013545868,992.46436
1581013545905,992.4626
1581013545945,992.4626
1581013545982,992.4626
1581013546020,992.4626
1581013546059,992.46814
1581013546099,992.46814
1581013546136,992.46814
1581013546174,992.46814
1581013546215,992.46466
1581013546251,992.46466
1581013546291,992.46466
1581013546328,992.46466
1581013546366,992.4688
1581013546405,992.4688
1581013546444,992.4688
1581013546484,992.4688
1581013546521,992.46606
1581013546559,992.46606
1581013546598,992.46606
1581013546636,992.46606
1581013546676,992.45404
1581013546714,992.45404
1581013546752,992.45404
1581013546790,992.45404
1581013546828,992.4506
1581013546867,992.4506
1581013546907,992.4506
1581013546946,992.4506
1581013546982,992.4424
1581013547021,992.4424
1581013547058,992.4424
1581013547098,992.4424
1581013547136,992.4424
1581013547174,992.4424
1581013547213,992.4424
1581013547251,992.4424
1581013547290,992.44135
1581013547329,992.44135
1581013547368,992.44135
1581013547405,992.44135
1581013547444,992.44135
1581013547482,992.4437
1581013547520,992.4437
1581013547558,992.4437
1581013547597,992.4437
1581013547637,992.4472
1581013547673,992.4472
1581013547714,992.4472
1581013547751,992.4472
1581013547790,992.45337
1581013547830,992.45337
1581013547867,992.45337
1581013547905,992.45337
1581013547945,992.452
1581013547981,992.452
1581013548022,992.452
1581013548059,992.452
1581013548097,992.45447
1581013548136,992.45447
1581013548174,992.45447
1581013548215,992.45447
1581013548251,992.4493
1581013548289,992.4493
1581013548328,992.4493
1581013548366,992.4493
1581013548406,992.44415
1581013548443,992.44415
1581013548481,992.44415
1581013548520,992.44415
1581013548560,992.44824
1581013548597,992.44824
1581013548635,992.44824
1581013548674,992.44824
1581013548712,992.44824
1581013548750,992.44824
1581013548790,992.44824
1581013548827,992.44824
1581013548866,992.44824
1581013548905,992.44824
1581013548943,992.44824
1581013548981,992.44824
1581013549020,992.44824
1581013549064,992.44824
1581013549097,992.44824
1581013549135,992.44824
1581013549174,992.45105
1581013549212,992.45105
1581013549252,992.45105
1581013549289,992.45105
1581013549330,992.44415
1581013549366,992.44415
1581013549404,992.44415
1581013549446,992.44415
1581013549481,992.44244
1581013549519,992.44244
1581013549560,992.44244
1581013549598,992.44244
1581013549636,992.4448
1581013549674,992.4448
1581013549714,992.4448
1581013549750,992.4448
1581013549789,992.4555
1581013549828,992.4555
1581013549866,992.4555
1581013549906,992.4555
1581013549943,992.4572
1581013549981,992.4572
1581013550019,992.4572
1581013550059,992.4572
1581013550100,992.4538
1581013550136,992.4538
1581013550173,992.4538
1581013550213,992.4538
1581013550250,992.4562
1581013550289,992.4562
1581013550328,992.4562
1581013550366,992.4562
1581013550405,992.4562
1581013550444,992.45
1581013550481,992.45
1581013550520,992.45
1581013550558,992.45
1581013550598,992.4521
1581013550635,992.4521
1581013550674,992.4521
1581013550713,992.4521
1581013550750,992.44763
1581013550790,992.44763
1581013550828,992.44763
1581013550865,992.44763
1581013550904,992.4483
1581013550942,992.4483
1581013550980,992.4483
1581013551019,992.4483
1581013551059,992.4517
1581013551096,992.4517
1581013551135,992.4517
1581013551173,992.4517
1581013551213,992.4573
1581013551250,992.4573
1581013551289,992.4573
1581013551327,992.4573
1581013551367,992.4521
1581013551403,992.4521
1581013551442,992.4521
1581013551482,992.4521
1581013551520,992.45276
1581013551558,992.45276
1581013551597,992.45276
1581013551635,992.45276
1581013551677,992.4459
1581013551712,992.4459
1581013551751,992.4459
1581013551788,992.4459
1581013551827,992.45447
1581013551866,992.45447
1581013551906,992.45447
1581013551942,992.45447
1581013551980,992.4586
1581013552020,992.4586
1581013552058,992.4586
1581013552097,992.4586
1581013552136,992.4573
1581013552173,992.4573
1581013552212,992.4573
1581013552250,992.4573
1581013552288,992.45105
1581013552326,992.45105
1581013552366,992.45105
1581013552404,992.45105
1581013552448,992.448
1581013552480,992.448
1581013552519,992.448
1581013552557,992.448
1581013552597,992.44116
1581013552634,992.44116
1581013552673,992.44116
1581013552712,992.44116
1581013552749,992.45215
1581013552789,992.45215
1581013552827,992.45215
1581013552867,992.45215
1581013552904,992.4545
1581013552942,992.4545
1581013552980,992.4545
1581013553018,992.4545
1581013553058,992.44763
1581013553097,992.44763
1581013553134,992.44763
1581013553173,992.44763
1581013553211,992.4566
1581013553250,992.4566
1581013553288,992.4566
1581013553326,992.4566
1581013553366,992.45557
1581013553406,992.45557
1581013553445,992.45557
1581013553482,992.45557
1581013553518,992.45557
1581013553557,992.45386
1581013553596,992.45386
1581013553636,992.45386
1581013553675,992.45386
1581013553711,992.45795
1581013553750,992.45795
1581013553789,992.45795
1581013553826,992.45795
1581013553864,992.4545
1581013553908,992.4545
1581013553944,992.4545
1581013553980,992.4545
1581013554018,992.4528
1581013554059,992.4528
1581013554096,992.4528
1581013554135,992.4528
1581013554173,992.4511
1581013554211,992.4511
1581013554250,992.4511
1581013554288,992.4511
1581013554327,992.4494
1581013554370,992.4494
1581013554403,992.4494
1581013554441,992.4494
1581013554479,992.4566
1581013554518,992.4566
1581013554558,992.4566
1581013554596,992.4566
1581013554635,992.459
1581013554672,992.459
1581013554713,992.459
1581013554751,992.459
1581013554788,992.4573
1581013554827,992.4573
1581013554865,992.4573
1581013554903,992.4573
1581013554941,992.458
1581013554980,992.458
1581013555020,992.458
1581013555059,992.458
1581013555095,992.4573
1581013555134,992.4573
1581013555172,992.4573
1581013555210,992.4573
1581013555249,992.4614
1581013555288,992.4614
1581013555326,992.4614
1581013555366,992.4614
1581013555403,992.4614
1581013555441,992.4614
1581013555480,992.4614
1581013555519,992.4614
1581013555556,992.46484
1581013555595,992.46484
1581013555634,992.46484
1581013555672,992.46484
1581013555711,992.4669
1581013555750,992.4669
1581013555788,992.4669
1581013555827,992.4669
1581013555866,992.4618
1581013555904,992.4618
1581013555942,992.4618
1581013555980,992.4618
1581013556018,992.46075
1581013556056,992.46075
1581013556097,992.46075
1581013556133,992.46075
1581013556172,992.46246
1581013556211,992.46246
1581013556253,992.46246
1581013556287,992.46246
1581013556325,992.4614
1581013556363,992.4614
1581013556402,992.4614
1581013556441,992.4614
1581013556480,992.4597
1581013556518,992.4597
1581013556557,992.4597
1581013556596,992.4597
1581013556634,992.4597
1581013556673,992.4618
1581013556711,992.4618
1581013556750,992.4618
1581013556787,992.4618
1581013556828,992.4601
1581013556864,992.4601
1581013556903,992.4601
1581013556943,992.4601
1581013556980,992.45734
1581013557020,992.45734
1581013557058,992.45734
1581013557095,992.45734
1581013557134,992.4597
1581013557175,992.4597
1581013557210,992.4597
1581013557249,992.4597
1581013557288,992.4563
1581013557325,992.4563
1581013557366,992.4563
1581013557402,992.4563
1581013557442,992.4546
1581013557479,992.4546
1581013557518,992.4546
1581013557558,992.4546
1581013557599,992.4686
1581013557633,992.4686
1581013557672,992.4686
1581013557713,992.4686
1581013557748,992.4529
1581013557788,992.4529
1581013557825,992.4529
1581013557863,992.4529
1581013557902,992.45667
1581013557940,992.45667
1581013557979,992.45667
1581013558019,992.45667
1581013558057,992.46246
1581013558095,992.46246
1581013558134,992.46246
1581013558172,992.46246
1581013558210,992.46246
1581013558250,992.46246
1581013558288,992.46246
1581013558327,992.46246
1581013558363,992.4683
1581013558404,992.4683
1581013558441,992.4683
1581013558478,992.4683
1581013558518,992.46484
1581013558556,992.46484
1581013558595,992.46484
1581013558634,992.46484
1581013558672,992.4635
1581013558710,992.4635
1581013558748,992.4635
1581013558788,992.4635
1581013558826,992.45667
1581013558865,992.45667
1581013558902,992.45667
1581013558941,992.45667
1581013558979,992.4556
1581013559018,992.4556
1581013559056,992.4556
1581013559095,992.4556
1581013559133,992.4556
1581013559172,992.4556
1581013559209,992.4556
1581013559248,992.4556
1581013559286,992.4687
1581013559326,992.4687
1581013559364,992.4687
1581013559403,992.4687
1581013559442,992.4653
1581013559484,992.4653
1581013559519,992.4653
1581013559556,992.4653
1581013559594,992.4601
1581013559633,992.46423
1581013559671,992.46423
1581013559709,992.46423
1581013559748,992.46423
1581013559787,992.4646
1581013559825,992.4646
1581013559864,992.4646
1581013559902,992.4646
1581013559941,992.4646
1581013559981,992.4646
1581013560025,992.4646
1581013560060,992.4646
1581013560093,992.4704
1581013560132,992.4704
1581013560171,992.4704
1581013560209,992.4704
1581013560249,992.467
1581013560288,992.467
1581013560326,992.467
1581013560363,992.467
1581013560402,992.46594
1581013560441,992.46594
1581013560478,992.46594
1581013560518,992.46594
1581013560556,992.4591
1581013560593,992.4591
1581013560633,992.4591
1581013560672,992.4591
1581013560710,992.4595
1581013560749,992.4595
1581013560788,992.4595
1581013560826,992.4595
1581013560863,992.46014
1581013560908,992.46014
1581013560940,992.46014
1581013560979,992.46014
1581013561018,992.46423
1581013561055,992.46423
1581013561094,992.46423
1581013561135,992.46423
1581013561171,992.468
1581013561209,992.468
1581013561249,992.468
1581013561287,992.468
1581013561326,992.4739
1581013561369,992.4739
1581013561402,992.4739
1581013561442,992.4739
1581013561478,992.4801
1581013561517,992.4801
1581013561557,992.4801
1581013561597,992.4801
1581013561632,992.4756
1581013561677,992.4756
1581013561710,992.4756
1581013561749,992.4756
1581013561787,992.4694
1581013561824,992.4694
1581013561864,992.4694
1581013561901,992.4694
1581013561940,992.4715
1581013561978,992.4715
1581013562017,992.4715
1581013562055,992.4715
1581013562093,992.4636
1581013562134,992.4636
1581013562171,992.4636
1581013562213,992.4636
1581013562251,992.4674
1581013562286,992.4674
1581013562324,992.4674
1581013562364,992.4674
1581013562401,992.4698
1581013562439,992.4698
1581013562479,992.4698
1581013562520,992.4698
1581013562555,992.47046
1581013562596,992.47046
1581013562632,992.47046
1581013562671,992.47046
1581013562711,992.47046
1581013562748,992.4674
1581013562785,992.4674
1581013562824,992.4674
1581013562863,992.4674
1581013562901,992.46295
1581013562939,992.46295
1581013562992,992.46295
1581013563016,992.46295
1581013563056,992.4623
1581013563093,992.4623
1581013563131,992.4623
1581013563171,992.4623
1581013563211,992.45264
1581013563247,992.45264
1581013563287,992.45264
1581013563324,992.45264
1581013563363,992.45374
1581013563402,992.45374
1581013563440,992.45374
1581013563480,992.45374
1581013563519,992.4585
1581013563556,992.4585
1581013563594,992.4585
1581013563632,992.4585
1581013563674,992.4647
1581013563710,992.4647
1581013563747,992.4647
1581013563786,992.4647
1581013563825,992.46643
1581013563867,992.46643
1581013563901,992.46643
1581013563940,992.46643
1581013563980,992.46747
1581013564017,992.46747
1581013564057,992.46747
1581013564094,992.46747
1581013564132,992.4685
1581013564170,992.4685
1581013564209,992.4685
1581013564248,992.4685
1581013564287,992.46985
1581013564325,992.46985
1581013564363,992.46985
1581013564403,992.46985
1581013564441,992.47675
1581013564483,992.47675
1581013564517,992.47675
1581013564556,992.47675
1581013564593,992.47437
1581013564632,992.47437
1581013564671,992.47437
1581013564708,992.47437
1581013564747,992.48364
1581013564786,992.48364
1581013564824,992.48364
1581013564862,992.48364
1581013564901,992.4922
1581013564939,992.4922
1581013564978,992.4922
1581013565016,992.4922
1581013565055,992.4847
1581013565094,992.4847
1581013565131,992.4847
1581013565171,992.4847
1581013565210,992.4864
1581013565247,992.4864
1581013565287,992.4864
1581013565326,992.4864
1581013565362,992.4916
1581013565400,992.4916
1581013565439,992.4916
1581013565478,992.4916
1581013565516,992.48987
1581013565554,992.48987
1581013565593,992.48987
1581013565631,992.48987
1581013565671,992.48987
1581013565709,992.48987
1581013565747,992.48987
1581013565785,992.48987
1581013565824,992.48987
1581013565861,992.48987
1581013565902,992.48987
1581013565940,992.48987
1581013565978,992.48987
1581013566018,992.48785
1581013566055,992.48785
1581013566093,992.48785
1581013566132,992.48785
1581013566172,992.4844
1581013566208,992.4844
1581013566247,992.4844
1581013566284,992.4844
1581013566324,992.47925
1581013566362,992.47925
1581013566402,992.47925
1581013566440,992.47925
1581013566477,992.4868
1581013566516,992.4868
1581013566554,992.4868
1581013566594,992.4868
1581013566632,992.4783
1581013566670,992.4783
1581013566710,992.4783
1581013566747,992.4783
1581013566786,992.4793
1581013566824,992.4793
1581013566863,992.4793
1581013566900,992.4793
1581013566939,992.4834
1581013566978,992.4834
1581013567020,992.4834
1581013567054,992.4834
1581013567093,992.48
1581013567131,992.48
1581013567169,992.48
1581013567209,992.48
1581013567247,992.48
1581013567285,992.48
1581013567324,992.48
1581013567363,992.48
1581013567401,992.47656
1581013567439,992.47656
1581013567478,992.47656
1581013567515,992.47656
1581013567554,992.47864
1581013567592,992.47864
1581013567632,992.47864
1581013567669,992.47864
1581013567708,992.4769
1581013567746,992.4769
1581013567784,992.4769
1581013567823,992.4769
1581013567863,992.4752
1581013567900,992.4752
1581013567940,992.4752
1581013567978,992.4752
1581013568015,992.4866
1581013568054,992.4866
1581013568093,992.4866
1581013568132,992.4866
1581013568171,992.48145
1581013568208,992.48145
1581013568247,992.48145
1581013568285,992.48145
1581013568322,992.49066
1581013568362,992.49066
1581013568400,992.49066
1581013568439,992.49066
1581013568478,992.4945
1581013568515,992.4945
1581013568554,992.4945
1581013568594,992.4945
1581013568631,992.4928
1581013568669,992.4928
1581013568708,992.4928
1581013568746,992.4928
1581013568784,992.4907
1581013568824,992.4907
1581013568861,992.4907
1581013568899,992.4907
1581013568939,992.4907
1581013568977,992.4883
1581013569018,992.4883
1581013569056,992.4883
1581013569092,992.4883
1581013569132,992.48315
1581013569170,992.48315
1581013569207,992.48315
1581013569246,992.48315
1581013569284,992.4838
1581013569322,992.4838
1581013569361,992.4838
1581013569399,992.4838
1581013569438,992.48517
1581013569478,992.48517
1581013569515,992.48517
1581013569554,992.48517
1581013569593,992.49207
1581013569630,992.49207
1581013569672,992.49207
1581013569707,992.49207
1581013569746,992.4948
1581013569786,992.4948
1581013569822,992.4948
1581013569862,992.4948
1581013569899,992.49585
1581013569938,992.49585
1581013569976,992.49585
1581013570017,992.49585
1581013570054,992.4972
1581013570092,992.4972
1581013570131,992.4972
1581013570169,992.4972
1581013570208,992.49414
1581013570247,992.49414
1581013570285,992.49414
1581013570324,992.49414
1581013570361,992.4879
1581013570400,992.4879
1581013570439,992.4879
1581013570478,992.4879
1581013570516,992.48694
1581013570552,992.48694
1581013570591,992.48694
1581013570629,992.48694
1581013570669,992.48553
1581013570707,992.48553
1581013570746,992.48553
1581013570787,992.48553
1581013570822,992.4845
1581013570861,992.4845
1581013570901,992.4845
1581013570939,992.4845
1581013570977,992.48553
1581013571014,992.48553
1581013571053,992.48553
1581013571092,992.48553
1581013571130,992.4862
1581013571170,992.4862
1581013571206,992.4862
1581013571245,992.4862
1581013571284,992.4866
1581013571322,992.4866
1581013571361,992.4866
1581013571402,992.4866
1581013571438,992.48145
1581013571477,992.48145
1581013571514,992.48145
1581013571553,992.48145
1581013571592,992.4821
1581013571631,992.4821
1581013571669,992.4821
1581013571706,992.4821
1581013571745,992.4701
1581013571784,992.4701
1581013571822,992.4701
1581013571861,992.4701
1581013571901,992.46735
1581013571937,992.46735
1581013571977,992.46735
1581013572014,992.46735
1581013572052,992.46735
1581013572091,992.4763
1581013572129,992.4763
1581013572169,992.4763
1581013572207,992.4763
1581013572244,992.4804
1581013572283,992.4804
1581013572322,992.4804
1581013572361,992.4804
1581013572399,992.4763
1581013572437,992.4763
1581013572476,992.4763
1581013572515,992.4763
1581013572552,992.48145
1581013572592,992.48145
1581013572630,992.48145
1581013572669,992.48145
1581013572707,992.4907
1581013572744,992.4907
1581013572783,992.4907
1581013572821,992.4907
1581013572862,992.4873
1581013572899,992.4873
1581013572938,992.4873
1581013572975,992.4873
1581013573015,992.4838
1581013573052,992.4838
1581013573091,992.4838
1581013573131,992.4838
1581013573170,992.4862
1581013573208,992.4862
1581013573248,992.4862
1581013573283,992.4862
1581013573328,992.4931
1581013573361,992.4931
1581013573399,992.4931
1581013573437,992.4931
1581013573475,992.4952
1581013573519,992.4952
1581013573552,992.4952
1581013573593,992.4952
1581013573629,992.4969
1581013573668,992.4969
1581013573706,992.4969
1581013573745,992.4969
1581013573784,992.4952
1581013573822,992.4952
1581013573861,992.4952
1581013573901,992.4952
1581013573937,992.4948
1581013573976,992.4948
1581013574014,992.4948
1581013574052,992.4948
1581013574092,992.4982
1581013574129,992.4982
1581013574169,992.4982
1581013574206,992.4982
1581013574248,992.5017
1581013574286,992.5017
1581013574323,992.5017
1581013574360,992.5017
1581013574398,992.5027
1581013574437,992.5027
1581013574475,992.5027
1581013574513,992.5027
1581013574552,992.501
1581013574590,992.501
1581013574629,992.501
1581013574668,992.501
1581013574706,992.5021
1581013574744,992.5021
1581013574783,992.5021
1581013574821,992.5021
1581013574861,992.5038
1581013574902,992.5038
1581013574938,992.5038
1581013574977,992.5038
1581013575014,992.50446
1581013575052,992.50446
1581013575090,992.50446
1581013575129,992.50446
1581013575167,992.50446
1581013575208,992.4986
1581013575245,992.4986
1581013575284,992.4986
1581013575321,992.4986
1581013575361,992.50037
1581013575399,992.50037
1581013575437,992.50037
1581013575476,992.50037
1581013575514,992.4982
1581013575552,992.4982
1581013575590,992.4982
1581013575630,992.4982
1581013575668,992.49243
1581013575708,992.49243
1581013575744,992.49243
1581013575783,992.49243
1581013575821,992.49414
1581013575859,992.49414
1581013575898,992.49414
1581013575936,992.49414
1581013575974,992.49005
1581013576014,992.49005
1581013576052,992.49005
1581013576090,992.49005
1581013576129,992.4883
1581013576167,992.4883
1581013576206,992.4883
1581013576245,992.4883
1581013576284,992.4931
1581013576321,992.4931
1581013576359,992.4931
1581013576398,992.4931
1581013576439,992.4873
1581013576478,992.4873
1581013576513,992.4873
1581013576553,992.4873
1581013576591,992.48694
1581013576630,992.48694
1581013576668,992.48694
1581013576709,992.48694
1581013576744,992.4845
1581013576782,992.4845
1581013576821,992.4845
1581013576861,992.4845
1581013576898,992.4879
1581013576936,992.4879
1581013576976,992.4879
1581013577014,992.4879
1581013577053,992.4907
1581013577091,992.4907
1581013577129,992.4907
1581013577168,992.4907
1581013577206,992.49207
1581013577245,992.49207
1581013577284,992.49207
1581013577322,992.49207
1581013577360,992.4938
1581013577399,992.4938
1581013577436,992.4938
1581013577474,992.4938
1581013577513,992.4879
1581013577552,992.4879
1581013577591,992.4879
1581013577630,992.4879
1581013577668,992.4787
1581013577706,992.4787
1581013577746,992.4787
1581013577782,992.4787
1581013577821,992.4804
1581013577859,992.4804
1581013577897,992.4804
1581013577938,992.4804
1581013577974,992.489
1581013578013,992.489
1581013578052,992.489
1581013578090,992.489
1581013578130,992.489
1581013578169,992.48694
1581013578205,992.48694
1581013578243,992.48694
1581013578284,992.48694
1581013578321,992.4811
1581013578360,992.4811
1581013578398,992.4811
1581013578436,992.4811
1581013578475,992.4845
1581013578513,992.4845
1581013578553,992.4845
1581013578590,992.4845
1581013578628,992.4845
1581013578667,992.4845
1581013578705,992.4845
1581013578747,992.4845
1581013578782,992.4804
1581013578821,992.4804
1581013578861,992.4804
1581013578901,992.4804
1581013578939,992.4804
1581013578975,992.4804
1581013579014,992.4804
1581013579051,992.4804
1581013579089,992.47656
1581013579129,992.47656
1581013579166,992.47656
1581013579208,992.47656
1581013579243,992.4811
1581013579281,992.4811
1581013579320,992.4811
1581013579360,992.4811
1581013579397,992.4794
1581013579437,992.4794
1581013579473,992.4794
1581013579513,992.4794
1581013579552,992.4821
1581013579589,992.4821
1581013579628,992.4821
1581013579667,992.4821
1581013579706,992.48175
1581013579743,992.48175
1581013579782,992.48175
1581013579822,992.48175
1581013579858,992.48865
1581013579898,992.48865
1581013579936,992.48865
1581013579975,992.48865
1581013580012,992.4879
1581013580053,992.4879
1581013580089,992.4879
1581013580128,992.4879
1581013580169,992.4931
1581013580207,992.4931
1581013580243,992.4931
1581013580283,992.4931
1581013580321,992.49994
1581013580360,992.49994
1581013580398,992.49994
1581013580436,992.49994
1581013580474,992.489
1581013580512,992.489
1581013580552,992.489
1581013580590,992.489
1581013580627,992.4869
1581013580666,992.4869
1581013580704,992.4869
1581013580743,992.4869
1581013580782,992.4938
1581013580820,992.4938
1581013580859,992.4938
1581013580897,992.4938
1581013580935,992.4945
1581013580975,992.4945
1581013581011,992.4945
1581013581050,992.4945
1581013581091,992.4928
1581013581127,992.4928
1581013581166,992.4928
1581013581205,992.4928
1581013581243,992.4928
1581013581282,992.4883
1581013581320,992.4883
1581013581358,992.4883
1581013581400,992.4883
1581013581435,992.4952
1581013581473,992.4952
1581013581514,992.4952
1581013581551,992.4952
1581013581589,992.49
1581013581627,992.49
1581013581666,992.49
1581013581705,992.49
1581013581747,992.4928
1581013581782,992.4928
1581013581822,992.4928
1581013581860,992.4928
1581013581896,992.4945
1581013581935,992.4945
1581013581974,992.4945
1581013582012,992.4945
1581013582052,992.4945
1581013582089,992.4945
1581013582127,992.4945
1581013582167,992.4945
1581013582205,992.489
1581013582243,992.489
1581013582281,992.489
1581013582320,992.489
1581013582360,992.489
1581013582396,992.489
1581013582435,992.489
1581013582473,992.489
1581013582513,992.4917
1581013582551,992.4917
1581013582588,992.4917
1581013582628,992.4917
1581013582666,992.5003
1581013582704,992.5003
1581013582744,992.5003
1581013582781,992.5003
1581013582819,992.4928
1581013582860,992.4928
1581013582898,992.4928
1581013582934,992.4928
1581013582975,992.4893
1581013583012,992.4893
1581013583051,992.4893
1581013583088,992.4893
1581013583127,992.49414
1581013583168,992.49414
1581013583204,992.49414
1581013583242,992.49414
1581013583281,992.49414
1581013583325,992.49414
1581013583358,992.49414
1581013583396,992.49414
1581013583436,992.4907
1581013583477,992.4907
1581013583511,992.4907
1581013583554,992.4907
1581013583589,992.48486
1581013583627,992.48486
1581013583665,992.48486
1581013583704,992.48486
1581013583743,992.4928
1581013583781,992.4928
1581013583818,992.4928
1581013583857,992.4928
1581013583901,992.49585
1581013583937,992.49585
1581013583975,992.49585
1581013584012,992.49585
1581013584049,992.4883
1581013584088,992.4883
1581013584126,992.4883
1581013584165,992.4883
1581013584204,992.4883
1581013584243,992.4883
1581013584281,992.4883
1581013584319,992.4883
1581013584357,992.4883
1581013584399,992.4735
1581013584434,992.4735
1581013584474,992.4735
1581013584514,992.4735
1581013584550,992.4769
1581013584590,992.4769
1581013584627,992.4769
1581013584665,992.4769
1581013584703,992.4769
1581013584743,992.4769
1581013584781,992.4769
1581013584819,992.4769
1581013584857,992.47284
1581013584898,992.47284
1581013584934,992.47284
1581013584973,992.47284
1581013585011,992.478
1581013585049,992.478
1581013585087,992.478
1581013585126,992.478
1581013585165,992.47626
1581013585204,992.47626
1581013585242,992.47626
1581013585280,992.47626
1581013585319,992.4667
1581013585358,992.4667
1581013585397,992.4667
1581013585434,992.4667
1581013585473,992.4735
1581013585510,992.4735
1581013585552,992.4735
1581013585588,992.4735
1581013585628,992.48035
1581013585666,992.48035
1581013585703,992.48035
1581013585742,992.48035
1581013585780,992.48145
1581013585818,992.48145
1581013585857,992.48145
1581013585896,992.48145
1581013585937,992.47974
1581013585973,992.47974
1581013586012,992.47974
1581013586049,992.47974
1581013586088,992.4759
1581013586126,992.4759
1581013586165,992.4759
1581013586203,992.4759
1581013586242,992.47284
1581013586280,992.47284
1581013586318,992.47284
1581013586358,992.47284
1581013586396,992.4759
1581013586436,992.4759
1581013586474,992.4759
1581013586511,992.4759
1581013586549,992.4776
1581013586588,992.4776
1581013586627,992.4776
1581013586665,992.4776
1581013586704,992.4752
1581013586742,992.4752
1581013586779,992.4752
1581013586817,992.4752
1581013586858,992.4794
1581013586895,992.4794
1581013586934,992.4794
1581013586973,992.4794
1581013587011,992.4776
1581013587050,992.4776
1581013587089,992.4776
1581013587127,992.4776
1581013587165,992.4794
1581013587203,992.4794
1581013587241,992.4794
1581013587280,992.4794
1581013587318,992.4794
1581013587357,992.46594
1581013587397,992.46594
1581013587433,992.46594
1581013587473,992.46594
1581013587510,992.46045
1581013587549,992.46045
1581013587589,992.46045
1581013587626,992.46045
1581013587665,992.45874
1581013587703,992.45874
1581013587743,992.45874
1581013587779,992.45874
1581013587819,992.45874
1581013587856,992.45874
1581013587895,992.45874
1581013587935,992.45874
1581013587972,992.45807
1581013588011,992.45807
1581013588049,992.45807
1581013588087,992.45807
1581013588126,992.4529
1581013588165,992.4529
1581013588203,992.4529
1581013588241,992.4529
1581013588279,992.4598
1581013588319,992.4598
1581013588357,992.4598
1581013588395,992.4598
1581013588434,992.4574
1581013588476,992.4574
1581013588511,992.4574
1581013588549,992.4574
1581013588587,992.4484
1581013588625,992.4484
1581013588666,992.4484
1581013588702,992.4484
1581013588741,992.44434
1581013588779,992.44434
1581013588818,992.44434
1581013588857,992.44434
1581013588896,992.4454
1581013588934,992.4454
1581013588972,992.4454
1581013589011,992.4454
1581013589049,992.4505
1581013589086,992.4505
1581013589125,992.4505
1581013589165,992.4505
1581013589203,992.4557
1581013589240,992.4557
1581013589280,992.4557
1581013589319,992.4557
1581013589356,992.4625
1581013589395,992.4625
1581013589434,992.4625
1581013589474,992.4625
1581013589512,992.4536
1581013589548,992.4536
1581013589587,992.4536
1581013589626,992.4536
1581013589664,992.4553
1581013589703,992.4553
1581013589740,992.4553
1581013589779,992.4553
1581013589817,992.44946
1581013589858,992.44946
1581013589895,992.44946
1581013589934,992.44946
1581013589971,992.4426
1581013590010,992.4426
1581013590050,992.4426
1581013590088,992.4426
1581013590126,992.4512
1581013590163,992.4512
1581013590203,992.4512
1581013590241,992.4512
1581013590278,992.4512
1581013590318,992.45807
1581013590356,992.45807
1581013590397,992.45807
1581013590433,992.45807
1581013590474,992.4632
1581013590510,992.4632
1581013590548,992.4632
1581013590587,992.4632
1581013590626,992.4615
1581013590665,992.4615
1581013590704,992.4615
1581013590740,992.4615
1581013590782,992.4556
1581013590818,992.4556
1581013590856,992.4556
1581013590894,992.4556
1581013590933,992.4488
1581013590972,992.4488
1581013591010,992.4488
1581013591050,992.4488
1581013591086,992.4553
1581013591126,992.4553
1581013591164,992.4553
1581013591202,992.4553
1581013591240,992.45703
1581013591278,992.45703
1581013591317,992.45703
1581013591356,992.45703
1581013591394,992.4563
1581013591433,992.4563
1581013591470,992.4563
1581013591510,992.4563
1581013591549,992.4725
1581013591587,992.4725
1581013591625,992.4725
1581013591663,992.4725
1581013591702,992.4797
1581013591740,992.4797
1581013591778,992.4797
1581013591817,992.4797
1581013591857,992.4776
1581013591894,992.4776
1581013591932,992.4776
1581013591972,992.4776
1581013592011,992.4793
1581013592048,992.4793
1581013592086,992.4793
1581013592125,992.4793
1581013592163,992.4769
1581013592202,992.4769
1581013592240,992.4769
1581013592279,992.4769
1581013592318,992.4769
1581013592355,992.4769
1581013592398,992.4769
1581013592433,992.4769
1581013592472,992.47864
1581013592510,992.47864
1581013592552,992.47864
1581013592589,992.47864
1581013592624,992.4769
1581013592664,992.4769
1581013592702,992.4769
1581013592740,992.4769
1581013592779,992.4769
1581013592816,992.4769
1581013592856,992.4769
1581013592893,992.4769
1581013592934,992.47864
1581013592971,992.47864
1581013593009,992.47864
1581013593048,992.47864
1581013593086,992.48035
1581013593128,992.48035
1581013593162,992.48035
1581013593202,992.48035
1581013593243,992.48035
1581013593278,992.48035
1581013593317,992.48035
1581013593355,992.48035
1581013593393,992.48035
1581013593432,992.47864
1581013593470,992.47864
1581013593510,992.47864
1581013593548,992.47864
1581013593589,992.4769
1581013593625,992.4769
1581013593662,992.4769
1581013593701,992.4769
1581013593739,992.4855
1581013593777,992.4855
1581013593817,992.4855
1581013593856,992.4855
1581013593894,992.49066
1581013593932,992.49066
1581013593971,992.49066
1581013594009,992.49066
1581013594048,992.48315
1581013594086,992.48315
1581013594125,992.48315
1581013594163,992.48315
1581013594203,992.4797
1581013594240,992.4797
1581013594278,992.4797
1581013594317,992.4797
1581013594354,992.481
1581013594393,992.481
1581013594432,992.481
1581013594470,992.481
1581013594509,992.481
1581013594549,992.481
1581013594585,992.481
1581013594624,992.481
1581013594663,992.4759
1581013594702,992.4759
1581013594740,992.4759
1581013594779,992.4759
1581013594817,992.4776
1581013594854,992.4776
1581013594893,992.4776
1581013594931,992.4776
1581013594971,992.4776
1581013595010,992.4776
1581013595047,992.4776
1581013595085,992.4776
1581013595130,992.4776
1581013595163,992.4776
1581013595203,992.4776
1581013595240,992.4776
1581013595278,992.4776
1581013595316,992.4776
1581013595355,992.4776
1581013595395,992.4776
1581013595433,992.4759
1581013595470,992.4759
1581013595510,992.4759
1581013595549,992.4759
1581013595587,992.4656
1581013595625,992.4656
1581013595663,992.4656
1581013595701,992.4656
1581013595739,992.45703
1581013595777,992.45703
1581013595818,992.45703
1581013595854,992.45703
1581013595898,992.45703
1581013595931,992.45703
1581013595970,992.45703
1581013596009,992.45703
1581013596047,992.458
1581013596091,992.458
1581013596123,992.458
1581013596163,992.458
1581013596203,992.458
1581013596239,992.458
1581013596277,992.458
1581013596317,992.458
1581013596355,992.4615
1581013596393,992.4615
1581013596432,992.4615
1581013596469,992.4615
1581013596508,992.4615
1581013596547,992.4615
1581013596586,992.4615
1581013596625,992.4615
1581013596662,992.4615
1581013596703,992.4649
1581013596741,992.4649
1581013596777,992.4649
1581013596817,992.4649
1581013596854,992.4666
1581013596894,992.4666
1581013596932,992.4666
1581013596970,992.4666
1581013597008,992.4632
1581013597046,992.4632
1581013597089,992.4632
1581013597123,992.4632
1581013597162,992.4666
1581013597200,992.4666
1581013597239,992.4666
1581013597277,992.4666
1581013597317,992.4683
1581013597354,992.4683
1581013597395,992.4683
1581013597432,992.4683
1581013597472,992.4666
1581013597508,992.4666
1581013597546,992.4666
1581013597585,992.4666
1581013597623,992.46454
1581013597662,992.46454
1581013597700,992.46454
1581013597739,992.46454
1581013597778,992.46625
1581013597816,992.46625
1581013597854,992.46625
1581013597892,992.46625
1581013597931,992.4577
1581013597970,992.4577
1581013598008,992.4577
1581013598046,992.4577
1581013598084,992.4577
1581013598124,992.4577
1581013598162,992.4577
1581013598201,992.4577
1581013598239,992.4649
1581013598277,992.4649
1581013598315,992.4649
1581013598354,992.4649
1581013598393,992.4683
1581013598431,992.4683
1581013598469,992.4683
1581013598507,992.4683
1581013598546,992.4683
1581013598585,992.4683
1581013598623,992.4683
1581013598662,992.4683
1581013598700,992.4611
1581013598739,992.4611
1581013598780,992.4611
1581013598816,992.4611
1581013598859,992.4683
1581013598894,992.4683
1581013598930,992.4683
1581013598970,992.4683
1581013599007,992.4683
1581013599047,992.4683
1581013599084,992.4683
1581013599124,992.4683
1581013599161,992.4718
1581013599200,992.4718
1581013599238,992.4718
1581013599277,992.4718
1581013599317,992.4752
1581013599357,992.4752
1581013599393,992.4752
1581013599431,992.4752
1581013599469,992.4752
1581013599508,992.4769
1581013599546,992.4769
1581013599585,992.4769
1581013599623,992.4769
1581013599661,992.4697
1581013599700,992.4697
1581013599738,992.4697
1581013599776,992.4697
1581013599816,992.4735
1581013599855,992.4735
1581013599892,992.4735
1581013599930,992.4735
1581013599969,992.4697
1581013600007,992.4697
1581013600048,992.4697
1581013600085,992.4697
1581013600122,992.47864
1581013600164,992.47864
1581013600202,992.47864
1581013600241,992.47864
1581013600277,992.4735
1581013600315,992.4735
1581013600353,992.4735
1581013600394,992.4735
1581013600430,992.47314
1581013600470,992.47314
1581013600507,992.47314
1581013600546,992.47314
1581013600583,992.4752
1581013600623,992.4752
1581013600661,992.4752
1581013600699,992.4752
1581013600738,992.4752
1581013600777,992.4752
1581013600815,992.4752
1581013600854,992.4752
1581013600892,992.4735
1581013600930,992.4735
1581013600971,992.4735
1581013601007,992.4735
1581013601046,992.4718
1581013601085,992.4718
1581013601123,992.4718
1581013601161,992.4718
1581013601200,992.4718
1581013601238,992.4718
1581013601276,992.4718
1581013601315,992.4718
1581013601353,992.4718
1581013601397,992.4718
1581013601432,992.4718
1581013601469,992.4718
1581013601507,992.4776
1581013601546,992.4776
1581013601584,992.4776
1581013601622,992.4776
1581013601663,992.4866
1581013601700,992.4866
1581013601738,992.4866
1581013601777,992.4866
1581013601816,992.48315
1581013601853,992.48315
1581013601892,992.48315
1581013601931,992.48315
1581013601968,992.47797
1581013602010,992.47797
1581013602048,992.47797
1581013602084,992.47797
1581013602123,992.47864
1581013602165,992.47864
1581013602200,992.47864
1581013602238,992.47864
1581013602276,992.4683
1581013602314,992.4683
1581013602354,992.4683
1581013602393,992.4683
1581013602431,992.4656
1581013602468,992.4656
1581013602507,992.4656
1581013602546,992.4656
1581013602584,992.4656
1581013602621,992.46045
1581013602660,992.46045
1581013602700,992.46045
1581013602739,992.46045
1581013602788,992.46045
1581013602820,992.46045
1581013602854,992.46045
1581013602891,992.46045
1581013602931,992.46765
1581013602969,992.46765
1581013603007,992.46765
1581013603046,992.46765
1581013603086,992.47455
1581013603123,992.47455
1581013603162,992.47455
1581013603202,992.47455
1581013603238,992.50684
1581013603281,992.50684
1581013603317,992.50684
1581013603354,992.50684
1581013603393,992.6548
1581013603430,992.6548
1581013603470,992.6548
1581013603507,992.6548
1581013603545,992.6486
1581013603584,992.6486
1581013603623,992.6486
1581013603660,992.6486
1581013603699,992.4021
1581013603738,992.4021
1581013603775,992.4021
1581013603816,992.4021
1581013603860,992.375
1581013603891,992.375
1581013603929,992.375
1581013603967,992.375
1581013604007,992.3664
1581013604045,992.3664
1581013604083,992.3664
1581013604123,992.3664
1581013604163,992.3664
1581013604198,992.3664
1581013604236,992.3664
1581013604276,992.3664
1581013604316,992.3664
1581013604352,992.3664
1581013604391,992.3664
1581013604430,992.3664
1581013604471,992.39624
1581013604507,992.39624
1581013604544,992.39624
1581013604583,992.39624
1581013604620,992.4059
1581013604660,992.4059
1581013604698,992.4059
1581013604737,992.4059
1581013604776,992.41
1581013604814,992.41
1581013604853,992.41
1581013604891,992.41
1581013604930,992.4265
1581013604969,992.4265
1581013605006,992.4265
1581013605047,992.4265
1581013605086,992.44604
1581013605121,992.44604
1581013605162,992.44604
1581013605198,992.44604
1581013605237,992.4608
1581013605275,992.4608
1581013605313,992.4608
1581013605352,992.4608
1581013605396,992.4608
1581013605431,992.4608
1581013605469,992.4608
1581013605505,992.4608
1581013605545,992.4684
1581013605584,992.4684
1581013605622,992.4684
1581013605660,992.4684
1581013605700,992.4684
1581013605736,992.4811
1581013605775,992.4811
