1424285222264,732.1676
1424285222309,976.7032
1424285222340,976.6832
1424285222376,976.6732
1424285222409,976.6632
1424285222443,976.6632
1424285222476,976.6532
1424285222511,976.6432
1424285222542,976.63324
1424285222578,976.6432
1424285222610,976.6532
1424285222643,976.6732
1424285222678,976.7132
1424285222712,976.6932
1424285222744,976.6932
1424285222779,976.77313
1424285222815,976.8331
1424285222846,976.8731
1424285222880,976.89307
1424285222916,976.9131
1424285222988,976.95306
1424285222990,976.973
1424285223059,976.973
1424285223061,976.973
1424285223093,976.963
1424285223117,976.93304
1424285223149,976.9131
1424285223185,976.9031
1424285223235,976.89307
1424285223255,976.88306
1424285223284,976.88306
1424285223319,976.8731
1424285223364,976.8131
1424285223402,976.8131
1424285223418,976.77313
1424285223455,976.79315
1424285223484,976.8031
1424285223519,976.89307
1424285223565,977.023
1424285223586,977.073
1424285223620,977.09296
1424285223650,977.083
1424285223689,977.053
1424285223724,977.013
1424285223759,976.95306
1424285223786,976.9231
1424285223820,976.9131
1424285223855,976.88306
1424285223891,976.8631
1424285223921,976.8531
1424285223958,976.8331
1424285223996,976.8131
1424285224022,976.8131
1424285224064,976.79315
1424285224094,976.79315
1424285224125,976.77313
1424285224155,976.7632
1424285224200,976.73315
1424285224230,976.7132
1424285224317,976.74316
1424285224319,976.7532
1424285224336,976.78314
1424285224361,976.8031
1424285224391,976.8031
1424285224427,976.77313
1424285224455,976.73315
1424285224491,976.73315
1424285224524,976.77313
1424285224556,976.8531
1424285224591,976.9131
1424285224625,976.95306
1424285224657,976.973
1424285224692,977.00305
1424285224726,977.023
1424285224757,976.99304
1424285224792,977.023
1424285224827,977.053
1424285224862,977.063
1424285224894,977.04297
1424285224927,977.033
1424285224958,977.013
1424285224994,976.963
1424285225028,976.95306
1424285225061,976.93304
1424285225096,976.94305
1424285225128,976.963
1424285225160,976.963
1424285225197,976.95306
1424285225231,976.95306
1424285225262,976.94305
1424285225297,976.95306
1424285225330,976.95306
1424285225362,976.95306
1424285225402,976.84314
1424285225432,976.6632
1424285225488,976.5233
1424285225506,976.4733
1424285225531,976.5133
1424285225563,976.58325
1424285225599,976.6432
1424285225632,976.6832
1424285225668,976.7032
1424285225705,976.7032
1424285225734,976.7132
1424285225906,976.72314
1424285225909,976.7032
1424285225910,976.6632
1424285225910,976.6132
1424285225910,976.5233
1424285225941,976.4733
1424285225966,976.42334
1424285226002,976.4033
1424285226035,976.4033
1424285226066,976.4033
1424285226102,976.4133
1424285226135,976.42334
1424285226167,976.42334
1424285226211,976.4533
1424285226235,976.4733
1424285226273,976.5033
1424285226303,976.5233
1424285226337,976.5033
1424285226368,976.4933
1424285226404,976.4933
1424285226437,976.4933
1424285226469,976.4933
1424285226504,976.4933
1424285226545,976.5133
1424285226570,976.5133
1424285226605,976.53326
1424285226639,976.5533
1424285226670,976.56323
1424285226707,976.57324
1424285226739,976.59326
1424285226771,976.59326
1424285226806,976.57324
1424285226841,976.57324
1424285226872,976.58325
1424285226908,976.58325
1424285226941,976.57324
1424285226974,976.5533
1424285227008,976.56323
1424285227042,976.58325
1424285227080,976.6033
1424285227112,976.6232
1424285227143,976.63324
1424285227176,976.6432
1424285227210,976.6532
1424285227249,976.6632
1424285227277,976.6932
1424285227313,976.7032
1424285227346,976.7132
1424285227377,976.7132
1424285227412,976.72314
1424285227446,976.7132
1424285227477,976.7032
1424285227515,976.7032
1424285227547,976.6932
1424285227580,976.6932
1424285227628,976.7032
1424285227647,976.7032
1424285227679,976.7132
1424285227713,976.72314
1424285227748,976.7132
1424285227781,976.73315
1424285227815,976.72314
1424285227847,976.7132
1424285227881,976.72314
1424285227916,976.72314
1424285227950,976.74316
1424285227982,976.74316
1424285228023,976.7532
1424285228051,976.77313
1424285228082,976.77313
1424285228117,976.77313
1424285228152,976.7532
1424285228184,976.7532
1424285228236,976.77313
1424285228260,976.8131
1424285228283,976.98303
1424285228319,977.1829
1424285228353,977.4328
1424285228384,977.60266
1424285228420,977.7626
1424285228453,977.85254
1424285228485,977.8326
1424285228520,977.6926
1424285228554,977.6327
1424285228584,977.65265
1424285228619,977.7726
1424285228653,977.9425
1424285228685,978.0924
1424285228720,978.1924
1424285228754,978.16235
1424285228786,977.9425
1424285228823,977.4828
1424285228855,977.2229
1424285228887,976.973
1424285228923,976.7032
1424285228955,976.5133
1424285228987,976.38336
1424285229022,976.3134
1424285229056,976.2934
1424285229087,976.27344
1424285229124,976.2634
1424285229156,976.28345
1424285229190,976.3034
1424285229225,976.3134
1424285229259,976.32336
1424285229291,976.3434
1424285229325,976.3634
1424285229358,976.3934
1424285229390,976.4033
1424285229425,976.4033
1424285229458,976.3934
1424285229490,976.4133
1424285229526,976.43335
1424285229559,976.4533
1424285229591,976.5133
1424285229628,976.6532
1424285229660,976.8631
1424285229692,977.033
1424285229729,977.19293
1424285229763,977.28284
1424285229795,977.3229
1424285229830,977.30286
1424285229863,977.3229
1424285229894,977.3828
1424285229929,977.56274
1424285229963,977.7426
1424285229994,977.87256
1424285230030,977.9425
1424285230063,977.8226
1424285230095,977.67267
1424285230130,977.34283
1424285230164,976.963
1424285230195,976.7132
1424285230230,976.5033
1424285230264,976.4033
1424285230298,976.3134
1424285230332,976.27344
1424285230365,976.2434
1424285230398,976.2434
1424285230433,976.2434
1424285230475,976.2634
1424285230497,976.27344
1424285230532,976.3034
1424285230566,976.3034
1424285230598,976.32336
1424285230633,976.3534
1424285230667,976.37335
1424285230700,976.37335
1424285230734,976.3934
1424285230768,976.3934
1424285230801,976.3934
1424285230836,976.4033
1424285230868,976.4133
1424285230901,976.43335
1424285230939,976.4733
1424285230977,976.6132
1424285231015,976.84314
1424285231042,977.013
1424285231074,977.16296
1424285231133,977.2329
1424285231138,977.2629
1424285231173,977.2729
1424285231207,977.3229
1424285231239,977.46277
1424285231276,977.7326
1424285231359,977.9025
1424285231360,978.0924
1424285231376,978.2423
1424285231406,978.1924
1424285231441,977.8925
1424285231475,977.60266
1424285231513,977.2629
1424285231544,976.8631
1424285231577,976.58325
1424285231609,976.4633
1424285231643,976.3134
1424285231681,976.22345
1424285231709,976.1835
1424285231755,976.16345
1424285231776,976.1835
1424285231808,976.1835
1424285231845,976.2035
1424285231879,976.23346
1424285231911,976.2634
1424285231957,976.28345
1424285231978,976.2934
1424285232009,976.3034
1424285232048,976.3034
1424285232077,976.3034
1424285232110,976.3134
1424285232146,976.3134
1424285232179,976.3434
1424285232210,976.4133
1424285232246,976.5433
1424285232280,976.77313
1424285232312,976.9231
1424285232347,977.1229
1424285232381,977.25287
1424285232415,977.29285
1424285232448,977.30286
1424285232491,977.35284
1424285232518,977.51276
1424285232550,977.8326
1424285232584,978.0924
1424285232614,978.22235
1424285232649,978.3523
1424285232685,978.2523
1424285232715,977.9225
1424285232751,977.4828
1424285232784,977.09296
1424285232820,976.8231
1424285232853,976.53326
1424285232886,976.3334
1424285232937,976.21344
1424285232970,976.1535
1424285232997,976.1335
1424285233016,976.1135
1424285233052,976.12354
1424285233088,976.1435
1424285233120,976.16345
1424285233183,976.1935
1424285233192,976.22345
1424285233218,976.2434
1424285233253,976.2534
1424285233287,976.2634
1424285233322,976.27344
1424285233355,976.27344
1424285233388,976.27344
1424285233419,976.27344
1424285233456,976.2934
1424285233491,976.3334
1424285233527,976.4733
1424285233557,976.6732
1424285233591,976.8631
1424285233622,976.98303
1424285233662,977.10297
1424285233695,977.13293
1424285233725,977.14294
1424285233759,977.2129
1424285233803,977.4128
1424285233827,977.6127
1424285233857,977.9025
1424285233892,978.1424
1424285233922,978.21234
1424285233960,978.06244
1424285233995,977.8026
1424285234033,977.4328
1424285234060,977.023
1424285234096,976.7032
1424285234126,976.5433
1424285234162,976.3634
1424285234202,976.23346
1424285234243,976.17346
1424285234282,976.1435
1424285234305,976.1435
1424285234331,976.1435
1424285234363,976.16345
1424285234396,976.1935
1424285234428,976.21344
1424285234463,976.23346
1424285234498,976.2534
1424285234541,976.2634
1424285234569,976.28345
1424285234597,976.28345
1424285234629,976.28345
1424285234667,976.28345
1424285234712,976.2934
1424285234755,976.32336
1424285234796,976.4033
1424285234815,976.6033
1424285234832,976.7632
1424285234867,976.98303
1424285234899,977.2229
1424285234939,977.4128
1424285234971,977.49274
1424285234999,977.5327
1424285235044,977.5827
1424285235078,977.66266
1424285235103,977.8226
1424285235134,977.9025
1424285235169,977.9925
1424285235203,978.00244
1424285235281,977.8026
1424285235282,977.50275
1424285235301,977.073
1424285235332,976.8731
1424285235367,976.5533
1424285235401,976.3434
1424285235433,976.22345
1424285235468,976.1435
1424285235507,976.1135
1424285235543,976.0935
1424285235579,976.0935
1424285235613,976.1035
1424285235636,976.1135
1424285235670,976.1335
1424285235713,976.16345
1424285235744,976.2035
1424285235775,976.22345
1424285235808,976.2534
1424285235839,976.2634
1424285235875,976.2634
1424285235907,976.2634
1424285235938,976.28345
1424285235973,976.3034
1424285236007,976.3334
1424285236044,976.42334
1424285236073,976.6033
1424285236108,976.8031
1424285236140,976.99304
1424285236175,977.10297
1424285236209,977.1829
1424285236240,977.2029
1424285236287,977.25287
1424285236318,977.34283
1424285236357,977.46277
1424285236378,977.70264
1424285236411,977.9425
1424285236441,978.2024
1424285236478,978.2923
1424285236510,978.23236
1424285236548,977.8425
1424285236581,977.4728
1424285236611,977.053
1424285236651,976.6732
1424285236681,976.4933
1424285236715,976.32336
1424285236785,976.1935
1424285236786,976.1035
1424285236812,976.0835
1424285236845,976.0835
1424285236892,976.0835
1424285236914,976.1035
1424285236947,976.12354
1424285236983,976.1435
1424285237016,976.16345
1424285237048,976.1835
1424285237086,976.22345
1424285237118,976.2434
1424285237148,976.2434
1424285237183,976.2434
1424285237224,976.2634
1424285237260,976.28345
1424285237288,976.38336
1424285237324,976.56323
1424285237369,976.7032
1424285237386,976.89307
1424285237416,977.063
1424285237453,977.1729
1424285237486,977.2129
1424285237518,977.2329
1424285237550,977.28284
1424285237587,977.5427
1424285237620,977.8925
1424285237651,978.1524
1424285237684,978.2423
1424285237719,978.1024
1424285237755,977.86255
1424285237791,977.4228
1424285237822,977.053
1424285237852,976.79315
1424285237887,976.5033
1424285237922,976.32336
1424285237968,976.1935
1424285237988,976.1135
1424285238022,976.07355
1424285238058,976.07355
1424285238094,976.07355
1424285238123,976.1135
1424285238153,976.1435
1424285238199,976.17346
1424285238223,976.1935
1424285238265,976.23346
1424285238295,976.2434
1424285238326,976.2434
1424285238355,976.2534
1424285238391,976.2634
1424285238433,976.27344
1424285238468,976.3134
1424285238503,976.3634
1424285238526,976.59326
1424285238564,976.77313
1424285238596,977.00305
1424285238624,977.25287
1424285238664,977.4128
1424285238694,977.4728
1424285238730,977.50275
1424285238768,977.6127
1424285238798,977.9325
1424285238830,978.27234
1424285238858,978.3923
1424285238895,978.4522
1424285238928,978.2423
1424285238959,977.9425
1424285238995,977.49274
1424285239034,977.033
1424285239062,976.74316
1424285239096,976.43335
1424285239132,976.22345
1424285239166,976.1135
1424285239200,976.03357
1424285239231,976.01355
1424285239263,975.9936
1424285239305,976.01355
1424285239332,976.03357
1424285239408,976.0535
1424285239410,976.0835
1424285239432,976.1135
1424285239461,976.1535
1424285239498,976.17346
1424285239534,976.1835
1424285239573,976.1935
1424285239601,976.2035
1424285239633,976.2035
1424285239664,976.23346
1424285239702,976.2934
1424285239733,976.3534
1424285239775,976.6232
1424285239809,976.84314
1424285239837,977.023
1424285239866,977.14294
1424285239901,977.2429
1424285239936,977.25287
1424285239975,977.28284
1424285240009,977.45276
1424285240041,977.7626
1424285240075,977.9725
1424285240103,978.17236
1424285240143,978.1924
1424285240169,977.9825
1424285240205,977.6127
1424285240245,977.14294
1424285240270,976.88306
1424285240315,976.5433
1424285240340,976.3134
1424285240371,976.1835
1424285240444,976.12354
1424285240445,976.06354
1424285240468,976.0436
1424285240507,976.0436
1424285240545,976.06354
1424285240571,976.0835
1424285240605,976.1135
1424285240647,976.1435
1424285240671,976.17346
1424285240709,976.22345
1424285240743,976.2534
1424285240773,976.2634
1424285240814,976.28345
1424285240855,976.2934
1424285240876,976.3034
1424285240958,976.3034
1424285240960,976.3434
1424285240975,976.5433
1424285241013,976.84314
1424285241050,977.04297
1424285241076,977.19293
1424285241111,977.4228
1424285241146,977.5327
1424285241180,977.5427
1424285241210,977.56274
1424285241246,977.70264
1424285241278,977.86255
1424285241320,978.0824
1424285241348,978.2024
1424285241377,978.17236
1424285241413,977.88257
1424285241451,977.6227
1424285241479,977.15295
1424285241520,976.8131
1424285241550,976.4833
1424285241579,976.3334
1424285241614,976.1935
1424285241648,976.0935
1424285241681,976.0436
1424285241739,976.03357
1424285241770,976.03357
1424285241779,976.0535
1424285241816,976.07355
1424285241855,976.0935
1424285241885,976.12354
1424285241916,976.16345
1424285241967,976.1835
1424285241978,976.22345
1424285242015,976.2434
1424285242047,976.2634
1424285242079,976.27344
1424285242114,976.2634
1424285242148,976.28345
1424285242180,976.32336
1424285242216,976.43335
1424285242252,976.7032
1424285242283,976.8531
1424285242323,977.053
1424285242353,977.2429
1424285242382,977.3728
1424285242422,977.4228
1424285242462,977.45276
1424285242483,977.56274
1424285242517,977.7626
1424285242552,978.01245
1424285242584,978.1324
1424285242620,978.22235
1424285242653,978.06244
1424285242686,977.6227
1424285242721,977.2729
1424285242754,976.8531
1424285242789,976.6232
1424285242823,976.38336
1424285242857,976.23346
1424285242887,976.1435
1424285242922,976.1035
1424285242958,976.0935
1424285242995,976.0935
1424285243030,976.12354
1424285243062,976.1435
1424285243091,976.16345
1424285243124,976.1935
1424285243195,976.22345
1424285243198,976.2434
1424285243229,976.2634
1424285243258,976.2634
1424285243290,976.2634
1424285243326,976.28345
1424285243361,976.3034
1424285243392,976.3434
1424285243440,976.42334
1424285243462,976.5433
1424285243489,976.7632
1424285243527,976.95306
1424285243560,977.1229
1424285243594,977.2029
1424285243628,977.2229
1424285243661,977.2629
1424285243693,977.34283
1424285243732,977.5827
1424285243777,977.88257
1424285243808,978.02246
1424285243828,978.00244
1424285243863,977.86255
1424285243893,977.5827
1424285243939,977.19293
1424285243967,976.8331
1424285244000,976.6432
1424285244037,976.4133
1424285244063,976.27344
1424285244097,976.1935
1424285244132,976.1435
1424285244167,976.1335
1424285244197,976.1135
1424285244240,976.1335
1424285244268,976.1535
1424285244297,976.1535
1424285244334,976.1835
1424285244366,976.21344
1424285244400,976.2434
1424285244432,976.28345
1424285244471,976.3134
1424285244511,976.32336
1424285244539,976.3334
1424285244570,976.3434
1424285244600,976.3434
1424285244635,976.3534
1424285244670,976.3534
1424285244700,976.43335
1424285244735,976.59326
1424285244768,976.8331
1424285244822,976.963
1424285244838,977.1829
1424285244873,977.34283
1424285244901,977.40283
1424285244942,977.3828
1424285244970,977.3728
1424285245009,977.40283
1424285245050,977.5427
1424285245071,977.7526
1424285245103,977.8425
1424285245139,977.86255
1424285245172,977.86255
1424285245204,977.6826
1424285245243,977.2129
1424285245281,976.9131
1424285245320,976.6232
1424285245342,976.4733
1424285245377,976.3334
1424285245407,976.27344
1424285245442,976.22345
1424285245482,976.2035
1424285245506,976.1935
1424285245542,976.21344
1424285245578,976.2035
1424285245609,976.2035
1424285245643,976.21344
1424285245677,976.23346
1424285245708,976.2534
1424285245748,976.28345
1424285245779,976.3034
1424285245809,976.3134
1424285245847,976.3134
1424285245878,976.32336
1424285245919,976.3534
1424285245944,976.4033
1424285245981,976.5033
1424285246009,976.6232
1424285246065,976.84314
1424285246080,977.053
1424285246111,977.2329
1424285246147,977.3328
1424285246186,977.34283
1424285246215,977.3928
1424285246246,977.5227
1424285246291,977.81256
1424285246318,978.1324
1424285246350,978.28235
1424285246383,978.4822
1424285246412,978.3623
1424285246467,977.9625
1424285246491,977.50275
1424285246515,977.2029
1424285246546,976.7532
1424285246584,976.4633
1424285246613,976.27344
1424285246651,976.16345
1424285246681,976.1135
1424285246714,976.07355
1424285246749,976.0535
1424285246783,976.0535
1424285246815,976.0935
1424285246850,976.1035
1424285246885,976.12354
1424285246914,976.16345
1424285246953,976.1835
1424285246998,976.2035
1424285247092,976.22345
1424285247092,976.23346
1424285247093,976.2534
1424285247115,976.27344
1424285247150,976.3034
1424285247186,976.3634
1424285247219,976.5233
1424285247253,976.7032
1424285247297,976.9031
1424285247320,977.073
1424285247357,977.1229
1424285247390,977.1229
1424285247421,977.15295
1424285247456,977.2629
1424285247492,977.51276
1424285247530,977.7326
1424285247555,977.91254
1424285247591,977.9825
1424285247621,977.87256
1424285247657,977.5927
1424285247692,977.1729
1424285247723,976.9131
1424285247759,976.6033
1424285247789,976.38336
1424285247827,976.2434
1424285247857,976.17346
1424285247891,976.1435
1424285247929,976.12354
1424285247959,976.1335
1424285247999,976.1435
1424285248025,976.16345
1424285248082,976.1835
1424285248096,976.21344
1424285248127,976.2434
1424285248161,976.2534
1424285248193,976.28345
1424285248231,976.3034
1424285248266,976.3134
1424285248293,976.3134
1424285248333,976.32336
1424285248372,976.3334
1424285248392,976.3534
1424285248424,976.42334
1424285248460,976.6132
1424285248494,976.8331
1424285248526,976.963
1424285248562,977.16296
1424285248596,977.29285
1424285248627,977.34283
1424285248663,977.3828
1424285248696,977.49274
1424285248745,977.6327
1424285248764,977.8925
1424285248820,978.07245
1424285248828,978.0824
1424285248865,978.02246
1424285248899,977.87256
1424285248934,977.51276
1424285248965,977.073
1424285249000,976.7532
1424285249038,976.56323
1424285249069,976.3534
1424285249099,976.22345
1424285249133,976.16345
1424285249168,976.1335
1424285249200,976.12354
1424285249237,976.1335
1424285249271,976.1535
1424285249308,976.17346
1424285249333,976.1935
1424285249368,976.22345
1424285249405,976.23346
1424285249435,976.2634
1424285249470,976.27344
1424285249512,976.28345
1424285249550,976.27344
1424285249571,976.27344
1424285249601,976.3034
1424285249635,976.3134
1424285249670,976.3534
1424285249704,976.53326
1424285249737,976.6732
1424285249775,976.8731
1424285249804,977.063
1424285249837,977.1829
1424285249871,977.2229
1424285249905,977.2229
1424285249938,977.28284
1424285249974,977.5727
1424285250016,977.9625
1424285250045,978.2623
1424285250076,978.3523
1424285250106,978.3123
1424285250137,978.12244
1424285250174,977.6127
1424285250207,977.2429
1424285250246,976.95306
1424285250274,976.59326
1424285250309,976.3534
1424285250345,976.2035
1424285250377,976.1135
1424285250409,976.07355
1424285250441,976.0535
1424285250478,976.0535
1424285250512,976.0835
1424285250540,976.1035
1424285250593,976.1335
1424285250610,976.1535
1424285250641,976.1935
1424285250676,976.22345
1424285250710,976.23346
1424285250754,976.2434
1424285250788,976.2534
1424285250831,976.2434
1424285250845,976.2634
1424285250884,976.27344
1424285250912,976.3334
1424285250946,976.43335
1424285251014,976.6832
1424285251017,976.9131
1424285251049,977.16296
1424285251081,977.3628
1424285251113,977.44275
1424285251145,977.49274
1424285251181,977.50275
1424285251218,977.6327
1424285251272,977.8026
1424285251297,978.06244
1424285251317,978.2623
1424285251349,978.16235
1424285251385,977.8425
1424285251417,977.3628
1424285251446,977.073
1424285251508,976.6732
1424285251578,976.4133
1424285251580,976.2534
1424285251600,976.1435
1424285251623,976.0935
1424285251647,976.07355
1424285251691,976.07355
1424285251725,976.0835
1424285251755,976.1035
1424285251796,976.1535
1424285251825,976.17346
1424285251849,976.1935
1424285251885,976.23346
1424285251920,976.2534
1424285251955,976.2634
1424285251992,976.27344
1424285252020,976.2634
1424285252056,976.2534
1424285252140,976.27344
1424285252142,976.2934
1424285252203,976.37335
1424285252205,976.5533
1424285252226,976.77313
1424285252255,976.9031
1424285252298,977.10297
1424285252323,977.25287
1424285252374,977.35284
1424285252390,977.4228
1424285252423,977.49274
1424285252455,977.56274
1424285252492,977.7426
1424285252548,977.9625
1424285252569,978.0425
1424285252592,978.02246
1424285252627,977.91254
1424285252655,977.4228
1424285252692,977.033
1424285252724,976.6632
1424285252757,976.4933
1424285252791,976.3134
1424285252826,976.21344
1424285252857,976.1535
1424285252893,976.12354
1424285252926,976.1335
1424285252958,976.1335
1424285253000,976.1435
1424285253030,976.17346
1424285253059,976.1835
1424285253096,976.21344
1424285253129,976.22345
1424285253161,976.27344
1424285253195,976.28345
1424285253238,976.28345
1424285253271,976.28345
1424285253308,976.28345
1424285253330,976.2934
1424285253363,976.2934
1424285253396,976.3334
1424285253429,976.4133
1424285253462,976.57324
1424285253499,976.79315
1424285253532,977.013
1424285253567,977.2129
1424285253600,977.3328
1424285253630,977.3828
1424285253662,977.4328
1424285253698,977.5327
1424285253762,977.7426
1424285253766,977.9525
1424285253820,978.07245
1424285253837,978.00244
1424285253866,977.71265
1424285253899,977.3328
1424285253940,976.9231
1424285253992,976.7132
1424285254011,976.4633
1424285254037,976.3334
1424285254068,976.2534
1424285254102,976.2035
1424285254136,976.1835
1424285254172,976.1835
1424285254202,976.1835
1424285254236,976.1935
1424285254285,976.21344
1424285254306,976.22345
1424285254340,976.2534
1424285254369,976.28345
1424285254403,976.3034
1424285254439,976.32336
1424285254481,976.3334
1424285254508,976.3334
1424285254538,976.3334
1424285254577,976.3434
1424285254608,976.3534
1424285254637,976.38336
1424285254671,976.44336
1424285254705,976.6432
1424285254740,976.8631
1424285254775,977.073
1424285254807,977.2329
1424285254841,977.2729
1424285254873,977.29285
1424285254909,977.31287
1424285254942,977.45276
1424285254984,977.6327
1424285255029,977.85254
1424285255044,977.87256
1424285255075,977.8226
1424285255107,977.6127
1424285255140,977.4128
1424285255188,977.25287
1424285255240,976.9131
1424285255242,976.63324
1424285255276,976.42334
1424285255309,976.3034
1424285255342,976.2434
1424285255377,976.2035
1424285255410,976.2035
1424285255444,976.1935
1424285255480,976.2035
1424285255511,976.23346
1424285255547,976.2534
1424285255579,976.27344
1424285255618,976.2934
1424285255644,976.3134
1424285255678,976.32336
1424285255712,976.3334
1424285255753,976.3434
1424285255783,976.3534
1424285255816,976.3434
1424285255853,976.3534
1424285255878,976.3634
1424285255914,976.37335
1424285255948,976.4133
1424285255982,976.4633
1424285256030,976.6432
1424285256058,976.8331
1424285256083,976.99304
1424285256118,977.10297
1424285256149,977.1729
1424285256186,977.1729
1424285256222,977.2029
1424285256273,977.2329
1424285256295,977.35284
1424285256320,977.49274
1424285256351,977.5327
1424285256381,977.4728
1424285256415,977.3628
1424285256448,977.2329
1424285256480,977.13293
1424285256516,976.99304
1424285256553,976.73315
1424285256583,976.5433
1424285256617,976.43335
1424285256652,976.38336
1424285256684,976.3534
1424285256719,976.32336
1424285256753,976.3134
1424285256788,976.32336
1424285256821,976.3334
1424285256865,976.3434
1424285256888,976.3634
1424285256924,976.3634
1424285256953,976.38336
1424285256985,976.38336
1424285257053,976.4033
1424285257054,976.42334
1424285257086,976.44336
1424285257120,976.4633
1424285257154,976.44336
1424285257190,976.44336
1424285257223,976.44336
1424285257267,976.4533
1424285257293,976.5133
1424285257326,976.72314
1424285257356,976.8631
1424285257404,977.053
1424285257427,977.2329
1424285257460,977.3229
1424285257499,977.34283
1424285257536,977.3728
1424285257562,977.45276
1424285257593,977.5727
1424285257627,977.71265
1424285257662,977.7926
1424285257694,977.7426
1424285257726,977.6127
1424285257759,977.3828
1424285257791,977.2329
1424285257829,977.04297
1424285257861,976.8531
1424285257899,976.6232
1424285257927,976.4633
1424285257989,976.3634
1424285258001,976.3134
1424285258036,976.3034
1424285258063,976.28345
1424285258095,976.28345
1424285258130,976.2934
1424285258163,976.3134
1424285258196,976.32336
1424285258231,976.3434
1424285258264,976.3534
1424285258300,976.3634
1424285258333,976.4033
1424285258366,976.4133
1424285258397,976.43335
1424285258452,976.44336
1424285258475,976.44336
1424285258503,976.43335
1424285258531,976.42334
1424285258563,976.43335
1424285258602,976.4633
1424285258633,976.59326
1424285258666,976.78314
1424285258698,976.9031
1424285258750,977.073
1424285258773,977.25287
1424285258807,977.3828
1424285258844,977.4228
1424285258870,977.4228
1424285258901,977.4328
1424285258935,977.51276
1424285258970,977.67267
1424285259002,977.7626
1424285259037,977.67267
1424285259068,977.55273
1424285259103,977.31287
1424285259135,977.113
1424285259168,976.89307
1424285259203,976.72314
1424285259238,976.53326
1424285259280,976.4133
1424285259316,976.3434
1424285259342,976.3034
1424285259372,976.28345
1424285259404,976.28345
1424285259438,976.27344
1424285259473,976.28345
1424285259508,976.3134
1424285259540,976.3334
1424285259574,976.3434
1424285259604,976.3634
1424285259638,976.38336
1424285259671,976.3934
1424285259703,976.3934
1424285259740,976.4133
1424285259774,976.43335
1424285259808,976.43335
1424285259858,976.42334
1424285259876,976.4133
1424285259908,976.43335
1424285259942,976.4933
1424285259977,976.63324
1424285260007,976.8231
1424285260043,977.023
1424285260076,977.15295
1424285260110,977.35284
1424285260149,977.55273
1424285260178,977.6926
1424285260207,977.7326
1424285260242,977.72266
1424285260277,977.6427
1424285260309,977.5427
1424285260343,977.46277
1424285260376,977.4128
1424285260408,977.4228
1424285260443,977.3928
1424285260476,977.3728
1424285260508,977.4228
1424285260543,977.4228
1424285260577,977.4228
1424285260613,977.3628
1424285260646,977.19293
1424285260678,976.99304
1424285260710,976.8331
1424285260746,976.6232
1424285260780,976.4733
1424285260812,976.3534
1424285260848,976.27344
1424285260880,976.23346
1424285260912,976.22345
1424285260947,976.1935
1424285260982,976.17346
1424285261015,976.16345
1424285261049,976.17346
1424285261082,976.17346
1424285261116,976.1935
1424285261195,976.21344
1424285261201,976.22345
1424285261287,976.2434
1424285261288,976.27344
1424285261288,976.28345
1424285261315,976.3034
1424285261352,976.3134
1424285261385,976.3334
1424285261416,976.3534
1424285261452,976.37335
1424285261484,976.37335
1424285261516,976.3934
1424285261556,976.4033
1424285261585,976.4133
1424285261618,976.43335
1424285261654,976.43335
1424285261688,976.44336
1424285261720,976.44336
1424285261753,976.4833
1424285261803,976.57324
1424285261824,976.78314
1424285261856,976.98303
1424285261891,977.2229
1424285261920,977.3928
1424285261958,977.67267
1424285261990,977.9425
1424285262022,978.1324
1424285262104,978.2523
1424285262105,978.2923
1424285262126,978.2423
1424285262159,978.0824
1424285262192,977.9625
1424285262224,977.9925
1424285262259,978.1024
1424285262316,978.22235
1424285262344,978.2923
1424285262367,978.3023
1424285262394,978.1424
1424285262424,977.9525
1424285262459,977.55273
1424285262492,977.083
1424285262524,976.7032
1424285262559,976.3934
1424285262594,976.22345
1424285262627,976.06354
1424285262659,975.9636
1424285262695,975.91364
1424285262730,975.88367
1424285262762,975.87366
1424285262797,975.88367
1424285262837,975.91364
1424285262861,975.9436
1424285262898,975.9836
1424285262929,976.00354
1424285262965,976.0436
1424285262998,976.0835
1424285263028,976.1035
1424285263069,976.12354
1424285263103,976.1435
1424285263140,976.17346
1424285263167,976.1835
1424285263201,976.2035
1424285263231,976.2035
1424285263271,976.2434
1424285263304,976.3034
1424285263338,976.4033
1424285263373,976.57324
1424285263400,976.74316
1424285263432,976.8731
1424285263465,977.073
1424285263500,977.2129
1424285263535,977.2729
1424285263570,977.2729
1424285263600,977.2329
1424285263636,977.2329
1424285263669,977.3328
1424285263705,977.4828
1424285263733,977.51276
1424285263778,977.4728
1424285263812,977.4328
1424285263847,977.29285
1424285263875,977.09296
1424285263904,976.8231
1424285263937,976.6632
1424285263989,976.4533
1424285264043,976.3134
1424285264045,976.2434
1424285264071,976.1835
1424285264106,976.16345
1424285264136,976.1535
1424285264174,976.16345
1424285264209,976.17346
1424285264238,976.2035
1424285264273,976.22345
1424285264312,976.2434
1424285264360,976.27344
1424285264399,976.3134
1424285264434,976.3334
1424285264446,976.3534
1424285264474,976.3634
1424285264508,976.3534
1424285264540,976.3534
1424285264581,976.3634
1424285264638,976.37335
1424285264666,976.4033
1424285264702,976.4933
1424285264708,976.6832
1424285264740,976.9131
1424285264778,977.15295
1424285264809,977.28284
1424285264841,977.3928
1424285264877,977.3928
1424285264912,977.31287
1424285264941,977.2429
1424285264976,977.2029
1424285265010,977.25287
1424285265042,977.3728
1424285265078,977.34283
1424285265112,977.2229
1424285265144,977.13293
1424285265180,976.99304
1424285265215,976.8631
1424285265256,976.6932
1424285265280,976.53326
1424285265317,976.4633
1424285265352,976.3934
1424285265393,976.3334
1424285265416,976.3134
1424285265456,976.3034
1424285265516,976.3034
1424285265519,976.3134
1424285265552,976.32336
1424285265582,976.3334
1424285265619,976.3534
1424285265661,976.3534
1424285265687,976.37335
1424285265718,976.3934
1424285265749,976.4133
1424285265784,976.43335
1424285265817,976.44336
1424285265861,976.4633
1424285265883,976.4633
1424285265929,976.4633
1424285265955,976.4633
1424285265989,976.4533
1424285266018,976.4733
1424285266051,976.5433
1424285266093,976.6732
1424285266133,976.8531
1424285266153,976.95306
1424285266187,977.113
1424285266219,977.2329
1424285266250,977.25287
1424285266288,977.1729
1424285266321,977.13293
1424285266357,977.073
1424285266389,977.113
1424285266421,977.2129
1424285266455,977.31287
1424285266488,977.31287
1424285266523,977.1729
1424285266559,977.053
1424285266590,976.93304
1424285266636,976.73315
1424285266666,976.63324
1424285266690,976.53326
1424285266739,976.4633
1424285266753,976.4133
1424285266798,976.4033
1424285266822,976.3934
1424285266853,976.4033
1424285266891,976.4033
1424285266925,976.4033
1424285266958,976.4133
1424285266993,976.42334
1424285267027,976.43335
1424285267069,976.42334
1424285267093,976.44336
1424285267127,976.44336
1424285267162,976.44336
1424285267199,976.4633
1424285267227,976.4733
1424285267259,976.4833
1424285267295,976.5033
1424285267327,976.5233
1424285267360,976.5433
1424285267393,976.56323
1424285267435,976.58325
1424285267472,976.58325
1424285267501,976.6033
1424285267530,976.59326
1424285267564,976.56323
1424285267597,976.56323
1424285267633,976.5433
1424285267660,976.5433
1424285267701,976.5433
1424285267730,976.56323
1424285267764,976.57324
1424285267798,976.58325
1424285267833,976.6033
1424285267863,976.6033
1424285267898,976.6132
1424285267932,976.6232
1424285267963,976.6232
1424285268001,976.6232
1424285268032,976.63324
1424285268066,976.6432
1424285268098,976.6532
1424285268133,976.6632
1424285268165,976.6632
1424285268213,976.6532
1424285268242,976.6532
1424285268278,976.6632
1424285268299,976.6632
1424285268333,976.6732
1424285268365,976.6832
1424285268402,976.6832
1424285268440,976.6832
1424285268468,976.6832
1424285268503,976.6932
1424285268541,976.7032
1424285268586,976.6832
1424285268627,976.6832
1424285268645,976.6932
1424285268674,976.7032
1424285268702,976.7032
1424285268737,976.7032
1424285268784,976.72314
1424285268804,976.72314
1424285268839,976.72314
1424285268881,976.7032
1424285268907,976.6832
1424285268940,976.6732
1424285268972,976.6832
1424285269012,976.73315
1424285269042,976.8131
1424285269072,976.98303
1424285269108,977.1829
1424285269149,977.4228
1424285269174,977.5427
1424285269206,977.66266
1424285269240,977.67267
1424285269273,977.6227
1424285269308,977.60266
1424285269341,977.6427
1424285269374,977.6926
1424285269409,977.7326
1424285269444,977.70264
1424285269474,977.56274
1424285269519,977.31287
1424285269547,977.14294
1424285269577,976.88306
1424285269610,976.7032
1424285269643,976.57324
1424285269673,976.5233
1424285269709,976.4633
1424285269746,976.43335
1424285269781,976.4033
1424285269817,976.4033
1424285269845,976.4033
1424285269879,976.4033
1424285269915,976.42334
1424285269953,976.43335
1424285269984,976.44336
1424285270023,976.4633
1424285270045,976.4733
1424285270078,976.4933
1424285270113,976.5033
1424285270147,976.5233
1424285270177,976.5133
1424285270224,976.5133
1424285270250,976.5033
1424285270282,976.4933
1424285270317,976.5033
1424285270349,976.5533
1424285270383,976.6232
1424285270415,976.7532
1424285270451,976.88306
1424285270483,977.023
1424285270523,977.1829
1424285270552,977.2629
1424285270586,977.3229
1424285270619,977.3229
1424285270652,977.30286
1424285270681,977.34283
1424285270721,977.3628
1424285270752,977.44275
1424285270790,977.50275
1424285270820,977.5327
1424285270854,977.4328
1424285270886,977.2629
1424285270927,977.00305
1424285270959,976.7632
1424285270984,976.58325
1424285271022,976.4633
1424285271053,976.42334
1424285271100,976.38336
1424285271121,976.3634
1424285271157,976.3434
1424285271190,976.3434
1424285271232,976.3534
1424285271257,976.37335
1424285271298,976.4033
1424285271323,976.42334
1424285271357,976.43335
1424285271389,976.44336
1424285271426,976.4633
1424285271459,976.4833
1424285271494,976.4833
1424285271536,976.4833
1424285271574,976.4833
1424285271596,976.4833
1424285271629,976.4733
1424285271659,976.4833
1424285271695,976.5533
1424285271727,976.6632
1424285271768,976.72314
1424285271792,976.84314
1424285271826,976.963
1424285271859,976.98303
1424285271891,976.963
1424285271925,976.89307
1424285271960,976.84314
1424285271990,976.77313
1424285272026,976.78314
1424285272060,976.8031
1424285272092,976.8231
1424285272126,976.73315
1424285272164,976.6432
1424285272195,976.56323
1424285272236,976.5433
1424285272264,976.5133
1424285272301,976.5033
1424285272335,976.4833
1424285272363,976.4833
1424285272397,976.4833
1424285272431,976.5033
1424285272470,976.5033
1424285272509,976.5233
1424285272530,976.5233
1424285272568,976.5433
1424285272597,976.5533
1424285272638,976.56323
1424285272667,976.58325
1424285272695,976.58325
1424285272730,976.6033
1424285272766,976.6033
1424285272798,976.6033
1424285272832,976.6033
1424285272869,976.59326
1424285272897,976.6033
1424285272933,976.6132
1424285272969,976.6232
1424285273008,976.63324
1424285273034,976.6232
1424285273082,976.6232
1424285273103,976.63324
1424285273134,976.6432
1424285273168,976.6432
1424285273203,976.6632
1424285273243,976.6632
1424285273271,976.6632
1424285273303,976.6632
1424285273338,976.6732
1424285273369,976.6732
1424285273403,976.6732
1424285273439,976.6732
1424285273480,976.6732
1424285273525,976.6832
1424285273594,976.6832
1424285273596,976.6832
1424285273629,976.6832
1424285273690,976.6932
1424285273691,976.7032
1424285273710,976.7132
1424285273755,976.74316
1424285273780,976.77313
1424285273806,976.8131
1424285273840,976.9031
1424285273873,977.023
1424285273906,977.1729
1424285273940,977.28284
1424285273976,977.4828
1424285274008,977.6826
1424285274046,977.85254
1424285274078,977.9625
1424285274107,978.0325
1424285274145,978.07245
1424285274182,978.0524
1424285274208,978.01245
1424285274249,977.9725
1424285274281,977.9525
1424285274315,977.9225
1424285274365,977.9025
1424285274381,977.9025
1424285274412,977.88257
1424285274444,977.8425
1424285274479,977.7926
1424285274514,977.7526
1424285274577,977.7726
1424285274578,977.86255
1424285274611,977.91254
1424285274646,977.9925
1424285274677,978.0325
1424285274711,977.9725
1424285274752,977.6826
1424285274796,977.28284
1424285274810,977.00305
1424285274847,976.6532
1424285274880,976.3934
1424285274916,976.1835
1424285274950,976.03357
1424285274983,975.9636
1424285275016,975.88367
1424285275054,975.8337
1424285275083,975.8337
1424285275115,975.8337
1424285275149,975.86365
1424285275189,975.9036
1424285275220,975.9436
1424285275255,975.9836
1424285275295,976.0436
1424285275317,976.06354
1424285275352,976.1035
1424285275383,976.12354
1424285275417,976.1335
1424285275452,976.1535
1424285275487,976.16345
1424285275532,976.16345
1424285275558,976.17346
1424285275586,976.2035
1424285275617,976.2634
1424285275652,976.4633
1424285275693,976.7532
1424285275721,977.063
1424285275755,977.4328
1424285275789,977.7826
1424285275820,977.9325
1424285275854,977.9325
1424285275887,977.7926
1424285275925,977.6826
1424285275955,977.7626
1424285275990,977.9225
1424285276036,978.2523
1424285276061,978.56213
1424285276091,978.41223
1424285276122,978.1324
1424285276157,977.56274
1424285276188,977.083
1424285276219,976.6033
1424285276262,976.28345
1424285276297,976.0935
1424285276324,975.9836
1424285276357,975.9036
1424285276391,975.86365
1424285276428,975.85364
1424285276470,975.85364
1424285276494,975.87366
1424285276528,975.8936
1424285276557,975.9336
1424285276590,975.9836
1424285276622,975.9936
1424285276660,976.0436
1424285276694,976.07355
1424285276731,976.1135
1424285276764,976.1435
1424285276796,976.1435
1424285276846,976.1335
1424285276860,976.16345
1424285276893,976.22345
1424285276926,976.3434
1424285276962,976.5133
1424285276997,976.6232
1424285277114,976.8031
1424285277115,976.963
1424285277115,977.083
1424285277126,977.1229
1424285277161,977.15295
1424285277198,977.14294
1424285277227,977.2029
1424285277262,977.50275
1424285277297,977.86255
1424285277329,978.1124
1424285277372,978.4822
1424285277400,978.5522
1424285277431,978.27234
1424285277467,977.8026
1424285277507,977.44275
1424285277536,976.89307
1424285277568,976.5233
1424285277601,976.28345
1424285277632,976.1035
1424285277668,976.03357
1424285277703,975.9736
1424285277739,975.9636
1424285277767,975.9636
1424285277802,975.9636
1424285277840,975.9936
1424285277884,976.03357
1424285277905,976.07355
1424285277953,976.12354
1424285277981,976.1535
1424285278004,976.16345
1424285278042,976.17346
1424285278074,976.17346
1424285278112,976.1935
1424285278147,976.21344
1424285278169,976.23346
1424285278202,976.3034
1424285278235,976.42334
1424285278272,976.59326
1424285278305,976.77313
1424285278335,976.89307
1424285278372,977.023
1424285278405,977.053
1424285278437,977.063
1424285278479,977.113
1424285278506,977.2429
1424285278543,977.4128
1424285278579,977.70264
1424285278608,977.8925
1424285278639,978.01245
1424285278676,977.9425
1424285278708,977.7926
1424285278738,977.3229
1424285278776,977.023
1424285278809,976.6632
1424285278843,976.4833
1424285278877,976.3034
1424285278912,976.1935
1424285278941,976.12354
1424285278978,976.1035
1424285279009,976.1035
1424285279066,976.1135
1424285279082,976.1335
1424285279112,976.16345
1424285279158,976.1835
1424285279193,976.22345
1424285279232,976.2434
1424285279246,976.27344
1424285279277,976.28345
1424285279312,976.28345
1424285279347,976.28345
1424285279380,976.28345
1424285279419,976.3034
1424285279450,976.32336
1424285279486,976.3934
1424285279513,976.5233
1424285279551,976.6432
1424285279581,976.84314
1424285279617,977.023
1424285279644,977.1729
1424285279679,977.25287
1424285279713,977.29285
1424285279747,977.3728
1424285279783,977.49274
1424285279817,977.71265
1424285279849,977.86255
1424285279889,977.9325
1424285279923,977.9425
1424285279959,977.7726
1424285279988,977.49274
1424285280042,977.073
1424285280088,976.9231
1424285280088,976.6132
1424285280115,976.3934
1424285280147,976.2634
1424285280183,976.1835
1424285280216,976.1535
1424285280248,976.1335
1424285280284,976.1435
1424285280317,976.16345
1424285280349,976.1835
1424285280385,976.2035
1424285280430,976.22345
1424285280452,976.2434
1424285280507,976.28345
1424285280522,976.3034
1424285280556,976.3134
1424285280592,976.3134
1424285280622,976.32336
1424285280652,976.3134
1424285280689,976.32336
1424285280726,976.3434
1424285280766,976.38336
1424285280791,976.53326
1424285280823,976.72314
1424285280856,976.9131
1424285280889,977.04297
1424285280924,977.19293
1424285280956,977.2629
1424285280996,977.29285
1424285281025,977.3728
1424285281058,977.51276
1424285281092,977.86255
1424285281126,978.1524
1424285281158,978.3423
1424285281197,978.38226
1424285281223,978.1524
1424285281261,977.8026
1424285281292,977.3928
1424285281326,976.9231
1424285281358,976.5533
1424285281394,976.3934
1424285281426,976.2434
1424285281459,976.1435
1424285281494,976.0835
1424285281529,976.06354
1424285281575,976.07355
1424285281596,976.0935
1424285281628,976.12354
1424285281659,976.16345
1424285281695,976.1935
1424285281729,976.22345
1424285281766,976.23346
1424285281837,976.2534
1424285281838,976.2534
1424285281861,976.2534
1424285281902,976.2434
1424285281930,976.2634
1424285281964,976.28345
1424285282003,976.3334
1424285282030,976.4633
1424285282061,976.6132
1424285282097,976.84314
1424285282132,977.083
1424285282165,977.2629
1424285282199,977.3328
1424285282245,977.3328
1424285282292,977.3229
1424285282311,977.3728
1424285282337,977.6427
1424285282370,977.9625
1424285282400,978.1924
1424285282434,978.28235
1424285282466,978.27234
1424285282509,977.87256
1424285282536,977.4128
1424285282566,977.09296
1424285282603,976.7032
1424285282634,976.42334
1424285282667,976.2534
1424285282703,976.1435
1424285282755,976.07355
1424285282773,976.0535
1424285282804,976.0436
1424285282841,976.06354
1424285282872,976.0935
1424285282937,976.12354
1424285282938,976.1335
1424285282977,976.16345
1424285283006,976.1935
1424285283057,976.23346
1424285283071,976.2434
1424285283107,976.2634
1424285283138,976.27344
1424285283171,976.2634
1424285283208,976.27344
1424285283239,976.2934
1424285283272,976.32336
1424285283313,976.4033
1424285283342,976.6232
1424285283373,976.8631
1424285283442,977.15295
1424285283447,977.31287
1424285283479,977.4328
1424285283523,977.4728
1424285283541,977.5427
1424285283578,977.6327
1424285283610,977.88257
1424285283641,978.0924
1424285283701,978.23236
1424285283711,978.2024
1424285283759,977.9525
1424285283784,977.6327
1424285283821,977.2129
1424285283843,976.79315
1424285283878,976.4633
1424285283909,976.28345
1424285283944,976.1935
1424285283976,976.1035
1424285284013,976.06354
1424285284048,976.0436
1424285284080,976.0436
1424285284111,976.06354
1424285284147,976.0835
1424285284178,976.1135
1424285284225,976.1435
1424285284268,976.1835
1424285284280,976.1935
1424285284314,976.21344
1424285284350,976.22345
1424285284391,976.2434
1424285284415,976.2434
1424285284447,976.2434
1424285284478,976.2634
1424285284515,976.2934
1424285284553,976.3634
1424285284582,976.5533
1424285284617,976.7132
1424285284649,976.9131
1424285284682,977.113
1424285284728,977.2429
1424285284760,977.29285
1424285284794,977.31287
1424285284819,977.3828
1424285284854,977.5727
1424285284882,977.87256
1424285284918,978.1024
1424285284971,978.1924
1424285285019,978.27234
1424285285021,978.06244
1424285285101,977.5927
1424285285103,977.2129
1424285285148,976.9031
1424285285163,976.5433
1424285285187,976.3034
1424285285229,976.1835
1424285285254,976.1035
1424285285284,976.07355
1424285285330,976.0436
1424285285357,976.0535
1424285285388,976.0835
1424285285421,976.1135
1424285285455,976.1335
1424285285489,976.16345
1424285285522,976.1835
1424285285566,976.22345
1424285285592,976.2434
1424285285622,976.2434
1424285285656,976.2534
1424285285694,976.2534
1424285285725,976.2634
1424285285757,976.2934
1424285285811,976.32336
1424285285827,976.4133
1424285285857,976.6232
1424285285888,976.8231
1424285285924,977.033
1424285285964,977.1829
1424285285990,977.2329
1424285286026,977.25287
1424285286063,977.29285
1424285286093,977.4728
1424285286144,977.81256
1424285286162,978.02246
1424285286192,978.23236
1424285286231,978.3123
1424285286263,978.1124
1424285286295,977.8326
1424285286334,977.34283
1424285286360,976.9031
1424285286393,976.56323
1424285286429,976.32336
1424285286465,976.1935
1424285286498,976.12354
1424285286530,976.0835
1424285286564,976.0835
1424285286597,976.0835
1424285286631,976.1035
1424285286665,976.12354
1424285286695,976.1535
1424285286730,976.1835
1424285286769,976.2035
1424285286812,976.22345
1424285286868,976.2434
1424285286869,976.2634
1424285286901,976.2634
1424285286965,976.27344
1424285286966,976.27344
1424285287000,976.28345
1424285287030,976.3134
1424285287067,976.3634
1424285287097,976.4833
1424285287132,976.72314
1424285287168,976.8531
1424285287204,977.053
1424285287239,977.2129
1424285287276,977.2729
1424285287304,977.29285
1424285287336,977.3328
1424285287371,977.4828
1424285287402,977.8326
1424285287437,978.16235
1424285287472,978.32227
1424285287500,978.3323
1424285287536,978.1324
1424285287571,977.7326
1424285287617,977.31287
1424285287639,976.88306
1424285287672,976.6432
1424285287721,976.4033
1424285287742,976.2434
1424285287775,976.1435
1424285287804,976.1035
1424285287841,976.07355
1424285287871,976.0535
1424285287904,976.06354
1424285287939,976.0935
1424285287973,976.12354
1424285288003,976.1435
1424285288038,976.17346
1424285288075,976.2035
1424285288110,976.23346
1424285288140,976.2534
1424285288174,976.2634
1424285288207,976.2634
1424285288239,976.2634
1424285288276,976.2634
1424285288307,976.27344
1424285288342,976.3134
1424285288374,976.43335
1424285288409,976.7032
1424285288446,976.93304
1424285288477,977.15295
1424285288511,977.28284
1424285288545,977.3928
1424285288579,977.4328
1424285288619,977.51276
1424285288646,977.71265
1424285288679,977.8925
1424285288711,978.17236
1424285288749,978.2623
1424285288788,978.1124
1424285288816,977.7926
1424285288846,977.5327
1424285288878,977.063
1424285288911,976.74316
1424285288948,976.44336
1424285288980,976.2634
1424285289011,976.17346
1424285289054,976.1035
1424285289093,976.06354
1424285289119,976.0436
1424285289150,976.0436
1424285289184,976.0535
1424285289218,976.07355
1424285289250,976.1135
1424285289304,976.1335
1424285289327,976.1435
1424285289347,976.16345
1424285289380,976.1935
1424285289414,976.22345
1424285289449,976.2534
1424285289486,976.2634
1424285289513,976.2634
1424285289549,976.28345
1424285289585,976.2934
1424285289623,976.3134
1424285289658,976.4033
1424285289693,976.5233
1424285289725,976.7632
1424285289751,977.013
1424285289784,977.2629
1424285289820,977.46277
1424285289854,977.55273
1424285289889,977.56274
1424285289919,977.5827
1424285289963,977.66266
1424285289988,977.8326
1424285290016,977.9725
1424285290055,978.1424
1424285290090,978.28235
1424285290126,978.1324
1424285290154,977.67267
1424285290187,977.3728
1424285290231,976.963
1424285290255,976.58325
1424285290292,976.32336
1424285290326,976.16345
1424285290363,976.06354
1424285290395,976.02356
1424285290422,976.00354
1424285290457,976.01355
1424285290493,976.02356
1424285290526,976.02356
1424285290564,976.06354
1424285290610,976.0935
1424285290630,976.1435
1424285290659,976.17346
1424285290698,976.2035
1424285290723,976.2035
1424285290759,976.22345
1424285290793,976.23346
1424285290831,976.23346
1424285290869,976.2534
1424285290894,976.2634
1424285290928,976.3334
1424285290961,976.5233
1424285290996,976.79315
1424285291025,976.963
1424285291069,977.2729
1424285291094,977.51276
1424285291128,977.6127
1424285291167,977.6127
1424285291198,977.6127
1424285291228,977.65265
1424285291267,977.9325
1424285291301,978.22235
1424285291332,978.42224
1424285291404,978.44226
1424285291406,978.3123
1424285291429,977.91254
1424285291463,977.3628
1424285291497,976.88306
1424285291531,976.6033
1424285291563,976.2934
1424285291599,976.12354
1424285291630,976.01355
1424285291666,975.9536
1424285291700,975.9336
1424285291739,975.9236
1424285291765,975.9436
1424285291818,975.9536
1424285291840,975.9836
1424285291903,976.02356
1424285291905,976.0436
1424285291938,976.0935
1424285291967,976.1435
1424285292000,976.1535
1424285292078,976.17346
1424285292080,976.1835
1424285292102,976.17346
1424285292133,976.1935
1424285292172,976.22345
1424285292204,976.3034
1424285292235,976.42334
1424285292280,976.63324
1424285292306,976.84314
1424285292336,977.063
1424285292369,977.25287
1424285292406,977.3328
1424285292447,977.3828
1424285292469,977.4228
1424285292523,977.5327
1424285292536,977.6926
1424285292592,977.9925
1424285292609,978.1524
1424285292642,978.21234
1424285292675,978.01245
1424285292708,977.5827
1424285292738,977.2329
1424285292773,976.8731
1424285292813,976.5033
1424285292856,976.28345
1424285292876,976.1435
1424285292906,976.0835
1424285292940,976.02356
1424285292974,976.01355
1424285293007,976.00354
1424285293043,976.00354
1424285293075,976.02356
1424285293113,976.07355
1424285293156,976.1035
1424285293179,976.1435
1424285293248,976.1835
1424285293250,976.1835
1424285293282,976.2035
1424285293311,976.21344
1424285293340,976.2035
1424285293376,976.22345
1424285293410,976.22345
1424285293440,976.2534
1424285293476,976.32336
1424285293509,976.4733
1424285293542,976.6432
1424285293578,976.77313
1424285293618,976.973
1424285293646,977.13293
1424285293680,977.16296
1424285293717,977.19293
1424285293746,977.2429
1424285293786,977.4128
1424285293816,977.72266
1424285293846,978.01245
1424285293881,978.1324
1424285293915,978.1024
1424285293949,977.88257
1424285293988,977.46277
1424285294018,977.09296
1424285294049,976.72314
1424285294083,976.4633
1424285294127,976.32336
1424285294153,976.2035
1424285294197,976.1435
1424285294225,976.1035
1424285294259,976.0935
1424285294285,976.0935
1424285294317,976.1035
1424285294359,976.1335
1424285294405,976.16345
1424285294423,976.1835
1424285294466,976.2035
1424285294518,976.2434
1424285294518,976.28345
1424285294550,976.2934
1424285294585,976.2934
1424285294620,976.28345
1424285294652,976.28345
1424285294689,976.3034
1424285294721,976.3434
1424285294759,976.4033
1424285294788,976.6033
1424285294820,976.8331
1424285294853,977.063
1424285294892,977.30286
1424285294924,977.49274
1424285294956,977.5727
1424285294990,977.6327
1424285295025,977.6327
1424285295056,977.67267
1424285295100,977.9625
1424285295123,978.17236
1424285295156,978.56213
1424285295196,978.802
1424285295228,978.7621
1424285295256,978.43225
1424285295292,977.9525
1424285295342,977.3828
1424285295382,976.8531
1424285295396,976.5233
1424285295430,976.2434
1424285295457,976.12354
1424285295493,975.9836
1424285295546,975.91364
1424285295558,975.88367
1424285295597,975.88367
1424285295630,975.9036
1424285295660,975.9236
1424285295706,975.9436
1424285295731,975.9836
1424285295762,976.00354
1424285295804,976.0436
1424285295852,976.0535
1424285295926,976.06354
1424285295928,976.06354
1424285295930,976.0835
1424285295967,976.1035
1424285295997,976.1435
1424285296029,976.22345
1424285296062,976.37335
1424285296099,976.6033
1424285296179,976.7532
1424285296180,976.94305
1424285296198,977.04297
1424285296238,977.1229
1424285296262,977.2029
1424285296308,977.3928
1424285296335,977.6826
1424285296364,977.9925
1424285296416,978.1924
1424285296433,978.3323
1424285296464,978.28235
1424285296499,978.0325
1424285296533,977.5227
1424285296563,977.083
1424285296607,976.6532
1424285296635,976.42334
1424285296667,976.22345
1424285296706,976.07355
1424285296735,975.9836
1424285296766,975.9436
1424285296805,975.9436
1424285296844,975.9536
1424285296894,975.9836
1424285296911,976.00354
1424285296934,976.0436
1424285296967,976.07355
1424285297005,976.1135
1424285297036,976.1335
1424285297070,976.1535
1424285297105,976.1535
1424285297140,976.1535
1424285297173,976.1835
1424285297206,976.2035
1424285297238,976.2634
1424285297271,976.43335
1424285297306,976.5533
1424285297347,976.73315
1424285297380,976.93304
1424285297405,977.09296
1424285297441,977.1729
1424285297470,977.2129
1424285297508,977.25287
1424285297539,977.3229
1424285297574,977.5327
1424285297607,977.7926
1424285297640,977.8326
1424285297678,977.71265
1424285297718,977.4828
1424285297742,977.2429
1424285297773,976.9031
1424285297810,976.7032
1424285297849,976.4633
1424285297874,976.3034
1424285297917,976.21344
1424285297945,976.1535
1424285297984,976.12354
1424285298012,976.1135
1424285298046,976.12354
1424285298078,976.1435
1424285298111,976.16345
1424285298145,976.17346
1424285298181,976.1935
1424285298212,976.22345
1424285298249,976.2634
1424285298292,976.28345
1424285298312,976.3034
1424285298370,976.3134
1424285298419,976.3134
1424285298421,976.3034
1424285298451,976.3134
1424285298480,976.3434
1424285298512,976.43335
1424285298547,976.59326
1424285298580,976.8031
1424285298639,976.973
1424285298646,977.113
1424285298678,977.1729
1424285298717,977.1729
1424285298749,977.1729
1424285298781,977.2629
1424285298816,977.55273
1424285298847,977.7726
1424285298880,978.1124
1424285298916,978.28235
1424285298948,978.3523
1424285298984,978.2623
1424285299018,977.8326
1424285299051,977.40283
1424285299084,976.963
1424285299120,976.63324
1424285299155,976.43335
1424285299182,976.3134
1424285299218,976.1935
1424285299259,976.1335
1424285299283,976.1135
1424285299321,976.1135
1424285299351,976.12354
1424285299383,976.1335
1424285299418,976.16345
1424285299464,976.1835
1424285299490,976.21344
1424285299526,976.21344
1424285299555,976.2534
1424285299592,976.27344
1424285299623,976.28345
1424285299658,976.3034
1424285299694,976.3034
1424285299742,976.3134
1424285299757,976.3334
1424285299789,976.4033
1424285299821,976.5433
1424285299857,976.6632
1424285299889,976.8531
1424285299924,977.033
1424285299971,977.15295
1424285299993,977.19293
1424285300033,977.2129
1424285300056,977.2729
1424285300092,977.51276
1424285300125,977.87256
1424285300162,978.17236
1424285300199,978.2523
1424285300230,978.2423
1424285300259,977.9925
1424285300290,977.5827
1424285300330,977.14294
1424285300360,976.88306
1424285300393,976.57324
1424285300429,976.37335
1424285300462,976.2434
1424285300502,976.16345
1424285300533,976.1435
1424285300561,976.12354
1424285300593,976.12354
1424285300627,976.1335
1424285300676,976.16345
1424285300698,976.1835
1424285300731,976.2035
1424285300763,976.23346
1424285300797,976.2634
1424285300830,976.28345
1424285300861,976.3034
1424285300893,976.3134
1424285300944,976.3034
1424285300968,976.3034
1424285300997,976.32336
1424285301037,976.3534
1424285301065,976.4033
1424285301097,976.53326
1424285301135,976.72314
1424285301169,976.93304
1424285301202,977.073
1424285301241,977.25287
1424285301293,977.3328
1424285301297,977.4128
1424285301369,977.51276
1424285301371,977.70264
1424285301397,977.9025
1424285301433,978.1524
1424285301468,978.22235
1424285301498,978.16235
1424285301538,977.91254
1424285301571,977.71265
1424285301600,977.2729
1424285301657,976.94305
1424285301671,976.6132
1424285301704,976.44336
1424285301734,976.28345
1424285301774,976.1835
1424285301831,976.12354
1424285301849,976.0935
1424285301886,976.0935
1424285301901,976.1135
1424285301938,976.12354
1424285301970,976.1535
1424285302001,976.1835
1424285302088,976.22345
1424285302089,976.22345
1424285302105,976.2534
1424285302139,976.27344
1424285302172,976.28345
1424285302205,976.28345
1424285302238,976.27344
1424285302272,976.28345
1424285302306,976.3334
1424285302343,976.42334
1424285302389,976.6732
1424285302410,976.8131
1424285302440,977.04297
1424285302473,977.25287
1424285302507,977.4128
1424285302549,977.46277
1424285302577,977.4728
1424285302606,977.50275
1424285302649,977.67267
1424285302678,977.9325
1424285302709,978.0824
1424285302746,978.2423
1424285302777,978.3023
1424285302823,978.1324
1424285302850,977.7726
1424285302877,977.3928
1424285302910,977.09296
1424285302946,976.6732
1424285302986,976.38336
1424285303026,976.2035
1424285303047,976.0835
1424285303080,976.03357
1424285303111,976.00354
1424285303148,976.00354
1424285303179,976.01355
1424285303212,976.03357
1424285303254,976.0535
1424285303282,976.0935
1424285303320,976.1335
1424285303350,976.16345
1424285303382,976.17346
1424285303413,976.1935
1424285303454,976.1935
1424285303491,976.1935
1424285303555,976.21344
1424285303556,976.23346
1424285303582,976.2534
1424285303615,976.37335
1424285303649,976.58325
1424285303682,976.7632
1424285303715,976.93304
1424285303751,977.033
1424285303785,977.1229
1424285303837,977.15295
1424285303873,977.19293
1424285303888,977.29285
1424285303915,977.4328
1424285303958,977.7326
1424285303988,977.9825
1424285304040,978.0824
1424285304063,978.0824
1424285304088,977.9725
1424285304117,977.66266
1424285304153,977.19293
1424285304184,976.8131
1424285304220,976.4733
1424285304255,976.3134
1424285304287,976.17346
1424285304325,976.07355
1424285304355,976.03357
1424285304389,976.01355
1424285304419,976.01355
1424285304461,976.03357
1424285304491,976.06354
1424285304534,976.1135
1424285304564,976.1335
1424285304598,976.1535
1424285304628,976.1835
1424285304659,976.2035
1424285304696,976.21344
1424285304722,976.22345
1424285304758,976.23346
1424285304793,976.23346
1424285304829,976.2534
1424285304867,976.27344
1424285304892,976.32336
1424285304923,976.37335
1424285304959,976.4933
1424285304994,976.63324
1424285305034,976.7632
1424285305058,976.8331
1424285305093,976.8131
1424285305129,976.8131
1424285305162,976.84314
1424285305195,976.93304
1424285305231,977.13293
1424285305262,977.45276
1424285305306,977.6427
1424285305325,977.8425
1424285305364,977.9625
1424285305393,977.85254
1424285305426,977.6427
1424285305461,977.1729
1424285305497,976.8131
1424285305533,976.5433
1424285305565,976.3634
1424285305620,976.23346
1424285305633,976.1935
1424285305666,976.17346
1424285305696,976.22345
1424285305727,976.4733
1424285305764,976.8731
1424285305798,977.053
1424285305835,977.35284
1424285305872,977.86255
1424285305900,978.44226
1424285305931,978.84204
1424285305983,979.4317
1424285306007,979.7815
1424285306032,979.87146
1424285306069,979.81146
1424285306113,979.49164
1424285306137,979.13184
1424285306171,978.44226
1424285306204,977.7626
1424285306233,977.2629
1424285306272,977.023
1424285306307,977.033
1424285306338,977.25287
1424285306374,977.3828
1424285306422,977.3728
1424285306435,977.35284
1424285306470,977.46277
1424285306503,977.88257
1424285306535,978.7521
1424285306570,979.45166
1424285306604,979.7915
1424285306639,979.87146
1424285306674,979.8315
1424285306707,979.66156
1424285306738,979.10187
1424285306773,978.0425
1424285306804,977.4228
1424285306842,977.063
1424285306884,976.93304
1424285306906,976.8631
1424285306936,976.79315
1424285306971,976.8131
1424285307005,976.94305
1424285307043,977.013
1424285307077,977.033
1424285307187,977.013
1424285307188,976.973
1424285307189,976.9231
1424285307216,976.78314
1424285307240,976.5033
1424285307274,976.28345
1424285307307,976.1535
1424285307338,976.01355
1424285307376,976.0535
1424285307409,976.4033
1424285307457,976.6832
1424285307479,977.09296
1424285307508,977.40283
1424285307541,977.55273
1424285307577,977.5827
1424285307613,977.49274
1424285307644,977.3828
1424285307683,977.16296
1424285307715,976.99304
1424285307742,976.98303
1424285307778,977.1829
1424285307815,977.35284
1424285307846,977.56274
1424285307879,977.7826
1424285307913,978.06244
1424285307946,978.1024
1424285307979,977.9525
1424285308014,977.8026
1424285308047,977.34283
1424285308083,976.73315
1424285308116,976.21344
1424285308159,975.9236
1424285308186,975.5738
1424285308216,975.3839
1424285308248,975.4339
1424285308280,975.71375
1424285308317,976.0535
1424285308353,976.22345
1424285308397,976.37335
1424285308414,976.43335
1424285308445,976.4133
1424285308480,976.38336
1424285308514,976.2534
1424285308548,975.9536
1424285308581,975.5838
1424285308615,975.28394
1424285308648,975.15405
1424285308683,975.0641
1424285308718,975.0541
1424285308748,975.10406
1424285308782,975.124
1424285308817,975.13403
1424285308848,975.124
1424285308883,975.10406
1424285308921,975.0841
1424285308953,975.09406
1424285308986,975.124
1424285309019,975.16406
1424285309051,975.234
1424285309085,975.31396
1424285309120,975.3839
1424285309151,975.4339
1424285309187,975.4739
1424285309223,975.50385
1424285309256,975.51385
1424285309287,975.5338
1424285309322,975.5338
1424285309353,975.5338
1424285309388,975.51385
1424285309421,975.51385
1424285309453,975.5338
1424285309489,975.5738
1424285309526,975.5938
1424285309556,975.6238
1424285309589,975.66376
1424285309623,975.6937
1424285309655,975.71375
1424285309691,975.7537
1424285309723,975.7837
1424285309756,975.82367
1424285309790,975.85364
1424285309824,975.88367
1424285309857,975.91364
1424285309891,975.9436
1424285309926,975.9836
1424285309958,976.01355
1424285309994,976.03357
1424285310028,976.0535
1424285310063,976.07355
1424285310100,976.1035
1424285310135,976.1135
1424285310161,976.1435
1424285310194,976.17346
1424285310229,976.1935
1424285310261,976.23346
1424285310313,976.2534
1424285310338,976.27344
1424285310362,976.28345
1424285310401,976.2934
1424285310432,976.3134
1424285310469,976.32336
1424285310500,976.3434
1424285310533,976.3534
1424285310563,976.38336
1424285310599,976.4033
1424285310652,976.4133
1424285310665,976.4133
1424285310699,976.43335
1424285310733,976.44336
1424285310767,976.4633
1424285310800,976.4633
1424285310833,976.4833
1424285310865,976.4833
1424285310907,976.4833
1424285310936,976.5033
1424285310972,976.5033
1424285311008,976.5233
1424285311035,976.5233
1424285311067,976.53326
1424285311102,976.5433
1424285311138,976.5433
1424285311169,976.5433
1424285311211,976.5533
1424285311237,976.5533
1424285311266,976.57324
1424285311303,976.57324
1424285311337,976.57324
1424285311370,976.57324
1424285311405,976.58325
1424285311440,976.58325
1424285311476,976.6033
1424285311509,976.6132
1424285311540,976.6132
1424285311570,976.6232
1424285311606,976.6432
1424285311661,976.6532
1424285311678,976.6432
1424285311708,976.63324
1424285311740,976.6432
1424285311771,976.6532
1424285311807,976.6632
1424285311851,976.6532
1424285311896,976.6532
1424285311906,976.6532
1424285311952,976.6632
1424285311975,976.6732
1424285312011,976.6632
1424285312045,976.6632
1424285312074,976.6732
1424285312111,976.6632
1424285312145,976.6532
1424285312173,976.6532
1424285312209,976.6532
1424285312251,976.6632
1424285312281,976.6732
1424285312310,976.6832
1424285312344,976.6732
1424285312387,976.6732
1424285312413,976.6732
1424285312449,976.6832
1424285312477,976.6832
1424285312511,976.6932
1424285312547,976.6932
1424285312579,976.7032
1424285312612,976.6832
1424285312647,976.6832
1424285312678,976.6832
1424285312715,976.6832
1424285312747,976.6832
1424285312784,976.7032
1424285312816,976.6932
1424285312849,976.7032
1424285312884,976.7032
1424285312916,976.7032
1424285312956,976.7032
1424285312979,976.7032
1424285313017,976.7032
1424285313053,976.7032
1424285313081,976.6932
1424285313115,976.6832
1424285313148,976.6832
1424285313182,976.6832
1424285313215,976.6732
1424285313257,976.6632
1424285313288,976.6632
1424285313332,976.6432
1424285313365,976.6632
1424285313385,976.6632
1424285313438,976.6632
1424285313451,976.6732
1424285313484,976.6732
1424285313528,976.6732
1424285313552,976.6632
1424285313584,976.6732
1424285313622,976.6832
1424285313653,976.6832
1424285313686,976.6932
1424285313725,976.7032
1424285313756,976.6832
1424285313791,976.6932
1424285313822,976.6932
1424285313863,976.6932
1424285313900,976.6932
1424285313934,976.6932
1424285313954,976.6932
1424285313992,976.6832
1424285314024,976.6832
1424285314057,976.6832
1424285314090,976.6832
1424285314123,976.6832
1424285314159,976.6932
1424285314189,976.6932
1424285314224,976.7032
1424285314270,976.6932
1424285314309,976.7032
1424285314336,976.7132
1424285314358,976.7132
1424285314390,976.7132
1424285314425,976.72314
1424285314458,976.72314
1424285314491,976.72314
1424285314526,976.72314
1424285314559,976.74316
1424285314591,976.74316
1424285314629,976.74316
1424285314665,976.74316
1424285314692,976.72314
1424285314728,976.73315
1424285314765,976.74316
1424285314803,976.72314
1424285314830,976.72314
1424285314863,976.7132
1424285314921,976.7132
1424285314934,976.7132
1424285314966,976.7132
1424285314993,976.7132
1424285315031,976.7032
1424285315063,976.7132
1424285315094,976.7132
1424285315130,976.7132
1424285315172,976.72314
1424285315196,976.7132
1424285315233,976.7032
1424285315267,976.7132
1424285315313,976.72314
1424285315342,976.72314
1424285315366,976.73315
1424285315398,976.74316
1424285315432,976.74316
1424285315471,976.74316
1424285315503,976.73315
1424285315539,976.74316
1424285315577,976.72314
1424285315602,976.72314
1424285315634,976.7132
1424285315668,976.7032
1424285315705,976.7132
1424285315734,976.72314
1424285315781,976.73315
1424285315831,976.74316
1424285315847,976.74316
1424285315872,976.74316
1424285315899,976.74316
1424285315937,976.74316
1424285315969,976.7532
1424285315999,976.7532
1424285316036,976.7632
1424285316079,976.74316
1424285316108,976.74316
1424285316138,976.74316
1424285316171,976.7532
1424285316201,976.74316
1424285316236,976.74316
1424285316275,976.74316
1424285316308,976.73315
1424285316351,976.72314
1424285316372,976.73315
1424285316404,976.73315
1424285316438,976.74316
1424285316495,976.74316
1424285316511,976.74316
1424285316541,976.74316
1424285316573,976.74316
1424285316609,976.74316
1424285316642,976.74316
1424285316675,976.74316
1424285316708,976.73315
1424285316741,976.73315
1424285316776,976.74316
1424285316811,976.73315
1424285316858,976.73315
1424285316912,976.72314
1424285316913,976.73315
1424285316943,976.7132
1424285316978,976.72314
1424285317016,976.73315
1424285317044,976.73315
1424285317140,976.73315
1424285317142,976.73315
1424285317144,976.72314
1424285317198,976.73315
1424285317228,976.72314
1424285317247,976.73315
1424285317279,976.73315
1424285317310,976.72314
1424285317345,976.73315
1424285317406,976.73315
1424285317428,976.73315
1424285317447,976.74316
1424285317477,976.73315
1424285317510,976.73315
1424285317545,976.72314
1424285317581,976.72314
1424285317616,976.7132
1424285317647,976.7132
1424285317684,976.73315
1424285317715,976.73315
1424285317749,976.73315
1424285317791,976.74316
1424285317816,976.73315
1424285317856,976.73315
1424285317894,976.74316
1424285317913,976.7532
1424285317949,976.7532
1424285317999,976.7532
1424285318021,976.73315
1424285318053,976.73315
1424285318085,976.73315
1424285318117,976.73315
1424285318158,976.73315
1424285318186,976.73315
1424285318233,976.72314
1424285318253,976.73315
1424285318289,976.73315
1424285318316,976.73315
1424285318353,976.73315
1424285318390,976.74316
1424285318417,976.74316
1424285318459,976.74316
1424285318488,976.74316
1424285318556,976.74316
1424285318557,976.74316
1424285318589,976.7532
1424285318620,976.7532
1424285318656,976.7532
1424285318689,976.7532
1424285318720,976.74316
1424285318755,976.74316
1424285318790,976.74316
1424285318822,976.74316
1424285318862,976.73315
1424285318899,976.73315
1424285318922,976.74316
1424285318960,976.73315
1424285318990,976.73315
1424285319023,976.73315
1424285319059,976.72314
1424285319095,976.7132
1424285319125,976.7132
1424285319167,976.7132
1424285319194,976.72314
1424285319226,976.73315
1424285319257,976.73315
1424285319290,976.73315
1424285319322,976.74316
1424285319360,976.73315
1424285319392,976.73315
1424285319425,976.73315
1424285319462,976.73315
1424285319494,976.73315
1424285319527,976.73315
1424285319562,976.73315
1424285319597,976.73315
1424285319628,976.73315
1424285319661,976.73315
1424285319695,976.73315
1424285319730,976.73315
1424285319767,976.72314
1424285319798,976.73315
1424285319832,976.74316
1424285319864,976.73315
1424285319914,976.74316
1424285319930,976.74316
1424285319967,976.73315
1424285319999,976.73315
1424285320030,976.73315
1424285320075,976.72314
1424285320104,976.7132
1424285320139,976.7132
1424285320166,976.7032
1424285320199,976.6932
1424285320231,976.7032
1424285320267,976.7032
1424285320302,976.7032
1424285320340,976.7132
1424285320369,976.7132
1424285320401,976.72314
1424285320434,976.73315
1424285320479,976.73315
1424285320505,976.73315
1424285320534,976.73315
1424285320568,976.7532
1424285320603,976.74316
1424285320633,976.74316
1424285320679,976.74316
1424285320712,976.73315
1424285320737,976.73315
1424285320771,976.73315
1424285320801,976.72314
1424285320833,976.73315
1424285320868,976.73315
1424285320907,976.72314
1424285320936,976.73315
1424285320970,976.73315
1424285321007,976.73315
1424285321036,976.73315
1424285321072,976.73315
1424285321107,976.73315
1424285321138,976.74316
1424285321171,976.7532
1424285321210,976.7532
1424285321239,976.7532
1424285321280,976.7532
1424285321307,976.7532
1424285321340,976.7532
1424285321375,976.7532
1424285321410,976.7532
1424285321441,976.74316
1424285321492,976.73315
1424285321512,976.74316
1424285321550,976.74316
1424285321575,976.74316
1424285321610,976.74316
1424285321641,976.73315
1424285321677,976.74316
1424285321731,976.7532
1424285321743,976.7532
1424285321778,976.7532
1424285321833,976.74316
1424285321877,976.7532
1424285321879,976.7532
1424285321951,976.7532
1424285321951,976.7532
1424285321977,976.7532
1424285322012,976.7532
1424285322044,976.7532
1424285322086,976.74316
1424285322152,976.74316
1424285322152,976.74316
1424285322178,976.7532
1424285322215,976.7532
1424285322244,976.74316
1424285322283,976.74316
1424285322314,976.74316
1424285322345,976.74316
1424285322385,976.74316
1424285322418,976.74316
1424285322453,976.7532
1424285322508,976.7532
1424285322525,976.7532
1424285322553,976.77313
1424285322625,976.7532
1424285322626,976.74316
1424285322647,976.74316
1424285322682,976.74316
1424285322718,976.74316
1424285322754,976.74316
1424285322797,976.74316
1424285322819,976.74316
1424285322850,976.7532
1424285322885,976.7532
1424285322920,976.7532
1424285322975,976.7532
1424285323009,976.7632
1424285323019,976.7632
1424285323049,976.7632
1424285323084,976.7632
1424285323119,976.77313
1424285323150,976.77313
1424285323191,976.7632
1424285323222,976.7632
1424285323254,976.7532
1424285323292,976.7532
1424285323379,976.7532
1424285323384,976.7532
1424285323397,976.7532
1424285323478,976.74316
1424285323479,976.74316
1424285323499,976.74316
1424285323524,976.74316
1424285323554,976.73315
1424285323589,976.74316
1424285323623,976.74316
1424285323664,976.7532
1424285323693,976.74316
1424285323737,976.7632
1424285323759,976.7632
1424285323792,976.77313
1424285323827,976.78314
1424285323867,976.78314
1424285323891,976.7632
1424285323926,976.7632
1424285323963,976.7632
1424285323995,976.7632
1424285324026,976.7632
1424285324060,976.7632
1424285324094,976.7632
1424285324128,976.7532
1424285324157,976.74316
1424285324192,976.74316
1424285324228,976.74316
1424285324259,976.74316
1424285324295,976.7532
1424285324328,976.7532
1424285324359,976.7632
1424285324398,976.7532
1424285324437,976.74316
1424285324461,976.74316
1424285324494,976.7532
1424285324533,976.7532
1424285324563,976.7532
1424285324604,976.7532
1424285324630,976.74316
1424285324663,976.74316
1424285324698,976.73315
1424285324750,976.72314
1424285324789,976.72314
1424285324803,976.72314
1424285324831,976.72314
1424285324863,976.74316
1424285324898,976.74316
1424285324932,976.74316
1424285324965,976.74316
1424285325013,976.7532
1424285325037,976.7632
1424285325063,976.7532
1424285325102,976.74316
1424285325133,976.74316
1424285325166,976.74316
1424285325201,976.74316
1424285325242,976.74316
1424285325273,976.74316
1424285325319,976.73315
1424285325359,976.73315
1424285325379,976.73315
1424285325402,976.72314
1424285325434,976.72314
1424285325469,976.72314
1424285325522,976.72314
1424285325543,976.7132
1424285325569,976.72314
1424285325605,976.72314
1424285325638,976.74316
1424285325670,976.74316
1424285325719,976.74316
1424285325744,976.73315
1424285325790,976.72314
1424285325809,976.72314
1424285325839,976.72314
1424285325870,976.73315
1424285325903,976.72314
1424285325938,976.72314
1424285325969,976.7132
1424285326004,976.72314
1424285326038,976.72314
1424285326072,976.72314
1424285326105,976.72314
1424285326139,976.73315
1424285326171,976.72314
1424285326208,976.72314
1424285326242,976.72314
1424285326271,976.74316
1424285326306,976.74316
1424285326344,976.74316
1424285326373,976.74316
1424285326407,976.74316
1424285326440,976.74316
1424285326472,976.74316
1424285326508,976.74316
1424285326541,976.74316
1424285326574,976.73315
1424285326608,976.73315
1424285326642,976.73315
1424285326675,976.74316
1424285326710,976.74316
1424285326750,976.74316
1424285326776,976.74316
1424285326810,976.74316
1424285326844,976.7532
1424285326875,976.7532
1424285326910,976.74316
1424285326944,976.7532
1424285326977,976.7632
1424285327012,976.7632
1424285327045,976.7632
1424285327078,976.7632
1424285327113,976.7632
1424285327145,976.74316
1424285327178,976.7532
1424285327214,976.74316
1424285327250,976.7532
1424285327281,976.7532
1424285327328,976.7632
1424285327357,976.7632
1424285327392,976.7632
1424285327449,976.7632
1424285327450,976.7532
1424285327481,976.7532
1424285327516,976.73315
1424285327551,976.7532
1424285327582,976.7532
1424285327624,976.7532
1424285327652,976.7632
1424285327684,976.7632
1424285327726,976.7532
1424285327762,976.7632
1424285327785,976.77313
1424285327821,976.77313
1424285327856,976.77313
1424285327886,976.7632
1424285327919,976.7532
1424285327953,976.7532
1424285327989,976.7532
1424285328025,976.7532
1424285328061,976.7532
1424285328094,976.7632
1424285328132,976.7632
1424285328153,976.7632
1424285328185,976.7532
1424285328222,976.7632
1424285328264,976.7632
1424285328298,976.7632
1424285328325,976.7532
1424285328357,976.7632
1424285328387,976.7632
1424285328424,976.7632
1424285328471,976.7632
1424285328495,976.78314
1424285328525,976.78314
1424285328557,976.7632
1424285328588,976.77313
1424285328628,976.78314
1424285328658,976.7632
1424285328691,976.78314
1424285328724,976.78314
1424285328763,976.78314
1424285328789,976.78314
1424285328831,976.78314
1424285328883,976.78314
1424285328908,976.78314
1424285328929,976.77313
1424285328960,976.77313
1424285328993,976.77313
1424285329029,976.7632
1424285329069,976.7632
1424285329102,976.7532
1424285329133,976.7632
1424285329164,976.7632
1424285329194,976.7532
1424285329227,976.7532
1424285329261,976.7532
1424285329294,976.7532
1424285329328,976.7532
1424285329363,976.7532
1424285329402,976.73315
1424285329437,976.74316
1424285329466,976.73315
1424285329501,976.73315
1424285329536,976.74316
1424285329594,976.7532
1424285329605,976.7532
1424285329750,976.7532
1424285329750,976.7532
1424285329751,976.7632
1424285329751,976.7632
1424285329765,976.77313
1424285329798,976.77313
1424285329833,976.78314
1424285329876,976.78314
1424285329908,976.77313
1424285329960,976.77313
1424285329969,976.77313
1424285330000,976.77313
1424285330034,976.78314
1424285330073,976.78314
1424285330102,976.77313
1424285330146,976.78314
1424285330169,976.78314
1424285330202,976.79315
1424285330239,976.79315
1424285330271,976.79315
1424285330306,976.79315
1424285330341,976.79315
1424285330372,976.79315
1424285330410,976.79315
1424285330439,976.79315
1424285330476,976.78314
1424285330503,976.78314
1424285330539,976.77313
1424285330577,976.7632
1424285330618,976.7632
1424285330644,976.77313
1424285330675,976.7632
1424285330708,976.7632
1424285330742,976.7632
1424285330774,976.7632
1424285330806,976.74316
1424285330839,976.74316
1424285330874,976.74316
1424285330907,976.74316
1424285330945,976.7532
1424285330974,976.7632
1424285331008,976.7632
1424285331043,976.7632
1424285331087,976.7632
1424285331105,976.7632
1424285331143,976.7632
1424285331176,976.7632
1424285331208,976.7532
1424285331241,976.7532
1424285331276,976.74316
1424285331306,976.74316
1424285331343,976.7532
1424285331379,976.74316
1424285331409,976.7532
1424285331445,976.7632
1424285331488,976.7632
1424285331512,976.77313
1424285331615,976.77313
1424285331616,976.77313
1424285331618,976.78314
1424285331647,976.77313
1424285331678,976.7632
1424285331716,976.7632
1424285331747,976.7632
1424285331779,976.7532
1424285331819,976.73315
1424285331848,976.73315
1424285331926,976.74316
1424285331927,976.74316
1424285331950,976.74316
1424285331981,976.74316
1424285332027,976.7632
1424285332048,976.7632
1424285332137,976.77313
1424285332138,976.77313
1424285332156,976.7532
1424285332184,976.7632
1424285332217,976.74316
1424285332253,976.74316
1424285332312,976.73315
1424285332315,976.73315
1424285332350,976.72314
1424285332394,976.72314
1424285332430,976.72314
1424285332453,976.73315
1424285332487,976.72314
1424285332520,976.74316
1424285332552,976.72314
1424285332584,976.72314
1424285332616,976.72314
1424285332654,976.73315
1424285332687,976.73315
1424285332717,976.72314
1424285332754,976.72314
1424285332786,976.72314
1424285332819,976.72314
1424285332853,976.72314
1424285332887,976.72314
1424285332918,976.73315
1424285332962,976.73315
1424285332986,976.74316
1424285333019,976.74316
1424285333056,976.73315
1424285333091,976.73315
1424285333121,976.73315
1424285333157,976.73315
1424285333190,976.74316
1424285333243,976.74316
1424285333259,976.7532
1424285333292,976.7532
1424285333338,976.7532
1424285333378,976.7632
1424285333390,976.7632
1424285333423,976.7532
1424285333459,976.7632
1424285333495,976.7632
1424285333526,976.7532
1424285333586,976.74316
1424285333614,976.73315
1424285333626,976.74316
1424285333660,976.74316
1424285333696,976.74316
1424285333733,976.74316
1424285333768,976.73315
1424285333797,976.73315
1424285333826,976.72314
1424285333859,976.72314
1424285333892,976.72314
1424285333924,976.72314
1424285333959,976.73315
1424285333993,976.73315
1424285334026,976.74316
1424285334061,976.74316
1424285334094,976.74316
1424285334127,976.72314
1424285334162,976.7132
1424285334196,976.72314
1424285334227,976.72314
1424285334269,976.73315
1424285334297,976.74316
1424285334331,976.74316
1424285334364,976.7532
1424285334401,976.74316
1424285334429,976.74316
1424285334465,976.74316
1424285334498,976.74316
1424285334530,976.74316
1424285334568,976.74316
1424285334602,976.74316
1424285334634,976.74316
1424285334670,976.74316
1424285334703,976.74316
1424285334735,976.7532
1424285334780,976.7532
1424285334829,976.7632
1424285334848,976.7632
1424285334867,976.7532
1424285334906,976.7532
1424285334935,976.7532
1424285334973,976.74316
1424285335004,976.7532
1424285335044,976.74316
1424285335077,976.74316
1424285335107,976.74316
1424285335137,976.74316
1424285335170,976.74316
1424285335221,976.74316
1424285335238,976.74316
1424285335272,976.73315
1424285335307,976.7532
1424285335349,976.74316
1424285335380,976.74316
1424285335404,976.74316
1424285335437,976.72314
1424285335472,976.73315
1424285335515,976.72314
1424285335540,976.72314
1424285335578,976.72314
1424285335611,976.72314
1424285335640,976.72314
1424285335677,976.73315
1424285335708,976.72314
1424285335740,976.72314
1424285335775,976.72314
1424285335810,976.73315
1424285335845,976.73315
1424285335882,976.73315
1424285335911,976.74316
1424285335946,976.74316
1424285335978,976.74316
1424285336011,976.74316
1424285336042,976.7532
1424285336082,976.7532
1424285336133,976.7532
1424285336141,976.7532
1424285336179,976.7532
1424285336212,976.74316
1424285336256,976.74316
1424285336279,976.74316
1424285336313,976.73315
1424285336346,976.73315
1424285336390,976.73315
1424285336460,976.72314
1424285336461,976.73315
1424285336478,976.73315
1424285336512,976.73315
1424285336545,976.73315
1424285336583,976.74316
1424285336615,976.73315
1424285336658,976.74316
1424285336685,976.74316
1424285336713,976.7532
1424285336744,976.7532
1424285336783,976.7532
1424285336815,976.7632
1424285336851,976.7632
1424285336883,976.7632
1424285336915,976.7532
1424285336947,976.7532
1424285336981,976.7532
1424285337016,976.7532
1424285337048,976.7632
1424285337106,976.7532
1424285337118,976.7532
1424285337192,976.7532
1424285337193,976.7532
1424285337217,976.7532
1424285337249,976.74316
1424285337284,976.74316
1424285337320,976.7532
1424285337351,976.7532
1424285337388,976.7532
1424285337418,976.7532
1424285337450,976.7532
1424285337486,976.7632
1424285337521,976.7632
1424285337551,976.7632
1424285337594,976.77313
1424285337623,976.7632
1424285337660,976.7632
1424285337690,976.7532
1424285337723,976.7532
1424285337756,976.7532
1424285337813,976.7532
1424285337828,976.74316
1424285337854,976.73315
1424285337890,976.7532
1424285337922,976.7532
1424285337955,976.77313
1424285337989,976.7632
1424285338023,976.7532
1424285338058,976.73315
1424285338091,976.73315
1424285338135,976.7132
1424285338168,976.73315
1424285338194,976.73315
1424285338227,976.72314
1424285338258,976.72314
1424285338292,976.73315
1424285338328,976.74316
1424285338386,976.74316
1424285338402,976.74316
1424285338447,976.74316
1424285338458,976.74316
1424285338495,976.73315
1424285338530,976.73315
1424285338560,976.73315
1424285338596,976.73315
1424285338631,976.74316
1424285338665,976.73315
1424285338706,976.73315
1424285338731,976.73315
1424285338760,976.73315
1424285338796,976.73315
1424285338831,976.7532
1424285338865,976.7532
1424285338897,976.73315
1424285338930,976.74316
1424285338962,976.73315
1424285339006,976.73315
1424285339034,976.73315
1424285339063,976.73315
1424285339097,976.73315
1424285339139,976.72314
1424285339169,976.7132
1424285339207,976.7132
1424285339235,976.7132
1424285339266,976.7132
1424285339301,976.73315
1424285339357,976.73315
1424285339374,976.73315
1424285339399,976.74316
1424285339433,976.7532
1424285339473,976.7532
1424285339504,976.74316
1424285339535,976.7532
1424285339570,976.7532
1424285339607,976.7532
1424285339636,976.7532
1424285339675,976.74316
1424285339704,976.74316
1424285339737,976.74316
1424285339771,976.74316
1424285339804,976.73315
1424285339839,976.7532
1424285339875,976.7532
1424285339906,976.7532
1424285339947,976.7532
1424285339975,976.7532
1424285340006,976.7532
1424285340050,976.7532
1424285340069,976.7632
1424285340103,976.7532
1424285340137,976.7532
1424285340168,976.74316
1424285340204,976.74316
1424285340240,976.7532
1424285340273,976.7632
1424285340307,976.7632
1424285340341,976.7532
1424285340373,976.77313
1424285340416,976.7532
1424285340444,976.74316
1424285340479,976.74316
1424285340514,976.74316
1424285340541,976.73315
1424285340572,976.73315
1424285340609,976.73315
1424285340643,976.73315
1424285340674,976.74316
1424285340719,976.74316
1424285340745,976.73315
1424285340776,976.73315
1424285340811,976.74316
1424285340872,976.74316
1424285340883,976.74316
1424285340911,976.7632
1424285340945,976.7632
1424285340986,976.7632
1424285341023,976.7632
1424285341049,976.7632
1424285341077,976.7632
1424285341113,976.7532
1424285341147,976.74316
1424285341180,976.74316
1424285341214,976.74316
1424285341253,976.7532
1424285341283,976.7532
1424285341322,976.7532
1424285341349,976.74316
1424285341380,976.74316
1424285341436,976.74316
1424285341461,976.74316
1424285341483,976.7532
1424285341516,976.73315
1424285341553,976.74316
1424285341580,976.74316
1424285341618,976.74316
1424285341659,976.7632
1424285341684,976.7632
1424285341716,976.74316
1424285341752,976.74316
1424285341791,976.74316
1424285341818,976.74316
1424285341853,976.7532
1424285341885,976.74316
1424285341940,976.74316
1424285341955,976.74316
1424285341982,976.74316
1424285342017,976.74316
1424285342053,976.74316
1424285342087,976.74316
1424285342122,976.7632
1424285342155,976.74316
1424285342186,976.7632
1424285342240,976.7632
1424285342283,976.77313
1424285342286,976.78314
1424285342320,976.77313
1424285342354,976.7632
1424285342387,976.7532
1424285342422,976.74316
1424285342458,976.73315
1424285342493,976.74316
1424285342530,976.7532
1424285342555,976.7532
1424285342604,976.7532
1424285342636,976.7532
1424285342669,976.7532
1424285342690,976.7532
1424285342745,976.7532
1424285342766,976.74316
1424285342795,976.7532
1424285342846,976.74316
1424285342861,976.74316
1424285342891,976.7532
1424285342936,976.74316
1424285342962,976.7532
1424285342992,976.7532
1424285343032,976.74316
1424285343071,976.73315
1424285343094,976.72314
1424285343129,976.72314
1424285343160,976.72314
1424285343197,976.73315
1424285343228,976.73315
1424285343271,976.73315
1424285343310,976.73315
1424285343338,976.73315
1424285343364,976.73315
1424285343393,976.73315
1424285343429,976.74316
1424285343465,976.73315
1424285343495,976.74316
1424285343534,976.7532
1424285343572,976.7532
1424285343595,976.7632
1424285343634,976.77313
1424285343665,976.7632
1424285343702,976.7632
1424285343747,976.7532
1424285343780,976.74316
1424285343806,976.73315
1424285343853,976.74316
1424285343876,976.74316
1424285343898,976.7532
1424285343932,976.74316
1424285343968,976.74316
1424285344001,976.7532
1424285344035,976.7632
1424285344068,976.74316
1424285344099,976.74316
1424285344135,976.7532
1424285344166,976.7532
1424285344201,976.74316
1424285344235,976.74316
1424285344270,976.72314
1424285344302,976.7132
1424285344350,976.7032
1424285344370,976.7032
1424285344404,976.7032
1424285344440,976.7032
1424285344468,976.7032
1424285344501,976.7032
1424285344539,976.7032
1424285344572,976.7032
1424285344605,976.6832
1424285344649,976.6832
1424285344672,976.7032
1424285344703,976.84314
1424285344739,977.1829
1424285344776,977.34283
1424285344823,977.2729
1424285344838,977.2129
1424285344874,977.28284
1424285344903,977.1729
1424285344940,977.063
1424285344973,977.113
1424285345005,977.1829
1424285345040,977.09296
1424285345076,977.04297
1424285345115,977.00305
1424285345146,976.99304
1424285345175,976.9131
1424285345207,976.84314
1424285345243,976.8631
1424285345277,976.9031
1424285345309,976.88306
1424285345343,976.8231
1424285345377,976.8331
1424285345408,976.84314
1424285345443,976.8031
1424285345484,976.78314
1424285345513,976.78314
1424285345552,976.7632
1424285345618,976.74316
1424285345620,976.7632
1424285345649,976.8331
1424285345680,976.84314
1424285345708,976.8131
1424285345745,976.8031
1424285345779,976.78314
1424285345811,976.7532
1424285345844,976.7132
1424285345878,976.6532
1424285345909,976.58325
1424285345946,976.5433
1424285345983,976.5233
1424285346013,976.53326
1424285346054,976.5533
1424285346083,976.59326
1424285346118,976.63324
1424285346150,976.6432
1424285346186,976.6432
1424285346216,976.79315
1424285346250,976.89307
1424285346283,976.8731
1424285346313,976.8631
1424285346354,976.8531
1424285346383,976.9131
1424285346417,976.8631
1424285346524,976.77313
1424285346525,976.7532
1424285346525,976.7132
1424285346549,976.7132
1424285346582,976.6932
1424285346614,976.6832
1424285346652,976.6732
1424285346685,976.6932
1424285346727,976.7132
1424285346753,976.73315
1424285346789,976.78314
1424285346834,976.77313
1424285346878,976.8131
1424285346890,976.89307
1424285346921,976.9031
1424285346951,976.89307
1424285346986,976.8531
1424285347017,976.79315
1424285347053,976.7132
1424285347114,976.6832
1424285347124,976.8531
1424285347155,976.9131
1424285347189,976.89307
1424285347221,976.9031
1424285347287,976.9131
1424285347299,976.8731
1424285347321,976.8531
1424285347355,976.8531
1424285347392,976.8531
1424285347424,976.8631
1424285347459,976.8531
1424285347505,976.8731
1424285347558,976.8231
1424285347560,976.7532
1424285347592,976.73315
1424285347630,976.7132
1424285347657,976.6732
1424285347691,976.6532
1424285347787,976.6232
1424285347788,976.6033
1424285347799,976.6132
1424285347823,976.6232
1424285347862,976.63324
1424285347892,976.6232
1424285347925,976.6232
1424285347959,976.6232
1424285347992,976.6432
1424285348024,976.6732
1424285348060,976.72314
1424285348093,976.7532
1424285348125,976.79315
1424285348160,976.84314
1424285348193,976.8631
1424285348225,976.8531
1424285348261,976.8531
1424285348294,976.8231
1424285348328,976.79315
1424285348361,976.74316
1424285348395,976.7032
1424285348428,976.6732
1424285348465,976.6632
1424285348498,976.6532
1424285348528,976.6532
1424285348563,976.6532
1424285348601,976.6532
1424285348637,976.6532
1424285348668,976.6932
1424285348724,976.7132
1424285348729,976.7132
1424285348766,976.7532
1424285348801,976.77313
1424285348854,976.74316
1424285348867,976.6732
1424285348902,976.6732
1424285348933,976.63324
1424285348973,976.53326
1424285349003,976.4533
1424285349032,976.42334
1424285349070,976.42334
1424285349107,976.42334
1424285349154,976.4533
1424285349171,976.4733
1424285349212,976.4933
1424285349237,976.5033
1424285349272,976.5033
1424285349306,976.5233
1424285349342,976.56323
1424285349369,976.6033
1424285349408,976.6432
1424285349444,976.6832
1424285349474,976.7032
1424285349506,976.6832
1424285349540,976.6432
1424285349623,976.57324
1424285349625,976.5233
1424285349635,976.4933
1424285349670,976.4833
1424285349708,976.4733
1424285349744,976.4733
1424285349772,976.4633
1424285349821,976.4733
1424285349865,976.4733
1424285349875,976.4933
1424285349908,976.4933
1424285349942,976.4933
1424285349974,976.5033
1424285350009,976.5133
1424285350041,976.5233
1424285350077,976.53326
1424285350128,976.5433
1424285350149,976.5433
1424285350188,976.56323
1424285350210,976.56323
1424285350249,976.57324
1424285350287,976.58325
1424285350311,976.58325
1424285350355,976.59326
1424285350377,976.58325
1424285350412,976.58325
1424285350443,976.58325
1424285350480,976.59326
1424285350516,976.59326
1424285350556,976.6033
1424285350586,976.6033
1424285350611,976.6132
1424285350645,976.6232
1424285350680,976.6132
1424285350714,976.6132
1424285350789,976.6132
1424285350789,976.6132
1424285350812,976.6232
1424285350853,976.63324
1424285350881,976.6432
1424285350915,976.6532
1424285350952,976.6532
1424285350981,976.6632
1424285351014,976.6532
1424285351048,976.6532
1424285351083,976.6532
1424285351118,976.6632
1424285351163,976.6632
1424285351185,976.6632
1424285351217,976.6532
1424285351248,976.6532
1424285351290,976.6632
1424285351322,976.6732
1424285351421,976.6832
1424285351423,976.6932
1424285351424,976.6932
1424285351451,976.6932
1424285351486,976.6932
1424285351521,976.6932
1424285351552,976.6932
1424285351605,976.6932
1424285351623,976.6832
1424285351653,976.6732
1424285351688,976.6532
1424285351746,976.6732
1424285351758,976.6632
1424285351789,976.6732
1424285351821,976.6732
1424285351853,976.6832
1424285351886,976.6832
1424285351920,976.6732
1424285351954,976.6732
1424285351988,976.6732
1424285352025,976.6732
1424285352054,976.6832
1424285352092,976.6932
1424285352160,976.6932
1424285352161,976.6932
1424285352191,976.7032
1424285352231,976.7032
1424285352264,976.7132
1424285352309,976.7132
1424285352335,976.7132
1424285352402,976.7132
1424285352404,976.7032
1424285352424,976.6932
1424285352458,976.6932
1424285352518,976.6932
1424285352576,976.6932
1424285352579,976.7032
1424285352637,976.7032
1424285352637,976.6932
1424285352657,976.7032
1424285352696,976.7032
1424285352736,976.7132
1424285352767,976.72314
1424285352794,976.7132
1424285352827,976.7032
1424285352869,976.7132
1424285352895,976.72314
1424285352931,976.72314
1424285352966,976.72314
1424285353002,976.72314
1424285353043,976.73315
1424285353066,976.73315
1424285353103,976.73315
1424285353130,976.72314
1424285353164,976.7132
1424285353199,976.7132
1424285353235,976.7132
1424285353270,976.73315
1424285353301,976.73315
1424285353332,976.73315
1424285353379,976.73315
1424285353398,976.73315
1424285353431,976.73315
1424285353465,976.74316
1424285353501,976.7532
1424285353538,976.7532
1424285353574,976.7532
1424285353604,976.7632
1424285353635,976.7632
1424285353667,976.7532
1424285353704,976.7532
1424285353737,976.7532
1424285353781,976.73315
1424285353810,976.73315
1424285353842,976.73315
1424285353900,976.73315
1424285353914,976.74316
1424285353943,976.73315
1424285353970,976.74316
1424285354005,976.73315
1424285354054,976.74316
1424285354080,976.7532
1424285354103,976.7632
1424285354138,976.7532
1424285354173,976.7532
1424285354212,976.7532
1424285354249,976.73315
1424285354341,976.73315
1424285354344,976.72314
1424285354346,976.7132
1424285354426,976.7132
1424285354428,976.7132
1424285354479,976.7132
1424285354480,976.7132
1424285354584,976.7132
1424285354586,976.72314
1424285354588,976.72314
1424285354630,976.73315
1424285354641,976.74316
1424285354672,976.74316
1424285354709,976.7532
1424285354764,976.7532
1424285354780,976.7532
1424285354813,976.7532
1424285354856,976.74316
1424285354945,976.72314
1424285354947,976.7132
1424285354949,976.73315
1424285355032,976.74316
1424285355033,976.7532
1424285355058,976.77313
1424285355087,976.77313
1424285355113,976.78314
1424285355146,976.79315
1424285355177,976.8131
1424285355214,976.8331
1424285355246,976.8231
1424285355280,976.8131
1424285355314,976.8131
1424285355348,976.8031
1424285355414,976.79315
1424285355416,976.77313
1424285355446,976.7632
1424285355477,976.74316
1424285355522,976.73315
1424285355552,976.73315
1424285355581,976.73315
1424285355612,976.73315
1424285355647,976.73315
1424285355679,976.7532
1424285355716,976.7532
1424285355759,976.77313
1424285355782,976.79315
1424285355817,976.79315
1424285355851,976.8031
1424285355960,976.8031
1424285355961,976.8231
1424285355962,976.8131
1424285355981,976.8131
1424285356016,976.8131
1424285356053,976.8031
1424285356088,976.79315
1424285356119,976.79315
1424285356151,976.77313
1424285356185,976.7632
1424285356221,976.7632
1424285356252,976.7632
1424285356284,976.7632
1424285356325,976.7632
1424285356359,976.7532
1424285356408,976.77313
1424285356458,976.79315
1424285356460,976.8231
1424285356483,976.84314
1424285356520,976.88306
1424285356556,976.8731
1424285356592,976.8231
1424285356629,976.8131
1424285356657,976.8131
1424285356694,976.8131
1424285356727,976.78314
1424285356756,976.7632
1424285356789,976.7632
1424285356824,976.7632
1424285356865,976.77313
1424285356937,976.77313
1424285356939,976.77313
1424285356971,976.78314
1424285356989,976.8031
1424285357027,976.8331
1424285357059,976.8631
1424285357093,976.9131
1424285357127,976.93304
1424285357160,976.93304
1424285357193,976.9231
1424285357226,976.9031
1424285357258,976.8531
1424285357293,976.8231
1424285357329,976.8031
1424285357370,976.77313
1424285357433,976.73315
1424285357435,976.6832
1424285357462,976.6532
1424285357495,976.6532
1424285357548,976.6632
1424285357560,976.6532
1424285357592,976.6832
1424285357636,976.73315
1424285357666,976.78314
