1424265620179,732.1676
1424265620228,979.5916
1424265620233,979.60156
1424265620266,979.5916
1424265620300,979.6116
1424265620335,979.5916
1424265620369,979.5816
1424265620402,979.5916
1424265620434,979.60156
1424265620469,979.5916
1424265620502,979.5916
1424265620536,979.5916
1424265620570,979.5816
1424265620603,979.5816
1424265620635,979.5816
1424265620671,979.56165
1424265620705,979.5816
1424265620738,979.5916
1424265620771,979.6216
1424265620806,979.6216
1424265620838,979.6316
1424265620872,979.65155
1424265620906,979.6716
1424265620961,979.72156
1424265621008,979.8015
1424265621009,979.86145
1424265621044,979.9514
1424265621076,980.01135
1424265621111,980.01135
1424265621196,979.9614
1424265621198,979.91144
1424265621286,979.87146
1424265621287,979.85144
1424265621288,979.81146
1424265621310,979.7915
1424265621358,979.7615
1424265621396,979.7315
1424265621450,979.71155
1424265621451,979.6716
1424265621479,979.6416
1424265621510,979.6216
1424265621544,979.6116
1424265621586,979.5916
1424265621613,979.56165
1424265621657,979.56165
1424265621681,979.56165
1424265621740,979.55164
1424265621744,979.51166
1424265621780,979.4817
1424265621812,979.4717
1424265621851,979.4717
1424265621882,979.49164
1424265621918,979.5416
1424265622002,979.5716
1424265622004,979.6116
1424265622036,979.5916
1424265622156,979.60156
1424265622157,979.60156
1424265622157,979.5916
1424265622158,979.5916
1424265622201,979.60156
1424265622214,979.5816
1424265622245,979.5816
1424265622280,979.56165
1424265622314,979.5816
1424265622347,979.60156
1424265622382,979.6216
1424265622415,979.6416
1424265622447,979.66156
1424265622483,979.70154
1424265622517,979.7815
1424265622548,979.8315
1424265622584,979.9314
1424265622617,980.0314
1424265622650,980.12134
1424265622684,980.1813
1424265622718,980.23126
1424265622753,980.28125
1424265622786,980.3112
1424265622817,980.3012
1424265622853,980.27124
1424265622885,980.2512
1424265622921,980.2512
1424265622951,980.2412
1424265622987,980.1913
1424265623020,980.12134
1424265623052,980.0314
1424265623088,979.91144
1424265623122,979.84143
1424265623155,979.7815
1424265623188,979.87146
1424265623222,980.0813
1424265623254,980.2412
1424265623289,980.43115
1424265623322,980.661
1424265623353,980.9109
1424265623389,981.0508
1424265623422,980.9708
1424265623455,980.661
1424265623491,980.1413
1424265623523,979.7915
1424265623561,979.5416
1424265623603,979.3717
1424265623632,979.2618
1424265623659,979.2218
1424265623695,979.19183
1424265623727,979.1718
1424265623766,979.1718
1424265623795,979.16187
1424265623828,979.16187
1424265623866,979.19183
1424265623894,979.2218
1424265623930,979.30176
1424265623958,979.35175
1424265623995,979.40173
1424265624027,979.44165
1424265624064,979.4717
1424265624097,979.49164
1424265624160,979.55164
1424265624162,979.5816
1424265624234,979.5816
1424265624235,979.55164
1424265624260,979.6316
1424265624296,979.65155
1424265624329,979.6216
1424265624362,979.60156
1424265624398,979.5916
1424265624435,979.6116
1424265624465,979.6716
1424265624499,979.70154
1424265624532,979.72156
1424265624565,979.6915
1424265624599,979.71155
1424265624633,979.6915
1424265624664,979.5816
1424265624700,979.5416
1424265624734,979.5416
1424265624765,979.5216
1424265624800,979.49164
1424265624834,979.51166
1424265624866,979.51166
1424265624901,979.4717
1424265624935,979.4317
1424265624967,979.4217
1424265625001,979.4117
1424265625036,979.40173
1424265625067,979.4117
1424265625104,979.4117
1424265625136,979.4217
1424265625167,979.4217
1424265625203,979.44165
1424265625236,979.5316
1424265625267,979.5316
1424265625304,979.5216
1424265625337,979.5416
1424265625368,979.5316
1424265625404,979.5216
1424265625437,979.5216
1424265625469,979.65155
1424265625504,979.70154
1424265625538,979.66156
1424265625571,979.6416
1424265625606,979.6716
1424265625639,979.71155
1424265625671,979.71155
1424265625726,979.7315
1424265625742,979.7615
1424265625774,979.7815
1424265625808,979.7915
1424265625843,979.7915
1424265625873,979.7815
1424265625908,979.7615
1424265625942,979.7415
1424265625975,979.7415
1424265626011,979.7815
1424265626043,979.81146
1424265626079,979.8315
1424265626109,979.84143
1424265626147,979.85144
1424265626194,979.81146
1424265626218,979.8914
1424265626243,979.7715
1424265626277,979.70154
1424265626311,979.6815
1424265626354,979.65155
1424265626379,979.66156
1424265626414,979.6815
1424265626449,979.6416
1424265626477,979.6216
1424265626512,979.5916
1424265626547,979.55164
1424265626578,979.5316
1424265626615,979.5316
1424265626648,979.5416
1424265626678,979.5416
1424265626713,979.5316
1424265626747,979.5216
1424265626780,979.5216
1424265626816,979.5216
1424265626877,979.5816
1424265626882,979.6416
1424265626935,979.6216
1424265626947,979.5916
1424265626979,979.5816
1424265627015,979.66156
1424265627049,979.6716
1424265627082,979.6216
1424265627117,979.6116
1424265627149,979.6815
1424265627181,979.7315
1424265627216,979.7515
1424265627250,979.7815
1424265627281,979.8215
1424265627317,979.8315
1424265627351,979.8015
1424265627382,979.7815
1424265627417,979.7715
1424265627451,979.84143
1424265627485,979.91144
1424265627522,979.9014
1424265627553,979.81146
1424265627587,979.7515
1424265627620,979.8215
1424265627662,979.7515
1424265627686,979.6815
1424265627722,979.6316
1424265627754,979.60156
1424265627788,979.5716
1424265627825,979.65155
1424265627857,979.6116
1424265627892,979.5916
1424265627925,979.56165
1424265627958,979.55164
1424265627990,979.5416
1424265628032,979.5316
1424265628067,979.55164
1424265628098,979.5716
1424265628193,979.66156
1424265628195,979.65155
1424265628196,979.71155
1424265628224,979.6815
1424265628259,979.71155
1424265628291,979.8015
1424265628331,979.71155
1424265628386,979.65155
1424265628396,979.7415
1424265628427,979.72156
1424265628458,979.6815
1424265628512,979.70154
1424265628525,979.7515
1424265628559,979.7415
1424265628592,979.7415
1424265628627,979.84143
1424265628659,980.0314
1424265628693,980.06134
1424265628729,979.9014
1424265628763,979.9514
1424265628796,979.84143
1424265628833,979.7315
1424265628878,979.65155
1424265628893,979.60156
1424265628931,979.6416
1424265628962,979.6316
1424265628995,979.6316
1424265629030,979.6216
1424265629063,979.5816
1424265629095,979.55164
1424265629131,979.5416
1424265629163,979.5416
1424265629197,979.6216
1424265629238,979.6416
1424265629327,979.66156
1424265629328,979.6815
1424265629332,979.6915
1424265629368,979.7315
1424265629399,979.66156
1424265629438,979.72156
1424265629469,979.7615
1424265629506,979.7615
1424265629551,979.7815
1424265629568,979.7715
1424265629607,979.7815
1424265629652,979.7915
1424265629670,979.7815
1424265629700,979.8015
1424265629736,980.0314
1424265629769,980.1513
1424265629801,980.0414
1424265629836,979.87146
1424265629869,979.9714
1424265629903,979.84143
1424265629937,979.71155
1424265629971,979.6416
1424265630003,979.60156
1424265630038,979.5716
1424265630072,979.56165
1424265630107,979.55164
1424265630139,979.5416
1424265630173,979.5416
1424265630204,979.56165
1424265630242,979.6915
1424265630280,979.7815
1424265630307,979.7815
1424265630395,979.7515
1424265630399,979.70154
1424265630489,979.6915
1424265630491,979.6815
1424265630493,979.8015
1424265630594,979.7615
1424265630595,979.70154
1424265630597,979.65155
1424265630627,979.65155
1424265630641,979.70154
1424265630677,979.7315
1424265630719,979.8215
1424265630745,980.23126
1424265630778,980.3112
1424265630810,980.1013
1424265630861,979.8914
1424265630880,979.8015
1424265630910,979.6815
1424265630950,979.5816
1424265630980,979.55164
1424265631025,979.51166
1424265631047,979.55164
1424265631103,979.60156
1424265631121,979.5816
1424265631147,979.55164
1424265631181,979.51166
1424265631218,979.71155
1424265631262,979.7515
1424265631305,979.81146
1424265631337,979.72156
1424265631364,979.6216
1424265631381,979.5916
1424265631413,979.65155
1424265631449,979.66156
1424265631482,979.5916
1424265631514,979.5916
1424265631549,979.5716
1424265631582,979.5916
1424265631615,979.6416
1424265631650,979.7615
1424265631685,980.12134
1424265631740,980.32117
1424265631757,980.2912
1424265631783,979.9814
1424265631816,980.06134
1424265631850,979.8815
1424265631887,979.70154
1424265631922,979.5916
1424265631958,979.5216
1424265631986,979.4717
1424265632018,979.4617
1424265632055,979.5416
1424265632087,979.60156
1424265632124,979.55164
1424265632178,979.70154
1424265632203,979.6416
1424265632221,979.7315
1424265632254,979.6416
1424265632287,979.56165
1424265632318,979.56165
1424265632355,979.65155
1424265632388,979.6416
1424265632420,979.5816
1424265632482,979.5216
1424265632488,979.4817
1424265632518,979.5716
1424265632554,979.7915
1424265632589,980.00134
1424265632621,979.8815
1424265632660,980.07135
1424265632689,979.84143
1424265632739,979.7415
1424265632764,979.6416
1424265632805,979.85144
1424265632834,979.9914
1424265632865,979.9214
1424265632889,979.7815
1424265632921,979.70154
1424265632957,979.6815
1424265632992,979.66156
1424265633025,979.6216
1424265633060,979.6216
1424265633093,979.6815
1424265633125,979.6815
1424265633160,979.6216
1424265633202,979.5416
1424265633226,979.50165
1424265633262,979.4617
1424265633319,979.4617
1424265633327,979.45166
1424265633360,979.5816
1424265633396,979.51166
1424265633450,979.4817
1424265633465,979.45166
1424265633495,979.4617
1424265633530,979.60156
1424265633564,979.9714
1424265633597,979.8815
1424265633639,979.7815
1424265633678,979.6815
1424265633697,979.6316
1424265633731,979.5916
1424265633766,979.6316
1424265633799,979.7515
1424265633831,979.7515
1424265633867,979.71155
1424265633911,979.65155
1424265633935,979.5816
1424265633969,979.5316
1424265634004,979.5216
1424265634051,979.5216
1424265634066,979.6216
1424265634108,979.5716
1424265634142,979.5216
1424265634178,979.50165
1424265634205,979.49164
1424265634232,979.51166
1424265634270,980.02136
1424265634328,979.9314
1424265634334,979.8315
1424265634371,979.72156
1424265634409,979.6815
1424265634434,979.6416
1424265634469,979.72156
1424265634505,979.81146
1424265634535,979.7715
1424265634570,979.6915
1424265634602,979.6116
1424265634634,979.55164
1424265634669,979.5216
1424265634703,979.50165
1424265634736,979.50165
1424265634771,979.5416
1424265634803,979.6216
1424265634836,979.5716
1424265634872,979.5416
1424265634905,979.55164
1424265634936,980.0414
1424265634974,980.02136
1424265635006,979.84143
1424265635037,979.7615
1424265635074,979.71155
1424265635113,979.66156
1424265635141,979.65155
1424265635176,979.7815
1424265635208,979.7615
1424265635245,979.70154
1424265635311,979.6316
1424265635315,979.5716
1424265635346,979.5416
1424265635374,979.5316
1424265635417,979.5416
1424265635441,979.66156
1424265635482,979.5816
1424265635511,979.5316
1424265635542,979.51166
1424265635577,979.51166
1424265635611,979.9914
1424265635648,980.07135
1424265635680,979.86145
1424265635713,979.7315
1424265635744,979.6815
1424265635781,979.72156
1424265635816,979.7315
1424265635865,979.84143
1424265635885,979.8215
1424265635911,979.72156
1424265635943,979.65155
1424265635980,979.5716
1424265636015,979.5316
1424265636052,979.5216
1424265636079,979.65155
1424265636112,979.65155
1424265636159,979.60156
1424265636186,979.5416
1424265636213,979.5216
1424265636250,979.5216
1424265636281,979.9614
1424265636316,980.22125
1424265636347,980.0314
1424265636386,979.84143
1424265636417,979.7315
1424265636455,979.72156
1424265636485,979.70154
1424265636520,979.8315
1424265636552,979.85144
1424265636582,979.7315
1424265636619,979.6316
1424265636649,979.5816
1424265636684,979.5416
1424265636718,979.5216
1424265636753,979.51166
1424265636786,979.55164
1424265636821,979.5716
1424265636850,979.5316
1424265636926,979.4717
1424265636930,979.4717
1424265637025,979.6815
1424265637026,979.9314
1424265637027,979.85144
1424265637052,979.7515
1424265637102,979.81146
1424265637121,979.8215
1424265637155,979.7715
1424265637195,979.9014
1424265637225,979.85144
1424265637253,979.71155
1424265637288,979.6416
1424265637325,979.5816
1424265637379,979.55164
1424265637391,979.51166
1424265637427,979.50165
1424265637456,979.5416
1424265637491,979.51166
1424265637523,979.49164
1424265637556,979.4817
1424265637591,979.4817
1424265637624,979.81146
1424265637657,979.9914
1424265637704,979.81146
1424265637750,979.7515
1424265637762,979.7815
1424265637791,979.7715
1424265637828,979.7415
1424265637861,979.87146
1424265637895,979.7715
1424265637931,979.71155
1424265637958,979.65155
1424265637995,979.5916
1424265638058,979.5316
1424265638060,979.51166
1424265638116,979.51166
1424265638131,979.50165
1424265638174,979.6316
1424265638199,979.5716
1424265638228,979.5316
1424265638265,979.5216
1424265638297,979.87146
1424265638338,980.00134
1424265638414,979.8315
1424265638415,979.7915
1424265638429,979.7315
1424265638462,979.7315
1424265638497,979.6716
1424265638532,979.8215
1424265638563,979.7415
1424265638601,979.65155
1424265638635,979.5716
1424265638692,979.5316
1424265638780,979.51166
1424265638781,979.50165
1424265638782,979.51166
1424265638798,979.5916
1424265638835,979.6915
1424265638869,979.60156
1424265638900,979.5316
1424265638935,979.5216
1424265638967,979.55164
1424265639000,980.0314
1424265639036,979.87146
1424265639071,979.7615
1424265639102,979.7715
1424265639139,979.7515
1424265639175,979.7315
1424265639219,979.8015
1424265639238,979.8215
1424265639270,979.71155
1424265639308,979.6316
1424265639337,979.5916
1424265639372,979.5316
1424265639413,979.51166
1424265639436,979.51166
1424265639467,979.7615
1424265639503,979.66156
1424265639544,979.60156
1424265639570,979.5416
1424265639606,979.5316
1424265639688,979.91144
1424265639695,980.12134
1424265639726,980.00134
1424265639739,979.8215
1424265639771,979.8914
1424265639807,979.8315
1424265639841,979.7915
1424265639873,979.85144
1424265639908,979.86145
1424265639943,979.7515
1424265639977,979.66156
1424265640010,979.5816
1424265640043,979.5416
1424265640074,979.5316
1424265640109,979.51166
1424265640144,979.7515
1424265640176,979.6416
1424265640212,979.55164
1424265640244,979.51166
1424265640275,979.50165
1424265640317,979.8015
1424265640346,980.07135
1424265640377,979.87146
1424265640413,979.7815
1424265640443,979.71155
1424265640476,979.7315
1424265640514,979.71155
1424265640546,979.8015
1424265640579,979.8015
1424265640623,979.6815
1424265640647,979.60156
1424265640680,979.5416
1424265640714,979.50165
1424265640752,979.50165
1424265640778,979.50165
1424265640812,979.66156
1424265640846,979.5816
1424265640880,979.50165
1424265640915,979.4817
1424265640949,979.4817
1424265640985,979.8015
1424265641021,979.9714
1424265641058,979.8215
1424265641098,979.7415
1424265641122,979.7915
1424265641159,979.7615
1424265641181,979.84143
1424265641216,979.9014
1424265641272,979.7715
1424265641282,979.6815
1424265641320,979.6116
1424265641356,979.55164
1424265641388,979.5216
1424265641417,979.50165
1424265641458,979.5816
1424265641485,979.5416
1424265641520,979.5216
1424265641556,979.4617
1424265641585,979.45166
1424265641620,979.4817
1424265641652,980.1113
1424265641689,980.00134
1424265641721,979.8315
1424265641756,979.8315
1424265641786,979.8215
1424265641821,979.7515
1424265641859,979.85144
1424265641892,979.8914
1424265641928,979.7415
1424265641958,979.66156
1424265641991,979.6216
1424265642024,979.5716
1424265642054,979.5416
1424265642088,979.5316
1424265642130,979.65155
1424265642166,979.5916
1424265642192,979.55164
1424265642226,979.5316
1424265642258,979.5216
1424265642291,979.5416
1424265642327,980.0314
1424265642359,979.87146
1424265642395,979.8015
1424265642432,979.81146
1424265642460,979.8015
1424265642494,979.72156
1424265642526,979.84143
1424265642557,979.84143
1424265642595,979.7615
1424265642637,979.66156
1424265642661,979.5816
1424265642692,979.5416
1424265642729,979.51166
1424265642760,979.51166
1424265642800,979.5816
1424265642828,979.6815
1424265642860,979.5916
1424265642891,979.5416
1424265642926,979.51166
1424265642963,979.55164
1424265642994,980.0314
1424265643029,979.85144
1424265643065,979.8315
1424265643096,979.8315
1424265643130,979.84143
1424265643166,979.7415
1424265643196,979.87146
1424265643236,979.81146
1424265643267,979.6915
1424265643298,979.65155
1424265643349,979.5816
1424265643368,979.5316
1424265643412,979.51166
1424265643437,979.50165
1424265643468,979.5916
1424265643526,979.56165
1424265643531,979.51166
1424265643567,979.4617
1424265643598,979.4617
1424265643636,979.65155
1424265643669,980.02136
1424265643705,979.85144
1424265643739,979.7415
1424265643770,979.71155
1424265643805,979.70154
1424265643882,979.6716
1424265643884,979.8215
1424265643927,979.8215
1424265643953,979.72156
1424265643971,979.6416
1424265644002,979.60156
1424265644035,979.56165
1424265644069,979.5416
1424265644102,979.5316
1424265644137,979.5316
1424265644172,979.5816
1424265644207,979.5316
1424265644238,979.4817
1424265644280,979.4817
1424265644309,979.86145
1424265644343,979.9514
1424265644371,979.8315
1424265644404,979.7515
1424265644439,979.8215
1424265644476,979.7715
1424265644508,979.7415
1424265644541,979.85144
1424265644573,979.7515
1424265644605,979.6815
1424265644667,979.6316
1424265644677,979.5816
1424265644713,979.56165
1424265644740,979.5416
1424265644777,979.5316
1424265644810,979.51166
1424265644845,979.49164
1424265644876,979.50165
1424265644907,979.50165
1424265644948,979.5216
1424265644982,980.0314
1424265645009,979.86145
1424265645045,979.8215
1424265645077,979.8015
1424265645109,979.7715
1424265645144,979.7315
1424265645182,979.86145
1424265645211,979.85144
1424265645250,979.7615
1424265645281,979.6815
1424265645310,979.6116
1424265645347,979.56165
1424265645389,979.5416
1424265645413,979.5416
1424265645447,979.5316
1424265645482,979.66156
1424265645512,979.5816
1424265645574,979.55164
1424265645588,979.5416
1424265645615,979.5716
1424265645649,979.9714
1424265645683,979.84143
1424265645714,979.7615
1424265645748,979.7415
1424265645789,979.6915
1424265645815,979.70154
1424265645854,979.8215
1424265645886,979.7415
1424265645923,979.6716
1424265645951,979.6216
1424265645982,979.5716
1424265646015,979.5316
1424265646051,979.5216
1424265646089,979.50165
1424265646118,979.50165
1424265646152,979.50165
1424265646188,979.5316
1424265646227,979.5416
1424265646261,979.72156
1424265646290,980.01135
1424265646319,979.9014
1424265646356,979.7915
1424265646390,979.84143
1424265646418,979.7815
1424265646489,979.81146
1424265646490,979.87146
1424265646520,979.84143
1424265646553,979.72156
1424265646588,979.6416
1424265646619,979.5916
1424265646658,979.55164
1424265646687,979.5316
1424265646721,979.5316
1424265646769,979.51166
1424265646798,979.5716
1424265646821,979.5316
1424265646854,979.50165
1424265646890,979.51166
1424265646924,979.9214
1424265646961,979.9514
1424265646992,979.8315
1424265647025,979.8015
1424265647059,979.8015
1424265647093,979.72156
1424265647125,979.7415
1424265647163,979.8215
1424265647238,979.7815
1424265647239,979.7415
1424265647270,979.6716
1424265647294,979.60156
1424265647326,979.56165
1424265647361,979.55164
1424265647396,979.5416
1424265647428,979.5816
1424265647462,979.5316
1424265647495,979.4717
1424265647528,979.4717
1424265647563,979.4817
1424265647594,979.7915
1424265647629,980.00134
1424265647666,979.85144
1424265647698,979.84143
1424265647729,979.85144
1424265647769,979.8215
1424265647794,979.8215
1424265647828,979.8815
1424265647863,979.81146
1424265647899,979.7315
1424265647929,979.66156
1424265647967,979.6116
1424265648001,979.56165
1424265648034,979.5316
1424265648080,979.5816
1424265648099,979.56165
1424265648130,979.6716
1424265648164,979.5716
1424265648201,979.5316
1424265648233,979.55164
1424265648266,980.16125
1424265648303,980.06134
1424265648332,979.86145
1424265648389,979.7815
1424265648432,979.7915
1424265648432,979.7415
1424265648475,979.84143
1424265648503,979.85144
1424265648534,979.7415
1424265648571,979.65155
1424265648622,979.5816
1424265648632,979.56165
1424265648670,979.5416
1424265648702,979.5416
1424265648735,979.70154
1424265648771,979.6216
1424265648804,979.56165
1424265648839,979.5316
1424265648871,979.5416
1424265648911,980.1113
1424265648938,980.00134
1424265648973,979.8815
1424265649012,979.9214
1424265649036,979.9914
1424265649078,979.86145
1424265649107,979.8215
1424265649138,979.8815
1424265649173,979.8315
1424265649210,979.7315
1424265649265,979.6316
1424265649283,979.5716
1424265649309,979.5416
1424265649339,979.5316
1424265649379,979.6716
1424265649407,979.6316
1424265649439,979.5816
1424265649475,979.51166
1424265649511,979.51166
1424265649540,979.50165
1424265649577,980.00134
1424265649610,979.86145
1424265649649,979.8215
1424265649676,979.87146
1424265649748,979.8015
1424265649749,979.7715
1424265649778,979.8315
1424265649809,979.8215
1424265649847,979.72156
1424265649877,979.6316
1424265649912,979.5916
1424265649943,979.5316
1424265649982,979.51166
1424265650014,979.50165
1424265650045,979.4817
1424265650079,979.6416
1424265650112,979.55164
1424265650152,979.51166
1424265650184,979.50165
1424265650235,979.9614
1424265650278,979.86145
1424265650290,979.7415
1424265650315,979.7615
1424265650344,979.7315
1424265650383,979.6716
1424265650417,979.6716
1424265650446,979.7515
1424265650483,979.7315
1424265650540,979.65155
1424265650587,979.60156
1424265650588,979.5416
1424265650648,979.5216
1424265650649,979.50165
1424265650688,979.51166
1424265650717,979.5716
1424265650756,979.6815
1424265650782,979.5916
1424265650821,979.55164
1424265650855,979.5316
1424265650892,980.0813
1424265650920,979.9014
1424265650955,979.7915
1424265650994,979.8315
1424265651018,979.7615
1424265651053,979.7315
1424265651088,979.7915
1424265651123,979.7915
1424265651155,979.7315
1424265651186,979.6316
1424265651222,979.56165
1424265651258,979.51166
1424265651300,979.50165
1424265651328,979.49164
1424265651377,979.4817
1424265651387,979.65155
1424265651420,979.56165
1424265651453,979.51166
1424265651488,979.49164
1424265651524,979.49164
1424265651557,980.00134
1424265651595,979.86145
1424265651625,979.8215
1424265651657,979.7815
1424265651711,979.71155
1424265651725,979.6915
1424265651759,979.81146
1424265651798,979.7615
1424265651833,979.65155
1424265651873,979.6116
1424265651909,979.55164
1424265651931,979.51166
1424265651960,979.51166
1424265651997,979.6116
1424265652026,979.6116
1424265652068,979.55164
1424265652093,979.51166
1424265652156,979.49164
1424265652157,979.51166
1424265652193,979.9914
1424265652227,980.02136
1424265652259,979.85144
1424265652298,979.7715
1424265652330,979.71155
1424265652362,979.70154
1424265652397,979.7715
1424265652431,979.8315
1424265652463,979.7315
1424265652495,979.6716
1424265652530,979.6316
1424265652562,979.60156
1424265652604,979.56165
1424265652640,979.5316
1424265652663,979.5316
1424265652698,979.81146
1424265652732,979.6915
1424265652764,979.6316
1424265652802,979.56165
1424265652840,979.55164
1424265652866,979.9714
1424265652901,979.8215
1424265652937,979.81146
1424265652966,979.7915
1424265653006,979.7315
1424265653035,979.72156
1424265653069,979.85144
1424265653102,979.81146
1424265653135,979.7415
1424265653167,979.6716
1424265653203,979.60156
1424265653236,979.55164
1424265653267,979.5316
1424265653315,979.5416
1424265653336,979.5316
1424265653365,979.5916
1424265653401,979.5416
1424265653447,979.5316
1424265653472,979.5216
1424265653504,979.9914
1424265653536,979.87146
1424265653568,979.7615
1424265653604,979.7815
1424265653638,979.7615
1424265653670,979.71155
1424265653709,979.7715
1424265653738,979.7815
1424265653770,979.6716
1424265653805,979.6216
1424265653838,979.5916
1424265653872,979.55164
1424265653912,979.5316
1424265653958,979.5316
1424265653974,979.56165
1424265654005,979.5916
1424265654039,979.6316
1424265654072,979.5716
1424265654108,979.5416
1424265654141,979.5416
1424265654173,980.06134
1424265654213,979.9514
1424265654241,979.8914
1424265654281,979.87146
1424265654314,979.7815
1424265654349,979.81146
1424265654381,979.87146
1424265654409,979.87146
1424265654443,979.7615
1424265654475,979.71155
1424265654529,979.65155
1424265654563,979.5916
1424265654577,979.5416
1424265654614,979.5216
1424265654644,979.5416
1424265654679,979.71155
1424265654711,979.65155
1424265654761,979.5416
1424265654779,979.51166
1424265654812,979.8815
1424265654856,979.9714
1424265654908,979.86145
1424265654921,979.8315
1424265654954,979.7715
1424265654980,979.71155
1424265655016,979.72156
1424265655049,979.8015
1424265655081,979.7515
1424265655114,979.66156
1424265655152,979.5916
1424265655184,979.5316
1424265655222,979.50165
1424265655248,979.49164
1424265655283,979.5416
1424265655318,979.56165
1424265655350,979.5216
1424265655388,979.4617
1424265655424,979.4617
1424265655449,979.4617
1424265655485,980.0414
1424265655519,979.8815
1424265655550,979.8315
1424265655584,979.84143
1424265655619,979.8015
1424265655652,979.7315
1424265655687,979.7915
1424265655721,979.81146
1424265655757,979.7415
1424265655792,979.6815
1424265655820,979.60156
1424265655853,979.5416
1424265655893,979.5316
1424265655920,979.56165
1424265655956,979.5416
1424265655987,979.6915
1424265656021,979.5816
1424265656053,979.50165
1424265656087,979.50165
1424265656121,980.07135
1424265656156,979.9714
1424265656187,979.8015
1424265656222,979.7815
1424265656259,979.8015
1424265656305,979.7415
1424265656329,979.7415
1424265656357,979.7915
1424265656393,979.7815
1424265656423,979.6915
1424265656459,979.60156
1424265656491,979.56165
1424265656528,979.5216
1424265656560,979.50165
1424265656594,979.50165
1424265656626,979.5216
1424265656661,979.49164
1424265656692,979.4617
1424265656731,979.4217
1424265656761,979.44165
1424265656802,979.8815
1424265656829,980.06134
1424265656860,979.9214
1424265656891,979.8015
1424265656927,979.7515
1424265656961,979.70154
1424265656992,979.7715
1424265657038,979.8315
1424265657062,979.7615
1424265657099,979.6815
1424265657129,979.6216
1424265657176,979.56165
1424265657207,979.5316
1424265657230,979.51166
1424265657263,979.65155
1424265657298,979.6416
1424265657332,979.5716
1424265657363,979.5316
1424265657395,979.5216
1424265657433,979.60156
1424265657483,980.00134
1424265657503,979.84143
1424265657532,979.84143
1424265657566,979.8215
1424265657596,979.8015
1424265657634,979.7315
1424265657667,979.8015
1424265657705,979.84143
1424265657733,979.7615
1424265657770,979.70154
1424265657798,979.6116
1424265657835,979.55164
1424265657869,979.50165
1424265657900,979.50165
1424265657937,979.55164
1424265657973,979.50165
1424265658006,979.4717
1424265658037,979.4317
1424265658069,979.44165
1424265658103,979.44165
1424265658138,980.1013
1424265658168,979.9214
1424265658200,979.7915
1424265658239,979.7615
1424265658269,979.7415
1424265658306,979.72156
1424265658340,979.8015
1424265658372,979.7815
1424265658401,979.6815
1424265658442,979.6216
1424265658472,979.60156
1424265658509,979.55164
1424265658542,979.5216
1424265658571,979.60156
1424265658602,979.70154
1424265658638,979.60156
1424265658673,979.55164
1424265658705,979.5216
1424265658745,979.5316
1424265658778,980.0913
1424265658806,980.01135
1424265658839,979.8815
1424265658874,979.8815
1424265658906,979.8815
1424265658943,979.8015
1424265658974,979.7615
1424265659007,979.8015
1424265659052,979.7715
1424265659095,979.72156
1424265659116,979.6416
1424265659146,979.56165
1424265659177,979.51166
1424265659215,979.50165
1424265659246,979.6216
1424265659276,979.65155
1424265659310,979.55164
1424265659343,979.5216
1424265659377,979.50165
1424265659408,979.49164
1424265659444,980.05133
1424265659478,980.06134
1424265659510,979.91144
1424265659548,979.8215
1424265659598,979.7315
1424265659633,979.6915
1424265659649,979.7615
1424265659682,979.7615
1424265659712,979.72156
1424265659749,979.65155
1424265659782,979.5716
1424265659830,979.5216
1424265659850,979.4817
1424265659880,979.4817
1424265659915,979.4717
1424265659946,979.66156
1424265659981,979.6116
1424265660017,979.5216
1424265660048,979.49164
1424265660086,979.4817
1424265660113,980.06134
1424265660147,979.9514
1424265660182,979.7915
1424265660214,979.7915
1424265660249,979.7315
1424265660283,979.6915
1424265660315,979.7415
1424265660351,979.7715
1424265660384,979.6815
1424265660415,979.6316
1424265660451,979.56165
1424265660484,979.5216
1424265660518,979.50165
1424265660551,979.51166
1424265660586,979.6316
1424265660640,979.7315
1424265660655,979.60156
1424265660685,979.51166
1424265660720,979.49164
1424265660755,979.91144
1424265660789,979.9714
1424265660821,979.85144
1424265660855,979.7415
1424265660891,979.7515
1424265660922,979.71155
1424265660966,979.7315
1424265660991,979.7915
1424265661028,979.7415
1424265661057,979.6416
1424265661088,979.5716
1424265661121,979.5216
1424265661159,979.49164
1424265661193,979.49164
1424265661222,979.49164
1424265661259,979.51166
1424265661294,979.5916
1424265661330,979.5416
1424265661359,979.4817
1424265661394,979.4717
1424265661427,979.7715
1424265661459,979.9014
1424265661495,979.7715
1424265661532,979.7315
1424265661567,979.7615
1424265661591,979.6716
1424265661632,979.71155
1424265661664,979.7315
1424265661693,979.6815
1424265661725,979.6416
1424265661760,979.5916
1424265661795,979.5416
1424265661830,979.5216
1424265661864,979.5216
1424265661897,979.51166
1424265661940,979.8215
1424265661962,979.70154
1424265661996,979.6316
1424265662031,979.5816
1424265662064,979.56165
1424265662098,979.9914
1424265662133,979.8315
1424265662175,979.8015
1424265662198,979.7415
1424265662231,979.71155
1424265662265,979.66156
1424265662298,979.81146
1424265662330,979.7915
1424265662369,979.6915
1424265662400,979.6216
1424265662432,979.5816
1424265662469,979.5416
1424265662512,979.51166
1424265662538,979.49164
1424265662567,979.4817
1424265662605,979.6216
1424265662639,979.56165
1424265662677,979.5316
1424265662704,979.5216
1424265662736,979.8015
1424265662770,979.9214
1424265662804,979.7815
1424265662836,979.8215
1424265662881,979.7515
1424265662904,979.6815
1424265662934,979.7315
1424265662969,979.84143
1424265663004,979.7515
1424265663037,979.6716
1424265663072,979.6216
1424265663106,979.5716
1424265663143,979.5416
1424265663170,979.5216
1424265663205,979.50165
1424265663237,979.6316
1424265663277,979.5716
1424265663309,979.5716
1424265663338,979.55164
1424265663375,979.55164
1424265663405,980.01135
1424265663447,979.85144
1424265663473,979.85144
1424265663506,979.8315
1424265663552,979.7815
1424265663575,979.71155
1424265663608,979.8015
1424265663639,979.7515
1424265663673,979.6716
1424265663709,979.6116
1424265663749,979.5716
1424265663779,979.5316
1424265663815,979.5216
1424265663890,979.5216
1424265663892,979.5216
1424265663967,979.5816
1424265663967,979.5316
1424265663976,979.50165
1424265664009,979.51166
1424265664044,979.60156
1424265664083,979.91144
1424265664111,979.7915
1424265664145,979.8315
1424265664201,979.7515
1424265664218,979.71155
1424265664242,979.7815
1424265664283,979.81146
1424265664315,979.70154
1424265664350,979.66156
1424265664392,979.6216
1424265664415,979.5816
1424265664444,979.56165
1424265664480,979.56165
1424265664517,979.5416
1424265664546,979.56165
1424265664579,979.5416
1424265664617,979.5216
1424265664647,979.5216
1424265664682,980.0314
1424265664715,980.00134
1424265664755,979.8914
1424265664790,979.81146
1424265664835,979.8015
1424265664856,979.7515
1424265664882,979.7915
1424265664916,979.85144
1424265664949,979.7415
1424265665037,979.72156
1424265665038,979.6716
1424265665047,979.60156
1424265665083,979.55164
1424265665117,979.5416
1424265665149,979.5416
1424265665185,979.5216
1424265665219,979.50165
1424265665252,979.49164
1424265665288,979.49164
1424265665332,979.49164
1424265665353,979.9014
1424265665387,979.86145
1424265665419,979.7515
1424265665453,979.7515
1424265665509,979.72156
1424265665526,979.70154
1424265665554,979.7615
1424265665594,979.7715
1424265665622,979.70154
1424265665655,979.66156
1424265665693,979.6216
1424265665723,979.5816
1424265665764,979.55164
1424265665800,979.5416
1424265665825,979.55164
1424265665855,979.5416
1424265665890,979.6316
1424265665923,979.5816
1424265665957,979.56165
1424265665996,979.56165
1424265666027,980.00134
1424265666069,979.86145
1424265666131,979.85144
1424265666134,979.7915
1424265666170,979.7815
1424265666194,979.70154
1424265666244,979.7815
1424265666264,979.7515
1424265666298,979.6815
1424265666328,979.6216
1424265666363,979.5916
1424265666399,979.56165
1424265666429,979.55164
1424265666466,979.5416
1424265666495,979.5416
1424265666533,979.66156
1424265666568,979.6116
1424265666600,979.56165
1424265666638,979.55164
1424265666678,979.5716
1424265666698,980.0314
1424265666737,979.86145
1424265666763,979.7415
1424265666800,979.7615
1424265666835,979.70154
1424265666863,979.72156
1424265666899,979.8315
1424265666945,979.7615
1424265666964,979.71155
1424265666997,979.70154
1424265667031,979.65155
1424265667063,979.6116
1424265667100,979.56165
1424265667146,979.55164
1424265667171,979.72156
1424265667200,979.8315
1424265667236,979.72156
1424265667276,979.60156
1424265667298,979.56165
1424265667335,979.86145
1424265667367,979.9414
1424265667400,979.86145
1424265667440,979.86145
1424265667470,979.8215
1424265667511,979.7515
1424265667536,979.70154
1424265667566,979.7315
1424265667604,979.7615
1424265667639,979.72156
1424265667674,979.6416
1424265667707,979.56165
1424265667735,979.5216
1424265667769,979.51166
1424265667808,979.50165
1424265667839,979.49164
1424265667869,979.4717
1424265667910,979.4317
1424265667945,979.40173
1424265667973,979.4317
1424265668008,979.7515
1424265668076,979.9814
1424265668079,979.81146
1424265668169,979.7615
1424265668171,979.7315
1424265668174,979.6915
1424265668210,979.72156
1424265668240,979.81146
1424265668271,979.7715
1424265668322,979.6716
1424265668344,979.6116
1424265668375,979.55164
1424265668412,979.5316
1424265668460,979.51166
1424265668474,979.55164
1424265668509,979.5716
1424265668544,979.6716
1424265668576,979.56165
1424265668610,979.5216
1424265668646,979.55164
1424265668680,980.05133
1424265668709,979.8914
1424265668792,979.7515
1424265668796,979.7915
1424265668884,979.7715
1424265668886,979.71155
1424265668887,979.71155
1424265668917,979.7715
1424265668945,979.70154
1424265668983,979.6316
1424265669013,979.5916
1424265669070,979.5216
1424265669086,979.50165
1424265669117,979.51166
1424265669150,979.6316
1424265669185,979.5816
1424265669224,979.5316
1424265669256,979.4817
1424265669278,979.4717
1424265669316,979.49164
1424265669349,980.0913
1424265669380,979.9714
1424265669415,979.81146
1424265669448,979.81146
1424265669484,979.7715
1424265669516,979.7315
1424265669551,979.7715
1424265669580,979.8315
1424265669616,979.7515
1424265669649,979.65155
1424265669688,979.5916
1424265669724,979.55164
1424265669757,979.5316
1424265669785,979.5316
1424265669818,979.6416
1424265669892,979.81146
1424265669894,979.71155
1424265669926,979.5416
1424265669951,979.51166
1424265669985,979.51166
1424265670019,980.1113
1424265670054,979.8914
1424265670095,979.85144
1424265670139,979.8215
1424265670155,979.7515
1424265670185,979.7315
1424265670225,979.81146
1424265670255,979.7715
1424265670287,979.71155
1424265670331,979.65155
1424265670362,979.5916
1424265670388,979.55164
1424265670423,979.5216
1424265670493,979.50165
1424265670496,979.71155
1424265670550,979.6316
1424265670606,979.5416
1424265670608,979.50165
1424265670636,979.49164
1424265670658,979.81146
1424265670692,979.9514
1424265670724,979.8315
1424265670757,979.8315
1424265670791,979.8315
1424265670831,979.7915
1424265670858,979.7415
1424265670896,979.81146
1424265670925,979.7515
1424265670960,979.7315
1424265671012,979.6815
1424265671033,979.5916
1424265671063,979.5316
1424265671091,979.4817
1424265671126,979.50165
1424265671173,979.5216
1424265671192,979.5816
1424265671264,979.5216
1424265671266,979.50165
1424265671294,979.49164
1424265671329,979.9714
1424265671362,979.9214
1424265671392,979.7715
1424265671430,979.81146
1424265671467,979.7715
1424265671497,979.7415
1424265671536,979.7515
1424265671564,979.86145
1424265671603,979.7415
1424265671636,979.66156
1424265671670,979.5916
1424265671701,979.5416
1424265671757,979.49164
1424265671769,979.4717
1424265671804,979.4617
1424265671831,979.51166
1424265671868,979.55164
1424265671905,979.50165
1424265671935,979.4617
1424265671967,979.4617
1424265671999,979.9314
1424265672039,979.8015
1424265672070,979.72156
1424265672125,979.7515
1424265672140,979.6716
1424265672166,979.6316
1424265672199,979.66156
1424265672236,979.7615
1424265672272,979.65155
1424265672311,979.5816
1424265672337,979.55164
1424265672375,979.50165
1424265672402,979.49164
1424265672436,979.49164
1424265672472,979.51166
1424265672510,979.70154
1424265672537,979.6216
1424265672570,979.56165
1424265672602,979.5216
1424265672644,979.5216
1424265672671,979.91144
1424265672708,979.7715
1424265672739,979.8215
1424265672772,979.7715
1424265672805,979.70154
1424265672844,979.6416
1424265672875,979.7515
1424265672905,979.6915
1424265672939,979.6416
1424265672972,979.60156
1424265673006,979.56165
1424265673044,979.5316
1424265673077,979.5316
1424265673106,979.5316
1424265673141,979.51166
1424265673193,979.5816
1424265673240,979.5316
1424265673242,979.49164
1424265673277,979.49164
1424265673308,979.8315
1424265673345,979.9814
1424265673398,979.8215
1424265673430,979.7415
1424265673458,979.7615
1424265673476,979.7415
1424265673508,979.72156
1424265673545,979.8015
1424265673585,979.70154
1424265673612,979.6416
1424265673643,979.6216
1424265673679,979.5916
1424265673713,979.55164
1424265673745,979.51166
1424265673779,979.51166
1424265673809,979.49164
1424265673852,979.66156
1424265673881,979.5916
1424265673911,979.55164
1424265673950,979.55164
1424265673982,979.84143
1424265674068,979.7615
1424265674069,979.81146
1424265674094,979.7715
1424265674111,979.6915
1424265674147,979.65155
1424265674183,979.7815
1424265674212,979.7815
1424265674247,979.6716
1424265674282,979.6116
1424265674314,979.5716
1424265674351,979.5316
1424265674383,979.51166
1424265674414,979.51166
1424265674450,979.5316
1424265674488,979.7915
1424265674532,979.6815
1424265674563,979.6416
1424265674585,979.5916
1424265674653,979.5716
1424265674656,980.1113
1424265674691,979.9614
1424265674718,979.86145
1424265674754,979.8015
1424265674789,979.7415
1424265674817,979.6915
1424265674853,979.7715
1424265674891,979.7815
1424265674924,979.7315
1424265674952,979.66156
1424265674987,979.60156
1424265675019,979.5416
1424265675056,979.5316
1424265675096,979.5316
1424265675122,979.7315
1424265675165,979.65155
1424265675232,979.5716
1424265675233,979.5216
1424265675257,979.51166
1424265675289,979.66156
1424265675321,980.07135
1424265675356,979.9014
1424265675391,979.7715
1424265675423,979.7715
1424265675466,979.72156
1424265675489,979.7315
1424265675530,979.81146
1424265675558,979.7915
1424265675598,979.6716
1424265675624,979.6216
1424265675661,979.5716
1424265675694,979.5416
1424265675725,979.5416
1424265675760,979.5716
1424265675793,979.6116
1424265675828,979.6416
1424265675864,979.56165
1424265675894,979.50165
1424265675926,979.51166
1424265675961,980.01135
1424265675997,980.01135
1424265676027,979.84143
1424265676063,979.81146
1424265676096,979.84143
1424265676129,979.8015
1424265676163,979.7515
1424265676197,979.81146
1424265676228,979.7815
1424265676264,979.6815
1424265676300,979.60156
1424265676329,979.56165
1424265676366,979.5216
1424265676398,979.5216
1424265676431,979.5216
1424265676465,979.8015
1424265676499,979.66156
1424265676534,979.5816
1424265676569,979.5216
1424265676601,979.5216
1424265676631,980.07135
1424265676666,979.9614
1424265676699,979.85144
1424265676736,979.8015
1424265676774,979.7315
1424265676805,979.6915
1424265676833,979.7415
1424265676867,979.7715
1424265676901,979.6915
1424265676936,979.6416
1424265676982,979.60156
1424265677000,979.55164
1424265677033,979.5316
1424265677068,979.51166
1424265677104,979.50165
1424265677136,979.65155
1424265677171,979.5816
1424265677210,979.5416
1424265677235,979.5316
1424265677278,979.55164
1424265677312,979.9414
1424265677337,979.8015
1424265677373,979.7815
1424265677408,979.7615
1424265677438,979.70154
1424265677472,979.6716
1424265677506,979.7815
1424265677538,979.72156
1424265677574,979.66156
1424265677607,979.6416
1424265677638,979.5816
1424265677677,979.5416
1424265677709,979.5316
1424265677740,979.5316
1424265677776,979.51166
1424265677809,979.5416
1424265677840,979.5216
1424265677880,979.51166
1424265677908,979.5416
1424265677945,980.02136
1424265677976,979.9014
1424265678006,979.7815
1424265678046,979.7915
1424265678083,979.7915
1424265678111,979.7315
1424265678142,979.7615
1424265678183,979.8315
1424265678212,979.7315
1424265678245,979.6716
1424265678279,979.6116
1424265678314,979.5816
1424265678343,979.56165
1424265678380,979.55164
1424265678416,979.6216
1424265678444,979.8315
1424265678482,979.71155
1424265678511,979.66156
1424265678544,979.60156
1424265678582,979.65155
1424265678612,979.85144
1424265678646,979.7815
1424265678685,979.8315
1424265678724,979.7615
1424265678748,979.7515
1424265678781,979.7715
1424265678815,979.87146
1424265678854,979.8015
1424265678888,979.6915
1424265678919,979.6316
1424265678953,979.5916
1424265678986,979.55164
1424265679015,979.5416
1424265679047,979.5416
1424265679083,979.55164
1424265679117,979.5716
1424265679148,979.55164
1424265679188,979.5416
1424265679217,979.55164
1424265679248,980.00134
1424265679285,979.9014
1424265679324,979.7715
1424265679350,979.8315
1424265679399,979.7515
1424265679418,979.70154
1424265679450,979.7315
1424265679491,979.8215
1424265679520,979.71155
1424265679564,979.66156
1424265679591,979.6216
1424265679621,979.5816
1424265679651,979.5416
1424265679687,979.5316
1424265679740,979.51166
1424265679755,979.5316
1424265679794,979.7815
1424265679822,979.66156
1424265679854,979.5916
1424265679891,979.56165
1424265679924,979.7315
1424265679961,979.9414
1424265679993,979.8015
1424265680024,979.70154
1424265680058,979.71155
1424265680107,979.6915
1424265680127,979.6716
1424265680156,979.7515
1424265680196,979.7715
1424265680250,979.71155
1424265680257,979.6716
1424265680294,979.6116
1424265680325,979.56165
1424265680359,979.5416
1424265680397,979.55164
1424265680429,979.60156
1424265680461,979.87146
1424265680498,979.7715
1424265680528,979.65155
1424265680567,979.5716
1424265680600,979.5416
1424265680627,979.55164
1424265680658,980.17126
1424265680695,980.1313
1424265680729,979.91144
1424265680759,979.7715
1424265680794,979.7315
1424265680828,979.6815
1424265680862,979.72156
1424265680904,979.8015
1424265680930,979.7415
1424265680961,979.6915
1424265680998,979.6416
1424265681040,979.5916
1424265681076,979.55164
1424265681109,979.5216
1424265681131,979.5216
1424265681163,979.6416
1424265681198,979.5816
1424265681236,979.5416
1424265681276,979.51166
1424265681297,979.51166
1424265681332,979.9614
1424265681365,979.8914
1424265681400,979.7815
1424265681436,979.8015
1424265681472,979.84143
1424265681510,979.7515
1424265681541,979.7515
1424265681568,979.8315
1424265681602,979.7915
1424265681636,979.72156
1424265681676,979.66156
1424265681703,979.60156
1424265681761,979.56165
1424265681801,979.5416
1424265681804,979.5416
1424265681844,979.9314
1424265681867,979.8315
1424265681902,979.6716
1424265681938,979.5916
1424265681974,979.5716
1424265682036,979.9314
1424265682038,979.8215
1424265682084,979.72156
1424265682107,979.7815
1424265682137,979.7515
1424265682168,979.6915
1424265682210,979.7815
1424265682238,979.8015
1424265682271,979.6815
1424265682306,979.6216
1424265682343,979.56165
1424265682383,979.5316
1424265682415,979.51166
1424265682442,979.50165
1424265682474,979.5316
1424265682507,979.7315
1424265682557,979.6216
1424265682577,979.5716
1424265682615,979.56165
1424265682642,979.8315
1424265682681,980.0314
1424265682708,979.86145
1424265682741,979.8315
1424265682775,979.8315
1424265682808,979.7715
1424265682844,979.7815
1424265682878,979.84143
1424265682925,979.72156
1424265682946,979.6716
1424265682976,979.6216
1424265683011,979.56165
1424265683044,979.5316
1424265683078,979.5216
1424265683114,979.5416
1424265683146,979.5216
1424265683178,979.5216
1424265683214,979.4717
1424265683274,979.4817
1424265683302,979.50165
1424265683315,979.86145
1424265683345,979.86145
1424265683379,979.7515
1424265683411,979.8015
1424265683446,979.7315
1424265683484,979.7515
1424265683524,979.8015
1424265683548,979.7815
1424265683585,979.6915
1424265683614,979.6316
1424265683651,979.5916
1424265683688,979.5416
1424265683721,979.51166
1424265683748,979.5416
1424265683782,979.5316
1424265683836,979.50165
1424265683868,979.4717
1424265683882,979.4617
1424265683925,979.50165
1424265683952,979.9814
1424265683984,979.9614
1424265684023,979.8215
1424265684053,979.8215
1424265684083,979.7815
1424265684117,979.72156
1424265684153,979.7615
1424265684190,979.7915
1424265684222,979.7615
1424265684254,979.70154
1424265684284,979.6216
1424265684340,979.56165
1424265684356,979.5416
1424265684440,979.5216
1424265684442,979.56165
1424265684464,979.60156
1424265684486,979.5416
1424265684519,979.4817
1424265684555,979.4817
1424265684592,979.50165
1424265684622,980.01135
1424265684655,980.0314
1424265684688,979.9014
1424265684735,979.7615
1424265684758,979.7415
1424265684807,979.72156
1424265684823,979.8015
1424265684857,979.9014
1424265684889,979.81146
1424265684923,979.72156
1424265684965,979.6716
1424265684991,979.60156
1424265685064,979.56165
1424265685066,979.5316
1424265685101,979.5316
1424265685126,979.5216
1424265685157,979.6416
1424265685191,979.56165
1424265685232,979.50165
1424265685260,979.51166
1424265685300,979.9214
1424265685330,980.00134
1424265685362,979.84143
1424265685392,979.7615
1424265685427,979.7815
1424265685463,979.71155
1424265685497,979.66156
1424265685533,979.7315
1424265685564,979.7715
1424265685594,979.72156
1424265685629,979.66156
1424265685664,979.5716
1424265685702,979.51166
1424265685737,979.4817
1424265685765,979.49164
1424265685794,979.51166
1424265685830,979.66156
1424265685865,979.5916
1424265685897,979.55164
1424265685933,979.51166
1424265685971,979.50165
1424265685999,979.72156
1424265686032,980.00134
1424265686065,979.8215
1424265686099,979.8015
1424265686140,979.7615
1424265686167,979.72156
1424265686216,979.6716
1424265686234,979.7415
1424265686268,979.8015
1424265686300,979.7515
1424265686346,979.6716
1424265686371,979.6116
1424265686401,979.55164
1424265686436,979.5316
1424265686468,979.5316
1424265686508,979.5416
1424265686537,979.7515
1424265686567,979.65155
1424265686604,979.55164
1424265686642,979.49164
1424265686670,979.4817
1424265686704,979.51166
1424265686735,980.1513
1424265686770,979.9914
1424265686806,979.8815
1424265686839,979.8315
1424265686873,979.8015
1424265686904,979.72156
1424265686943,979.7915
1424265686976,979.8015
1424265687002,979.7915
1424265687039,979.72156
1424265687074,979.6116
1424265687107,979.5316
1424265687139,979.49164
1424265687174,979.4717
1424265687215,979.5316
1424265687241,979.5716
1424265687279,979.55164
1424265687309,979.4817
1424265687341,979.4817
1424265687374,979.4817
1424265687406,979.9314
1424265687441,979.9214
1424265687480,979.81146
1424265687509,979.7815
1424265687545,979.7315
1424265687577,979.6815
1424265687609,979.7515
1424265687649,979.8315
1424265687687,979.7315
1424265687712,979.6716
1424265687750,979.6116
1424265687797,979.55164
1424265687831,979.50165
1424265687862,979.50165
1424265687883,979.50165
1424265687914,979.71155
1424265687946,979.6416
1424265687979,979.5416
1424265688011,979.4617
1424265688047,979.45166
1424265688101,979.4817
1424265688122,980.01135
1424265688201,979.9314
1424265688204,979.7815
1424265688229,979.7715
1424265688246,979.7915
1424265688280,979.7315
1424265688318,979.70154
1424265688349,979.7715
1424265688384,979.6915
1424265688419,979.65155
1424265688449,979.6316
1424265688493,979.5916
1424265688514,979.5416
1424265688547,979.50165
1424265688583,979.50165
1424265688615,979.7515
1424265688652,979.7615
1424265688686,979.6316
1424265688738,979.5316
1424265688758,979.50165
1424265688783,979.5716
1424265688823,980.0913
1424265688857,979.91144
1424265688883,979.7515
1424265688916,979.7615
1424265688955,979.7315
1424265688985,979.6716
1424265689047,979.72156
1424265689065,979.7515
1424265689085,979.6915
1424265689117,979.65155
1424265689151,979.5816
1424265689185,979.5416
1424265689217,979.51166
1424265689254,979.51166
1424265689289,979.84143
1424265689321,979.7515
1424265689356,979.6216
1424265689391,979.5816
1424265689436,979.55164
1424265689460,979.5216
1424265689491,979.9214
1424265689591,979.9914
1424265689593,979.87146
1424265689596,979.8015
1424265689624,979.7515
1424265689661,979.71155
1424265689705,979.65155
1424265689728,979.72156
1424265689759,979.70154
1424265689799,979.66156
1424265689823,979.5916
1424265689860,979.5316
1424265689897,979.50165
1424265689928,979.49164
1424265689960,979.4817
1424265689997,979.6815
1424265690033,979.6316
1424265690059,979.56165
1424265690096,979.4717
1424265690129,979.45166
1424265690161,979.4617
1424265690197,979.9714
1424265690227,979.8914
1424265690261,979.7515
1424265690324,979.7715
1424265690344,979.72156
1424265690361,979.6216
1424265690394,979.72156
1424265690428,979.81146
1424265690483,979.70154
1424265690504,979.6116
1424265690529,979.56165
1424265690567,979.5316
1424265690602,979.50165
1424265690636,979.4717
1424265690690,979.4817
1424265690698,979.6815
1424265690730,979.5816
1424265690772,979.51166
1424265690817,979.49164
1424265690829,979.4817
1424265690864,979.9314
1424265690899,979.7715
1424265690930,979.6915
1424265690973,979.70154
1424265691001,979.6716
1424265691032,979.6716
1424265691068,979.6815
1424265691103,979.8215
1424265691137,979.8215
1424265691174,979.6815
1424265691201,979.60156
1424265691236,979.5316
1424265691269,979.49164
1424265691305,979.4817
1424265691334,979.4717
1424265691369,979.5216
1424265691405,979.9014
1424265691437,979.72156
1424265691472,979.5916
1424265691502,979.55164
1424265691534,979.5316
1424265691570,979.9814
1424265691607,979.8215
1424265691642,979.7915
1424265691672,979.7815
1424265691705,979.72156
1424265691736,979.6815
1424265691772,979.7615
1424265691807,979.8215
1424265691838,979.72156
1424265691884,979.6216
1424265691912,979.56165
1424265691938,979.51166
1424265691973,979.4817
1424265692011,979.45166
1424265692044,979.5816
1424265692075,979.5716
1424265692112,979.66156
1424265692147,979.5916
1424265692175,979.5316
1424265692208,979.5316
1424265692240,979.51166
1424265692277,979.7615
1424265692310,979.7515
1424265692351,979.71155
1424265692379,979.66156
1424265692411,979.60156
1424265692441,979.5316
1424265692483,979.65155
1424265692548,979.6716
1424265692550,979.6116
1424265692577,979.60156
1424265692609,979.6316
1424265692641,979.72156
1424265692678,979.6716
1424265692712,979.6216
1424265692743,979.6416
1424265692780,979.5916
1424265692814,979.65155
1424265692844,979.8315
1424265692882,980.4711
1424265692915,982.55
1424265692951,984.16907
1424265692988,986.3379
1424265693025,988.2968
1424265693049,989.54614
1424265693082,990.3956
1424265693117,990.9553
1424265693152,991.71497
1424265693184,992.3246
1424265693222,992.7544
1424265693262,992.8043
1424265693283,992.7044
1424265693321,992.4346
1424265693348,991.90485
1424265693386,991.34515
1424265693426,990.6955
1424265693451,990.2357
1424265693515,989.53613
1424265693517,988.87646
1424265693548,988.1269
1424265693584,987.2374
1424265693622,986.4878
1424265693650,986.00806
1424265693693,984.62885
1424265693720,982.7499
1424265693749,980.79095
1424265693787,979.9514
1424265693820,979.71155
1424265693855,979.29175
1424265693892,978.912
1424265693924,978.57214
1424265693952,978.3523
1424265693988,978.0325
1424265694032,977.87256
1424265694068,977.72266
1424265694087,977.5427
1424265694121,977.4228
1424265694155,977.50275
1424265694190,977.8226
1424265694239,978.1824
1424265694261,978.5122
1424265694291,978.6821
1424265694329,978.802
1424265694357,978.822
1424265694392,978.802
1424265694427,978.72205
1424265694454,978.62213
1424265694492,978.58215
1424265694526,978.5422
1424265694556,978.3423
1424265694597,978.06244
1424265694627,977.3628
1424265694664,975.9636
1424265694690,975.174
1424265694724,974.3945
1424265694756,973.9647
1424265694791,973.7548
1424265694826,973.7348
1424265694857,973.7748
1424265694892,973.9247
1424265694931,974.1046
1424265694975,974.28455
1424265695002,974.4844
1424265695026,974.6643
1424265695058,974.78424
1424265695093,974.9741
1424265695128,975.16406
1424265695160,975.3739
1424265695196,975.5838
1424265695229,975.71375
1424265695264,975.88367
1424265695299,976.02356
1424265695332,976.16345
1424265695363,976.28345
1424265695397,976.3934
1424265695432,976.4733
1424265695465,976.59326
1424265695550,976.7132
1424265695551,976.8531
1424265695565,976.93304
1424265695615,977.04297
1424265695689,977.15295
1424265695689,977.2429
1424265695698,977.34283
1424265695732,977.4228
1424265695765,977.4828
1424265695799,977.5927
1424265695834,977.70264
1424265695866,977.7926
1424265695906,977.9225
1424265695936,978.02246
1424265695968,978.06244
1424265696007,978.12244
1424265696044,978.1324
1424265696073,978.1524
1424265696103,978.17236
1424265696137,978.2024
1424265696169,978.28235
1424265696202,978.38226
1424265696236,978.4622
1424265696302,978.53217
1424265696303,978.5522
1424265696396,978.57214
1424265696398,978.58215
1424265696477,978.6022
1424265696479,978.62213
1424265696480,978.6421
1424265696535,978.6821
1424265696539,978.7521
1424265696575,978.852
1424265696606,978.93195
1424265696669,978.9719
1424265696670,978.98193
1424265696712,978.98193
1424265696747,978.99194
1424265696773,979.0419
1424265696813,979.0719
1424265696840,979.10187
1424265696876,979.1218
1424265696907,979.15186
1424265696942,979.1818
1424265696977,979.1718
1424265697056,979.1218
1424265697057,979.0619
1424265697073,979.0419
1424265697166,979.00195
1424265697166,978.99194
1424265697173,978.99194
1424265697260,978.99194
1424265697261,978.98193
1424265697275,979.30176
1424265697311,980.02136
1424265697345,980.9109
1424265697376,981.6205
1424265697413,981.5905
1424265697451,980.77094
1424265697483,980.0913
1424265697519,979.6416
1424265697545,979.45166
1424265697580,979.4317
1424265697615,979.3717
1424265697647,979.3817
1424265697676,979.5416
1424265697713,979.8015
1424265697747,979.9014
1424265697779,979.9814
1424265697815,980.01135
1424265697854,979.9714
1424265697888,980.07135
1424265697935,980.3112
1424265698039,980.43115
1424265698040,980.44116
1424265698042,980.5011
1424265698085,980.5211
1424265698085,980.53107
1424265698117,980.5011
1424265698150,980.4511
1424265698188,980.4611
1424265698217,980.691
1424265698269,980.83093
1424265698298,980.8109
1424265698332,980.711
1424265698349,980.5211
1424265698383,980.4611
1424265698417,980.5511
1424265698456,980.6011
1424265698527,980.63104
1424265698527,980.63104
1424265698552,980.8709
1424265698584,981.10077
1424265698619,981.2407
1424265698654,980.98083
1424265698701,980.72095
1424265698723,980.611
1424265698755,980.4511
1424265698787,980.2612
1424265698823,980.07135
1424265698866,980.00134
1424265698920,980.06134
1424265698922,980.1513
1424265698958,980.23126
1424265698988,980.2612
1424265699023,980.2612
1424265699057,980.2013
1424265699093,980.12134
1424265699134,980.05133
1424265699169,980.1813
1424265699201,980.4811
1424265699226,980.6011
1424265699259,980.751
1424265699295,980.651
1424265699327,980.38116
1424265699358,980.02136
1424265699390,979.6316
1424265699424,979.2518
1424265699461,979.0419
1424265699490,978.9719
1424265699526,978.94196
1424265699562,978.88196
1424265699597,978.822
1424265699640,978.4722
1424265699666,978.2024
1424265699711,978.07245
1424265699742,977.9825
1424265699764,977.9425
1424265699804,977.91254
1424265699852,977.9625
1424265699864,978.0524
1424265699893,978.0824
1424265699929,978.0924
1424265699963,978.12244
1424265699996,978.1524
1424265700046,978.21234
1424265700064,978.2423
1424265700097,978.2923
1424265700131,978.3423
1424265700175,978.4022
1424265700219,978.5422
1424265700239,978.6121
1424265700266,978.6921
1424265700296,978.63214
1424265700334,978.62213
1424265700367,978.6521
1424265700397,979.1119
1424265700437,979.2718
1424265700466,979.2118
1424265700497,979.14185
1424265700538,979.09186
1424265700568,979.0319
1424265700605,979.0519
1424265700662,979.13184
1424265700680,979.1119
1424265700701,979.0719
1424265700735,979.0319
1424265700770,979.00195
1424265700800,978.99194
1424265700836,978.98193
1424265700869,978.98193
1424265700911,979.09186
1424265700938,979.0719
1424265700971,979.0419
1424265701007,979.0219
1424265701038,979.0419
1424265701080,979.4117
1424265701104,979.6116
1424265701136,979.4617
1424265701173,979.4617
1424265701203,979.4317
1424265701238,979.4117
1424265701275,979.45166
1424265701308,979.5316
1424265701356,979.45166
1424265701391,979.40173
1424265701407,979.3317
1424265701441,979.28174
1424265701474,979.2518
1424265701535,979.2418
1424265701540,979.2618
1424265701582,979.3817
1424265701609,979.44165
1424265701651,979.35175
1424265701676,979.30176
1424265701711,979.30176
1424265701743,979.7815
1424265701781,979.6915
1424265701805,979.60156
1424265701846,979.6216
1424265701878,979.5816
1424265701908,979.5316
1424265701946,979.51166
1424265701978,979.60156
1424265702014,979.55164
1424265702047,979.5216
1424265702079,979.49164
1424265702112,979.4317
1424265702163,979.4117
1424265702185,979.3917
1424265702208,979.3817
1424265702246,979.40173
1424265702279,979.55164
1424265702310,979.4617
1424265702349,979.4117
1424265702380,979.3917
1424265702412,979.3917
1424265702449,979.85144
1424265702497,979.71155
1424265702515,979.7615
1424265702546,979.6716
1424265702580,979.6416
1424265702612,979.5916
1424265702650,979.65155
1424265702681,979.6116
1424265702715,979.5716
1424265702751,979.5316
1424265702785,979.50165
1424265702813,979.4717
1424265702850,979.45166
1424265702885,979.44165
1424265702933,979.5416
1424265702963,979.51166
1424265702985,979.4617
1424265703016,979.4317
1424265703054,979.4217
1424265703086,979.44165
1424265703145,980.0414
1424265703169,979.87146
1424265703184,979.7915
1424265703216,979.7315
1424265703250,979.71155
1424265703284,979.66156
1424265703317,979.71155
1424265703353,979.6716
1424265703390,979.6316
1424265703421,979.6116
1424265703455,979.5716
1424265703507,979.51166
1424265703519,979.49164
1424265703557,979.4717
1424265703588,979.4717
1424265703621,979.6716
1424265703658,979.56165
1424265703691,979.5316
1424265703721,979.49164
1424265703765,979.56165
1424265703802,979.9014
1424265703823,979.7615
1424265703859,979.6716
1424265703910,979.6915
1424265703924,979.6316
1424265703964,979.5916
1424265704001,979.7615
1424265704026,979.71155
1424265704060,979.6116
1424265704092,979.56165
1424265704123,979.5316
1424265704161,979.50165
1424265704194,979.49164
1424265704230,979.50165
1424265704263,979.51166
1424265704327,979.81146
1424265704329,979.6915
1424265704363,979.5716
1424265704394,979.5416
1424265704427,980.00134
1424265704466,980.0913
1424265704495,979.9414
1424265704526,979.7715
1424265704584,979.7715
1424265704599,979.6815
1424265704642,979.66156
1424265704662,979.7715
1424265704697,979.6915
1424265704733,979.6216
1424265704764,979.56165
1424265704799,979.5216
1424265704832,979.50165
1424265704863,979.50165
1424265704898,979.50165
1424265704932,979.5816
1424265704988,979.6316
1424265705026,979.5416
1424265705037,979.5216
1424265705073,979.51166
1424265705100,980.0813
1424265705132,979.9714
1424265705165,979.81146
1424265705200,979.7915
1424265705230,979.8015
1424265705267,979.7415
1424265705303,979.6915
1424265705367,979.7415
1424265705370,979.6815
1424265705404,979.60156
1424265705449,979.55164
1424265705472,979.51166
1424265705505,979.4817
1424265705539,979.4817
1424265705580,979.4817
1424265705614,979.50165
1424265705641,979.5816
1424265705668,979.5216
1424265705739,979.4817
1424265705740,979.49164
1424265705777,979.85144
1424265705805,979.9514
1424265705867,979.8015
1424265705886,979.7815
1424265705903,979.7315
1424265705939,979.65155
1424265705981,979.6815
1424265706027,979.71155
1424265706086,979.6416
1424265706087,979.6216
1424265706106,979.6216
1424265706138,979.56165
1424265706173,979.5416
1424265706208,979.5216
1424265706237,979.5316
1424265706272,979.55164
1424265706308,979.50165
1424265706337,979.4617
1424265706372,979.4617
1424265706408,979.4817
1424265706440,979.8215
1424265706483,980.01135
1424265706521,979.8315
1424265706540,979.72156
1424265706579,979.70154
1424265706611,979.66156
1424265706651,979.7615
1424265706695,979.7615
1424265706711,979.65155
1424265706742,979.6116
1424265706777,979.5716
1424265706818,979.5316
1424265706842,979.50165
1424265706877,979.50165
1424265706912,979.50165
1424265706946,979.50165
1424265706979,979.6216
1424265707014,979.56165
1424265707047,979.5416
1424265707087,979.56165
1424265707120,979.91144
1424265707155,979.8215
1424265707190,979.84143
1424265707216,979.7415
1424265707246,979.72156
1424265707281,979.71155
1424265707316,979.86145
1424265707353,979.8015
1424265707383,979.70154
1424265707415,979.6216
1424265707447,979.56165
1424265707487,979.5216
1424265707519,979.5216
1424265707550,979.5216
1424265707586,979.5216
1424265707617,979.71155
1424265707650,979.6416
1424265707708,979.56165
1424265707721,979.5216
1424265707750,979.51166
1424265707804,980.05133
1424265707820,979.9214
1424265707850,979.8215
1424265707886,979.7615
1424265707920,979.6815
1424265707953,979.65155
1424265707989,979.7615
1424265708021,979.6815
1424265708050,979.6416
1424265708087,979.5816
1424265708121,979.56165
1424265708153,979.5216
1424265708195,979.51166
1424265708235,979.50165
1424265708259,979.60156
1424265708290,979.55164
1424265708323,979.49164
1424265708357,979.4717
1424265708389,979.4817
1424265708446,980.02136
1424265708472,980.06134
1424265708531,979.87146
1424265708533,979.7815
1424265708555,979.7615
1424265708589,979.7815
1424265708623,979.7915
1424265708657,979.7915
1424265708693,979.71155
1424265708725,979.66156
1424265708759,979.6216
1424265708792,979.5816
1424265708824,979.5316
1424265708859,979.51166
1424265708899,979.51166
1424265708928,979.55164
1424265708958,979.81146
1424265709013,979.66156
1424265709030,979.5816
1424265709059,979.55164
1424265709095,980.17126
1424265709127,980.17126
1424265709159,979.9414
1424265709196,979.7815
1424265709228,979.7315
1424265709261,979.6716
1424265709331,979.65155
1424265709332,979.6815
1424265709364,979.70154
1424265709397,979.6216
1424265709432,979.55164
1424265709464,979.5216
1424265709501,979.49164
1424265709537,979.4817
1424265709574,979.7415
1424265709604,979.66156
1424265709640,979.6216
1424265709681,979.55164
1424265709698,979.5216
1424265709731,979.5216
1424265709767,980.0314
1424265709802,979.8914
1424265709834,979.87146
1424265709879,979.84143
1424265709907,979.8315
1424265709933,979.7415
1424265709964,979.8015
1424265710002,979.7615
1424265710035,979.7415
1424265710068,979.6416
1424265710103,979.5716
1424265710133,979.51166
1424265710165,979.49164
1424265710205,979.4717
1424265710236,979.4817
1424265710267,979.5716
1424265710303,979.51166
1424265710338,979.44165
1424265710388,979.4317
1424265710407,979.44165
1424265710435,980.0913
1424265710467,979.9814
1424265710503,979.8015
1424265710537,979.71155
1424265710567,979.7415
1424265710609,979.6815
1424265710637,979.8015
1424265710674,979.7415
1424265710705,979.65155
1424265710849,979.5716
1424265710851,979.51166
1424265710859,979.4617
1424265710862,979.45166
1424265710911,979.45166
1424265710911,979.5916
1424265710939,979.5316
1424265710970,979.4817
1424265711009,979.4317
1424265711042,979.4317
1424265711075,979.4717
1424265711116,980.0414
1424265711144,979.86145
1424265711174,979.8315
1424265711208,979.7915
1424265711245,979.7615
1424265711273,979.7415
1424265711325,979.84143
1424265711344,979.7715
1424265711375,979.6716
1424265711419,979.5916
1424265711452,979.5316
1424265711476,979.50165
1424265711509,979.50165
1424265711548,979.50165
1424265711579,979.6915
1424265711612,979.6116
1424265711650,979.51166
1424265711684,979.4617
1424265711715,979.45166
1424265711746,979.8914
1424265711780,980.0913
1424265711812,979.9214
1424265711849,979.8215
1424265711878,979.7615
1424265711914,979.70154
1424265711964,979.71155
1424265711979,979.7415
1424265712014,979.6815
1424265712050,979.60156
1424265712079,979.55164
1424265712117,979.5316
1424265712166,979.50165
1424265712188,979.4817
1424265712218,979.51166
1424265712271,979.5416
1424265712287,979.5316
1424265712315,979.4817
1424265712352,979.45166
1424265712386,979.45166
1424265712417,979.9514
1424265712457,979.91144
1424265712490,979.7915
1424265712517,979.71155
1424265712551,979.7315
1424265712589,979.70154
1424265712624,979.7315
1424265712657,979.7915
1424265712687,979.7315
1424265712720,979.6915
1424265712754,979.60156
1424265712785,979.51166
1424265712821,979.49164
1424265712858,979.49164
1424265712884,979.49164
1424265712920,979.4717
1424265712955,979.49164
1424265712986,979.4717
1424265713022,979.44165
1424265713055,979.4617
1424265713086,979.8914
1424265713120,979.91144
1424265713155,979.7715
1424265713193,979.70154
1424265713222,979.6815
1424265713257,979.6116
1424265713291,979.72156
1424265713325,979.7915
1424265713357,979.71155
1424265713389,979.6316
1424265713424,979.5816
1424265713466,979.5316
1424265713502,979.5216
1424265713546,979.50165
1424265713561,979.50165
1424265713589,979.9314
1424265713626,979.7515
1424265713661,979.6116
1424265713701,979.5716
1424265713732,979.5416
1424265713761,980.01135
1424265713794,979.84143
1424265713835,979.8215
1424265713861,979.7815
1424265713896,979.8215
1424265713953,979.72156
1424265713967,979.7315
1424265714000,979.7615
1424265714027,979.66156
1424265714061,979.60156
1424265714096,979.55164
1424265714132,979.49164
1424265714179,979.45166
1424265714243,979.45166
1424265714245,979.4617
1424265714276,979.7315
1424265714296,979.60156
1424265714331,979.5216
1424265714367,979.49164
1424265714416,979.7415
1424265714441,979.84143
1424265714467,979.7615
1424265714496,979.72156
1424265714530,979.72156
1424265714572,979.72156
1424265714603,979.6716
1424265714637,979.7615
1424265714684,979.8215
1424265714698,979.6915
1424265714735,979.60156
1424265714781,979.5416
1424265714807,979.5216
1424265714835,979.4717
1424265714870,979.4717
1424265714900,979.5716
1424265714937,979.5416
1424265714970,979.5216
1424265715002,979.49164
1424265715038,979.4717
1424265715071,979.8315
1424265715106,979.9214
1424265715135,979.8215
1424265715171,979.8015
1424265715204,979.7515
1424265715285,979.72156
1424265715296,979.6716
1424265715365,979.72156
1424265715367,979.7615
1424265715378,979.70154
1424265715411,979.60156
1424265715440,979.5416
1424265715472,979.50165
1424265715506,979.4817
1424265715545,979.4817
1424265715575,979.70154
1424265715643,979.66156
1424265715644,979.5816
1424265715679,979.50165
1424265715712,979.4717
1424265715746,979.8815
1424265715777,979.9814
1424265715808,979.87146
1424265715841,979.7715
1424265715879,979.7415
1424265715909,979.7815
1424265715943,979.6416
1424265716000,979.7615
1424265716009,979.7815
1424265716042,979.71155
1424265716077,979.60156
1424265716118,979.5316
1424265716151,979.45166
1424265716179,979.44165
1424265716207,979.4617
1424265716245,979.56165
1424265716280,979.6416
1424265716314,979.5716
1424265716346,979.45166
1424265716379,979.4317
1424265716411,979.4317
1424265716446,979.9414
1424265716480,979.9414
1424265716525,979.7415
1424265716546,979.66156
1424265716578,979.70154
1424265716611,979.6216
1424265716664,979.7415
1424265716682,979.7415
1424265716714,979.65155
1424265716748,979.5816
1424265716789,979.50165
1424265716830,979.45166
1424265716855,979.4317
1424265716888,979.44165
1424265716912,979.4717
1424265716948,979.51166
1424265716984,979.45166
1424265717020,979.3917
1424265717049,979.3917
1424265717092,979.4217
1424265717118,980.02136
1424265717152,980.00134
1424265717189,979.8015
1424265717219,979.6815
1424265717255,979.7715
1424265717288,979.6915
1424265717318,979.7615
1424265717368,979.7815
1424265717386,979.6915
1424265717419,979.6316
1424265717486,979.5316
1424265717489,979.4717
1424265717528,979.45166
1424265717560,979.45166
1424265717591,979.49164
1424265717620,979.6216
1424265717655,979.51166
1424265717689,979.44165
1424265717732,979.4217
1424265717756,979.44165
1424265717803,980.2612
1424265717856,980.1813
1424265717858,979.9214
1424265717888,979.7915
1424265717921,979.66156
1424265717957,979.7315
1424265717994,979.7715
1424265718024,979.8215
1424265718060,979.6915
1424265718089,979.5916
1424265718129,979.5316
1424265718165,979.49164
1424265718191,979.45166
1424265718224,979.45166
1424265718258,979.45166
1424265718295,979.5916
1424265718324,979.5416
1424265718360,979.4617
1424265718399,979.44165
1424265718426,979.7615
1424265718460,980.06134
1424265718494,979.9214
1424265718539,979.7615
1424265718569,979.8315
1424265718596,979.7515
1424265718642,979.71155
1424265718664,979.7315
1424265718693,979.7515
1424265718730,979.6316
1424265718768,979.56165
1424265718807,979.51166
1424265718827,979.49164
1424265718862,979.4717
1424265718898,979.44165
1424265718927,979.4617
1424265718963,979.56165
1424265719016,979.50165
1424265719031,979.45166
1424265719069,979.4317
1424265719109,979.4817
1424265719135,979.9714
1424265719163,979.8215
1424265719200,979.7315
1424265719230,979.7515
1424265719266,979.6716
1424265719300,979.71155
1424265719331,979.7615
1424265719368,979.6716
1424265719401,979.6216
1424265719438,979.5716
1424265719473,979.5316
1424265719500,979.5216
1424265719533,979.51166
1424265719568,979.4817
1424265719601,979.7915
1424265719635,979.65155
1424265719669,979.5316
1424265719704,979.4717
1424265719732,979.4717
1424265719769,979.87146
1424265719805,979.9914
1424265719834,979.81146
1424265719869,979.7915
1424265719909,979.6716
1424265719941,979.6416
1424265719979,979.72156
1424265720014,979.71155
1424265720036,979.6116
1424265720068,979.55164
1424265720103,979.5416
1424265720134,979.50165
1424265720171,979.49164
1424265720204,979.4817
1424265720236,979.4717
1424265720272,979.7615
1424265720306,979.6316
1424265720338,979.5316
1424265720372,979.4817
1424265720416,979.45166
1424265720441,979.87146
1424265720486,979.81146
1424265720510,979.7515
1424265720539,979.7615
1424265720578,979.70154
1424265720611,979.65155
1424265720645,979.71155
1424265720685,979.6915
1424265720710,979.6316
1424265720739,979.5916
1424265720779,979.5416
1424265720811,979.5216
1424265720843,979.50165
1424265720887,979.49164
1424265720993,979.55164
1424265720995,979.71155
1424265720996,979.60156
1424265721083,979.50165
1424265721084,979.4817
1424265721085,979.87146
1424265721113,979.8914
1424265721144,979.8015
1424265721178,979.7315
1424265721214,979.71155
1424265721250,979.6416
1424265721304,979.66156
1424265721315,979.7415
1424265721350,979.66156
1424265721383,979.5916
1424265721414,979.5416
1424265721444,979.4817
1424265721481,979.4617
1424265721515,979.4617
1424265721559,979.4617
1424265721588,979.8215
1424265721616,979.71155
1424265721664,979.6216
1424265721685,979.5416
1424265721716,979.51166
1424265721748,980.1113
1424265721789,979.9514
1424265721819,979.7915
1424265721848,979.7715
1424265721888,979.70154
1424265721924,979.6716
1424265721953,979.7715
1424265721985,979.71155
1424265722016,979.6216
1424265722051,979.5916
1424265722086,979.5716
1424265722119,979.5416
1424265722155,979.50165
1424265722187,979.5216
1424265722225,979.6216
1424265722250,979.6116
1424265722288,979.5316
1424265722322,979.4617
1424265722351,979.4717
1424265722385,979.50165
1424265722424,979.9414
1424265722458,979.7815
1424265722495,979.7515
1424265722520,979.81146
1424265722552,979.84143
1424265722589,979.7415
1424265722630,979.7315
1424265722660,979.70154
1424265722705,979.6416
1424265722725,979.5816
1424265722762,979.5416
1424265722790,979.51166
1424265722829,979.4817
1424265722860,979.49164
1424265722894,979.4817
1424265722948,979.60156
1424265722966,979.5416
1424265722992,979.4717
1424265723024,979.45166
1424265723055,979.49164
1424265723091,979.7615
1424265723125,979.70154
1424265723158,979.7315
1424265723193,979.6716
1424265723227,979.6416
1424265723258,979.6316
1424265723297,979.7315
1424265723327,979.6915
1424265723361,979.6216
1424265723396,979.5716
1424265723428,979.5216
1424265723460,979.50165
1424265723495,979.49164
1424265723549,979.4817
1424265723563,979.5216
1424265723595,979.5716
1424265723639,979.5416
1424265723661,979.49164
1424265723700,979.49164
1424265723734,979.8914
1424265723763,979.9314
1424265723800,979.8315
1424265723833,979.7515
1424265723863,979.71155
1424265723901,979.6316
1424265723938,979.6915
1424265723965,979.7515
1424265724007,979.66156
1424265724037,979.60156
1424265724064,979.55164
1424265724098,979.5316
1424265724135,979.49164
1424265724166,979.49164
1424265724215,979.5316
1424265724234,979.7415
1424265724266,979.6316
1424265724305,979.5316
1424265724353,979.51166
1424265724377,979.51166
1424265724400,980.0314
1424265724434,979.86145
1424265724466,979.8315
1424265724507,979.7515
1424265724539,979.7315
1424265724576,979.6915
1424265724601,979.81146
1424265724636,979.7315
1424265724669,979.66156
1424265724709,979.6116
1424265724739,979.56165
1424265724768,979.5316
1424265724804,979.50165
1424265724839,979.50165
1424265724877,979.49164
1424265724911,979.7815
1424265724939,979.65155
1424265724970,979.56165
1424265725005,979.5316
1424265725064,979.86145
1424265725082,979.8215
1424265725106,979.71155
1424265725145,979.8215
1424265725173,979.7415
1424265725210,979.6915
1424265725248,979.7315
1424265725326,979.81146
1424265725328,979.6915
1424265725378,979.6216
1424265725378,979.5816
1424265725407,979.5316
1424265725446,979.50165
1424265725473,979.4817
1424265725509,979.4817
1424265725544,979.7615
1424265725576,979.6716
1424265725617,979.5716
1424265725645,979.5216
1424265725675,979.5716
1424265725711,979.85144
1424265725747,979.7615
1424265725777,979.7915
1424265725828,979.7415
1424265725845,979.6716
1424265725882,979.6416
1424265725911,979.7815
1424265725947,979.72156
1424265726046,979.6416
1424265726047,979.5916
1424265726049,979.5416
1424265726079,979.5216
1424265726113,979.50165
1424265726148,979.50165
1424265726180,979.56165
1424265726236,979.5216
1424265726249,979.4817
1424265726279,979.45166
1424265726315,979.45166
1424265726349,979.6815
1424265726381,979.9014
1424265726422,979.7615
1424265726450,979.7415
1424265726479,979.7515
1424265726518,979.71155
1424265726549,979.6815
1424265726583,979.7615
1424265726618,979.6815
1424265726652,979.6316
1424265726688,979.5916
1424265726719,979.55164
1424265726756,979.51166
1424265726811,979.50165
1424265726850,979.50165
1424265726854,979.6216
1424265726882,979.55164
1424265726918,979.5216
1424265726953,979.4817
1424265726984,979.4817
1424265727019,979.84143
1424265727057,979.8315
1424265727085,979.71155
1424265727121,979.7315
1424265727155,979.7615
1424265727184,979.72156
1424265727224,979.70154
1424265727257,979.7415
1424265727286,979.6416
1424265727321,979.5816
1424265727356,979.56165
1424265727388,979.5216
1424265727425,979.4817
1424265727458,979.4817
1424265727488,979.49164
1424265727523,979.6216
1424265727557,979.6815
1424265727590,979.5716
1424265727624,979.5216
1424265727661,979.5216
1424265727689,979.87146
1424265727725,979.7815
1424265727759,979.7415
1424265727798,979.7715
1424265727828,979.6815
1424265727857,979.6716
1424265727888,979.7415
1424265727923,979.7615
1424265727957,979.6316
1424265727991,979.5816
1424265728026,979.5316
1424265728058,979.50165
1424265728090,979.4817
1424265728127,979.49164
1424265728160,979.49164
1424265728192,979.6316
1424265728227,979.56165
1424265728260,979.4817
1424265728291,979.49164
1424265728327,979.51166
1424265728360,979.9914
1424265728392,979.87146
1424265728427,979.85144
1424265728460,979.8215
1424265728498,979.70154
1424265728527,979.6815
1424265728561,979.8215
1424265728593,979.7815
1424265728628,979.66156
1424265728662,979.60156
1424265728698,979.5716
1424265728730,979.5416
1424265728763,979.5216
1424265728794,979.50165
1424265728831,979.6216
1424265728868,979.5816
1424265728897,979.5416
1424265728931,979.51166
1424265728964,979.50165
1424265728996,979.9014
1424265729032,979.9414
1424265729065,979.7915
1424265729099,979.8215
1424265729132,979.8215
1424265729166,979.7915
1424265729197,979.7515
1424265729233,979.7715
1424265729267,979.70154
1424265729299,979.6316
1424265729334,979.5816
1424265729367,979.5316
1424265729401,979.49164
1424265729435,979.49164
1424265729467,979.50165
1424265729499,979.65155
1424265729535,979.5816
1424265729568,979.50165
1424265729602,979.4617
1424265729637,979.4617
1424265729669,979.5716
1424265729701,980.0414
1424265729736,979.87146
1424265729771,979.7315
1424265729802,979.7515
1424265729838,979.7415
1424265729871,979.6815
1424265729902,979.7815
1424265729939,979.7415
1424265729974,979.6815
1424265730005,979.6716
1424265730040,979.5916
1424265730074,979.5316
1424265730106,979.4817
1424265730139,979.4817
1424265730172,979.6915
1424265730204,979.6815
1424265730239,979.5916
1424265730273,979.51166
1424265730305,979.4817
1424265730341,979.49164
1424265730374,980.05133
1424265730406,979.9514
1424265730442,979.9314
1424265730476,979.81146
1424265730523,979.8015
1424265730544,979.70154
1424265730576,979.7615
1424265730610,979.7915
1424265730645,979.6815
1424265730679,979.6216
1424265730710,979.5716
1424265730750,979.51166
1424265730780,979.4717
1424265730817,979.45166
1424265730855,979.70154
1424265730883,979.91144
1424265730918,979.7415
1424265730950,979.5716
1424265730984,979.51166
1424265731011,979.50165
1424265731050,980.01135
1424265731082,979.9714
1424265731119,979.8215
1424265731147,979.84143
1424265731181,979.84143
1424265731217,979.7415
1424265731247,979.8215
1424265731283,979.7515
1424265731312,979.65155
1424265731347,979.5816
1424265731381,979.50165
1424265731414,979.4717
1424265731449,979.44165
1424265731481,979.4317
1424265731513,979.4617
1424265731548,979.6716
1424265731584,979.5916
1424265731615,979.4817
1424265731650,979.4617
1424265731683,979.5816
1424265731715,979.9614
1424265731750,979.8215
1424265731784,979.6915
1424265731822,979.6815
1424265731851,979.6416
1424265731884,979.7415
1424265731916,979.81146
1424265731951,979.70154
1424265731985,979.60156
1424265732017,979.5316
1424265732052,979.49164
1424265732086,979.45166
1424265732118,979.45166
1424265732153,979.55164
1424265732186,979.85144
1424265732218,979.66156
1424265732253,979.5316
1424265732287,979.50165
1424265732319,979.51166
1424265732354,980.12134
1424265732388,979.9014
1424265732420,979.7815
1424265732455,979.7815
1424265732489,979.72156
1424265732521,979.6915
1424265732559,979.7515
1424265732590,979.71155
1424265732622,979.65155
1424265732656,979.5816
1424265732694,979.51166
1424265732722,979.49164
1424265732758,979.4817
1424265732822,979.4717
1424265732824,979.4717
1424265732859,979.72156
1424265732892,979.5916
1424265732924,979.51166
1424265732958,979.49164
1424265732992,979.49164
1424265733024,980.0414
1424265733059,979.84143
1424265733093,979.7615
1424265733125,979.7315
1424265733160,979.6716
1424265733195,979.66156
1424265733225,979.8015
1424265733260,979.71155
1424265733294,979.6316
1424265733326,979.6116
1424265733361,979.5916
1424265733395,979.55164
1424265733428,979.51166
1424265733462,979.5916
1424265733495,979.9614
1424265733527,979.8815
1424265733563,979.6716
1424265733597,979.5716
1424265733629,979.55164
1424265733667,980.01135
1424265733697,979.8815
1424265733729,979.7815
1424265733764,979.7415
1424265733798,979.72156
1424265733831,979.70154
1424265733866,979.66156
1424265733901,979.81146
1424265733934,979.6915
1424265733968,979.6116
1424265734001,979.5416
1424265734040,979.50165
1424265734081,979.4717
1424265734106,979.45166
1424265734133,979.4717
1424265734168,979.4717
1424265734201,979.51166
1424265734234,979.4817
1424265734285,979.4617
1424265734302,979.4717
1424265734335,979.84143
1424265734370,979.86145
1424265734402,979.7715
1424265734434,979.70154
1424265734469,979.6416
1424265734503,979.6116
1424265734535,979.7615
1424265734571,979.7615
1424265734605,979.6815
1424265734635,979.6316
1424265734671,979.5916
1424265734704,979.5416
1424265734736,979.5216
1424265734772,979.5216
1424265734805,979.56165
1424265734837,979.5216
1424265734873,979.5216
1424265734906,979.4617
1424265734937,979.44165
1424265734974,979.4617
1424265735006,980.02136
1424265735039,980.05133
1424265735073,979.84143
1424265735109,979.7715
1424265735139,979.71155
1424265735176,979.6815
1424265735208,979.7915
1424265735240,979.7915
1424265735277,979.70154
1424265735311,979.6416
1424265735340,979.5816
1424265735376,979.5316
1424265735410,979.5216
1424265735444,979.5216
1424265735478,979.70154
1424265735512,979.65155
1424265735543,979.56165
1424265735578,979.4817
1424265735615,979.4817
1424265735645,979.49164
1424265735680,980.0813
1424265735713,980.0913
1424265735745,979.8914
1424265735779,979.7815
1424265735814,979.7715
1424265735850,979.6716
1424265735881,979.7515
1424265735914,979.7715
1424265735944,979.7715
1424265735980,979.6716
1424265736015,979.5916
1424265736046,979.5316
1424265736082,979.5216
1424265736121,979.5216
1424265736166,979.7915
1424265736182,979.6915
1424265736217,979.5916
1424265736248,979.50165
1424265736285,979.50165
1424265736317,979.7915
1424265736350,980.1013
1424265736386,979.9214
1424265736421,979.7815
1424265736452,979.8015
1424265736487,979.81146
1424265736553,979.7815
1424265736555,979.81146
1424265736586,979.7715
1424265736619,979.6915
1424265736656,979.6316
1424265736687,979.56165
1424265736721,979.5216
1424265736753,979.51166
1424265736789,979.51166
1424265736822,979.6416
1424265736861,979.60156
1424265736891,979.5216
1424265736924,979.4717
1424265736956,979.44165
1424265736992,979.4617
1424265737033,980.05133
1424265737055,979.9414
1424265737096,979.7815
1424265737123,979.7415
1424265737156,979.70154
1424265737191,979.72156
1424265737229,979.7515
1424265737256,979.6716
1424265737302,979.5916
1424265737326,979.5416
1424265737394,979.51166
1424265737396,979.4817
1424265737445,979.4717
1424265737478,979.4817
1424265737496,979.5916
1424265737550,979.6216
1424265737562,979.5316
1424265737593,979.45166
1424265737628,979.4717
1424265737682,979.9714
1424265737712,980.0314
1424265737765,979.91144
1424265737766,979.8215
1424265737794,979.7415
1424265737829,979.6915
1424265737862,979.6716
1424265737902,979.8215
1424265737932,979.7715
1424265737972,979.70154
1424265737996,979.6416
1424265738031,979.5716
1424265738070,979.5416
1424265738114,979.51166
1424265738158,979.50165
1424265738172,979.49164
1424265738196,979.6216
1424265738230,979.56165
1424265738264,979.4617
1424265738350,979.44165
1424265738352,979.45166
1424265738369,980.2512
1424265738402,979.9914
1424265738434,979.85144
1424265738465,979.7315
1424265738499,979.6416
1424265738532,979.72156
1424265738578,979.7815
1424265738599,979.7815
1424265738635,979.65155
1424265738667,979.5916
1424265738703,979.55164
1424265738737,979.50165
1424265738798,979.4717
1424265738813,979.4617
1424265738836,979.5216
1424265738868,979.6815
1424265738902,979.5816
1424265738937,979.51166
1424265738977,979.4817
1424265739010,979.4817
1424265739037,980.0414
1424265739072,979.85144
1424265739104,979.7515
1424265739137,979.7615
1424265739170,979.72156
1424265739206,979.70154
1424265739242,979.7715
1424265739273,979.7915
1424265739311,979.6815
1424265739349,979.6116
1424265739372,979.5416
1424265739413,979.50165
1424265739444,979.4817
1424265739496,979.4717
1424265739507,979.6815
1424265739545,979.5916
1424265739572,979.51166
1424265739607,979.4717
1424265739643,979.4717
1424265739680,979.72156
1424265739712,979.86145
1424265739744,979.7315
1424265739774,979.81146
1424265739809,979.72156
1424265739851,979.6716
1424265739878,979.65155
1424265739908,979.7515
1424265739948,979.70154
1424265739978,979.6915
1424265740011,979.60156
1424265740047,979.5316
1424265740098,979.50165
1424265740116,979.49164
1424265740145,979.5816
1424265740175,979.55164
1424265740214,979.50165
1424265740249,979.45166
1424265740278,979.4317
1424265740313,979.44165
1424265740352,979.8914
1424265740384,979.86145
1424265740416,979.7315
1424265740460,979.6416
1424265740480,979.6216
1424265740516,979.6915
1424265740549,979.7815
1424265740580,979.72156
1424265740620,979.6316
1424265740661,979.5816
1424265740682,979.5416
1424265740716,979.49164
1424265740751,979.4617
1424265740789,979.4717
1424265740818,979.6915
1424265740852,979.6416
1424265740884,979.5716
1424265740920,979.4817
1424265740965,979.4617
1424265740987,979.9714
1424265741016,979.91144
1424265741053,979.7915
1424265741101,979.7915
1424265741121,979.84143
1424265741152,979.7515
1424265741217,979.6915
1424265741218,979.6915
1424265741260,979.71155
1424265741286,979.6716
1424265741326,979.5916
1424265741385,979.5316
1424265741387,979.49164
1424265741444,979.4717
1424265741454,979.4717
1424265741492,979.5316
1424265741521,979.5816
1424265741563,979.5316
1424265741592,979.45166
1424265741622,979.45166
1424265741661,979.45166
1424265741716,980.0813
1424265741738,979.9014
1424265741755,979.8015
1424265741788,979.7615
1424265741825,979.7515
1424265741859,979.7515
1424265741889,979.7915
1424265741927,979.7315
1424265741957,979.6416
1424265741996,979.5816
1424265742031,979.5216
1424265742059,979.4817
1424265742089,979.4617
1424265742126,979.4617
1424265742165,979.6416
1424265742197,979.5716
1424265742229,979.50165
1424265742273,979.4817
1424265742295,979.45166
1424265742328,979.45166
1424265742418,979.9714
1424265742421,980.00134
1424265742505,979.86145
1424265742506,979.7415
1424265742507,979.72156
1424265742529,979.6316
1424265742562,979.5316
1424265742594,979.49164
1424265742646,979.45166
1424265742669,979.44165
1424265742695,979.4317
1424265742729,979.45166
1424265742766,979.5716
1424265742797,979.6716
1424265742831,979.7415
1424265742866,980.22125
1424265742908,979.9314
1424265742932,979.71155
1424265742966,979.6416
1424265743018,979.5816
1424265743065,979.5916
1424265743067,980.2013
1424265743099,980.661
1424265743132,981.16077
1424265743167,981.85034
1424265743197,983.50946
1424265743238,985.3584
1424265743271,986.8176
1424265743303,987.3573
1424265743336,987.6771
1424265743368,987.83704
1424265743402,988.037
1424265743436,988.1969
1424265743471,988.4467
1424265743499,988.6866
1424265743538,989.0164
1424265743571,989.2263
1424265743601,989.1963
1424265743639,988.8665
1424265743686,988.4467
1424265743708,987.4773
1424265743736,985.8182
1424265743770,983.7893
1424265743802,981.9603
1424265743839,980.89087
1424265743874,979.55164
1424265743902,978.5522
1424265743937,977.71265
1424265743974,976.98303
1424265744008,976.4033
1424265744050,975.67377
1424265744077,975.274
1424265744102,975.0841
1424265744139,975.0541
1424265744173,975.09406
1424265744205,975.15405
1424265744246,975.29395
1424265744279,975.45386
1424265744318,975.6438
1424265744344,975.7837
1424265744383,975.88367
1424265744405,976.02356
1424265744442,976.1835
1424265744488,976.42334
1424265744518,976.6033
1424265744540,976.8331
1424265744575,976.99304
1424265744607,977.073
1424265744642,977.1229
1424265744675,977.1729
1424265744709,977.2329
1424265744743,977.2729
1424265744781,977.2729
1424265744826,977.2629
1424265744847,977.29285
1424265744877,977.35284
1424265744908,977.40283
1424265744945,977.4728
1424265744979,977.55273
1424265745009,977.6926
1424265745045,977.81256
1424265745078,977.8226
1424265745115,977.8425
1424265745149,977.86255
1424265745180,977.9425
1424265745213,977.9925
1424265745248,978.0425
1424265745281,978.1024
1424265745350,978.2024
1424265745352,978.5122
1424265745381,978.922
1424265745413,979.0819
1424265745447,979.3218
1424265745505,979.4217
1424265745517,979.3817
1424265745549,979.3617
1424265745581,979.3617
1424265745613,979.3617
1424265745649,979.3817
1424265745682,979.4117
1424265745717,979.3817
1424265745750,979.2618
1424265745786,979.09186
1424265745817,978.872
1424265745853,978.78204
1424265745888,978.83203
1424265745923,978.852
1424265746029,978.872
1424265746031,978.872
1424265746032,978.79205
1424265746064,978.7521
1424265746084,978.72205
1424265746117,978.73206
1424265746152,978.77203
1424265746187,978.79205
1424265746217,978.812
1424265746253,978.872
1424265746287,978.93195
1424265746320,979.0419
1424265746354,979.2418
1424265746387,979.45166
1424265746418,979.35175
1424265746455,979.19183
1424265746489,979.1218
1424265746521,979.0619
1424265746557,979.0319
1424265746588,979.0219
1424265746620,979.0219
1424265746658,979.0219
1424265746692,979.0519
1424265746723,979.0819
1424265746760,979.1119
1424265746792,979.1218
1424265746824,979.14185
1424265746891,979.1718
1424265746892,979.1718
1424265746925,979.1718
1424265746957,979.1818
1424265746993,979.2118
1424265747025,979.2418
1424265747075,979.2518
1424265747093,979.2718
1424265747125,979.29175
1424265747164,979.31177
1424265747195,979.34174
1424265747225,979.3817
1424265747264,979.3817
1424265747295,979.3817
1424265747331,979.3917
1424265747364,979.3917
1424265747397,979.3817
1424265747430,979.3717
1424265747466,979.3817
1424265747505,979.3617
1424265747530,979.3617
1424265747566,979.3617
1424265747596,979.3717
1424265747635,979.3717
1424265747665,979.3917
1424265747700,979.40173
1424265747730,979.3917
1424265747765,979.4117
1424265747807,979.4217
1424265747836,979.40173
1424265747870,979.4117
1424265747912,979.4217
1424265747949,979.4317
1424265747969,979.4317
1424265748002,979.45166
1424265748051,979.49164
1424265748066,979.6716
1424265748098,979.6116
1424265748132,979.5716
1424265748168,979.5416
1424265748199,979.5316
1424265748233,979.5316
1424265748267,979.5316
1424265748302,979.5416
1424265748332,979.5416
1424265748391,979.55164
1424265748442,979.55164
1424265748443,979.5316
1424265748470,979.5416
1424265748508,979.55164
1424265748548,979.5416
1424265748579,979.5416
1424265748603,979.5416
1424265748635,979.55164
1424265748673,979.6416
1424265748705,979.66156
