1488633271391,992.94324
1488633271392,992.94324
1488633271429,992.94324
1488633271471,992.94324
1488633271507,992.92303
1488633271546,992.92303
1488633271584,992.92303
1488633271623,992.92303
1488633271660,992.91754
1488633271700,992.91754
1488633271741,992.91754
1488633271776,992.91754
1488633271815,992.9237
1488633271862,992.9237
1488633271894,992.9237
1488633271931,992.9237
1488633271969,992.9154
1488633272008,992.9154
1488633272048,992.9154
1488633272087,992.9154
1488633272124,992.91986
1488633272160,992.91986
1488633272198,992.91986
1488633272239,992.91986
1488633272279,992.9118
1488633272315,992.9118
1488633272355,992.9118
1488633272391,992.9118
1488633272440,992.9088
1488633272470,992.9088
1488633272506,992.9088
1488633272546,992.9088
1488633272584,992.8996
1488633272621,992.8996
1488633272662,992.8996
1488633272699,992.8996
1488633272738,992.89307
1488633272777,992.89307
1488633272816,992.89307
1488633272856,992.89307
1488633272895,992.89307
1488633272929,992.89795
1488633272970,992.89795
1488633273008,992.89795
1488633273048,992.89795
1488633273084,992.8898
1488633273121,992.8898
1488633273161,992.8898
1488633273207,992.8898
1488633273273,992.8887
1488633273275,992.8887
1488633273315,992.8887
1488633273356,992.8887
1488633273394,992.8826
1488633273430,992.8826
1488633273475,992.8826
1488633273506,992.8826
1488633273557,992.8676
1488633273584,992.8676
1488633273624,992.8676
1488633273659,992.8676
1488633273703,992.8605
1488633273738,992.8605
1488633273776,992.8605
1488633273814,992.8605
1488633273853,992.86426
1488633273892,992.86426
1488633273931,992.86426
1488633273970,992.86426
1488633274010,992.85657
1488633274052,992.85657
1488633274083,992.85657
1488633274123,992.85657
1488633274161,992.85657
1488633274201,992.8596
1488633274239,992.8596
1488633274279,992.8596
1488633274315,992.8596
1488633274354,992.8454
1488633274391,992.8454
1488633274430,992.8454
1488633274469,992.8454
1488633274519,992.8508
1488633274554,992.8508
1488633274583,992.8508
1488633274620,992.8508
1488633274660,992.8456
1488633274698,992.8456
1488633274736,992.8456
1488633274775,992.8456
1488633274814,992.8461
1488633274852,992.8461
1488633274891,992.8461
1488633274929,992.8461
1488633274969,992.8254
1488633275007,992.8254
1488633275048,992.8254
1488633275085,992.8254
1488633275124,992.82043
1488633275162,992.82043
1488633275233,992.82043
1488633275270,992.82043
1488633275319,992.8202
1488633275320,992.8202
1488633275353,992.8202
1488633275391,992.8202
1488633275438,992.8202
1488633275467,992.8202
1488633275505,992.8202
1488633275545,992.8202
1488633275582,992.8202
1488633275621,992.8076
1488633275660,992.8076
1488633275703,992.8076
1488633275739,992.8076
1488633275775,992.80975
1488633275814,992.80975
1488633275855,992.80975
1488633275890,992.80975
1488633275930,992.8008
1488633275969,992.8008
1488633276006,992.8008
1488633276047,992.8008
1488633276082,992.803
1488633276122,992.803
1488633276181,992.803
1488633276199,992.803
1488633276237,992.78986
1488633276277,992.78986
1488633276316,992.78986
1488633276355,992.78986
1488633276393,992.78986
1488633276429,992.78986
1488633276471,992.78986
1488633276507,992.78986
1488633276545,992.78546
1488633276583,992.78546
1488633276621,992.78546
1488633276665,992.78546
1488633276701,992.78546
1488633276737,992.7729
1488633276776,992.7729
1488633276817,992.7729
1488633276855,992.7729
1488633276891,992.7794
1488633276931,992.7794
1488633276968,992.7794
1488633277010,992.7794
1488633277048,992.7718
1488633277082,992.7718
1488633277124,992.7718
1488633277160,992.7718
1488633277200,992.7603
1488633277255,992.7603
1488633277318,992.7603
1488633277319,992.7603
1488633277351,992.7595
1488633277389,992.7595
1488633277429,992.7595
1488633277469,992.7595
1488633277506,992.753
1488633277547,992.753
1488633277581,992.753
1488633277622,992.753
1488633277660,992.76117
1488633277699,992.76117
1488633277738,992.76117
1488633277777,992.76117
1488633277812,992.753
1488633277852,992.753
1488633277890,992.753
1488633277931,992.753
1488633277968,992.753
1488633278009,992.7481
1488633278045,992.7481
1488633278082,992.7481
1488633278121,992.7481
1488633278161,992.74695
1488633278203,992.74695
1488633278237,992.74695
1488633278276,992.74695
1488633278316,992.75354
1488633278355,992.75354
1488633278392,992.75354
1488633278431,992.75354
1488633278470,992.7601
1488633278507,992.7601
1488633278545,992.7601
1488633278591,992.7601
1488633278623,992.7519
1488633278659,992.7519
1488633278700,992.7519
1488633278736,992.7519
1488633278776,992.7393
1488633278816,992.7393
1488633278855,992.7393
1488633278890,992.7393
1488633278929,992.7377
1488633278969,992.7377
1488633279008,992.7377
1488633279045,992.7377
1488633279083,992.7284
1488633279120,992.7284
1488633279160,992.7284
1488633279200,992.7284
1488633279297,992.7202
1488633279297,992.7202
1488633279314,992.7202
1488633279351,992.7202
1488633279390,992.7202
1488633279429,992.7145
1488633279467,992.7145
1488633279506,992.7145
1488633279545,992.7145
1488633279584,992.7199
1488633279620,992.7199
1488633279662,992.7199
1488633279698,992.7199
1488633279736,992.71826
1488633279776,992.71826
1488633279813,992.71826
1488633279854,992.71826
1488633279890,992.7134
1488633279929,992.7134
1488633279968,992.7134
1488633280006,992.7134
1488633280052,992.7101
1488633280092,992.7101
1488633280122,992.7101
1488633280162,992.7101
1488633280199,992.7155
1488633280237,992.7155
1488633280278,992.7155
1488633280315,992.7155
1488633280354,992.7188
1488633280390,992.7188
1488633280430,992.7188
1488633280469,992.7188
1488633280504,992.7111
1488633280547,992.7111
1488633280588,992.7111
1488633280621,992.7111
1488633280661,992.7111
1488633280699,992.7095
1488633280739,992.7095
1488633280776,992.7095
1488633280815,992.7095
1488633280851,992.7144
1488633280892,992.7144
1488633280931,992.7144
1488633280977,992.7144
1488633281006,992.7152
1488633281045,992.7152
1488633281083,992.7152
1488633281120,992.7152
1488633281162,992.69617
1488633281201,992.69617
1488633281238,992.69617
1488633281275,992.69617
1488633281314,992.6885
1488633281351,992.6885
1488633281393,992.6885
1488633281428,992.6885
1488633281468,992.69275
1488633281508,992.69275
1488633281545,992.69275
1488633281582,992.69275
1488633281619,992.6903
1488633281662,992.6903
1488633281698,992.6903
1488633281736,992.6903
1488633281775,992.67773
1488633281814,992.67773
1488633281854,992.67773
1488633281890,992.67773
1488633281929,992.67773
1488633281968,992.66797
1488633282005,992.66797
1488633282047,992.66797
1488633282081,992.66797
1488633282120,992.66846
1488633282161,992.66846
1488633282197,992.66846
1488633282239,992.66846
1488633282279,992.6739
1488633282313,992.6739
1488633282354,992.6739
1488633282389,992.6739
1488633282430,992.65674
1488633282468,992.65674
1488633282505,992.65674
1488633282545,992.65674
1488633282582,992.65344
1488633282622,992.65344
1488633282659,992.65344
1488633282697,992.65344
1488633282736,992.65674
1488633282777,992.65674
1488633282827,992.65674
1488633282850,992.65674
1488633282896,992.6638
1488633282928,992.6638
1488633282967,992.6638
1488633283004,992.6638
1488633283041,992.6452
1488633283080,992.6452
1488633283120,992.6452
1488633283162,992.6452
1488633283198,992.6452
1488633283235,992.6419
1488633283274,992.6419
1488633283314,992.6419
1488633283351,992.6419
1488633283393,992.64355
1488633283430,992.64355
1488633283468,992.64355
1488633283504,992.64355
1488633283546,992.63837
1488633283583,992.63837
1488633283619,992.63837
1488633283660,992.63837
1488633283696,992.6209
1488633283738,992.6209
1488633283775,992.6209
1488633283813,992.6209
1488633283851,992.6132
1488633283891,992.6132
1488633283927,992.6132
1488633283967,992.6132
1488633284004,992.6121
1488633284048,992.6121
1488633284084,992.6121
1488633284120,992.6121
1488633284162,992.6015
1488633284198,992.6015
1488633284234,992.6015
1488633284277,992.6015
1488633284313,992.5857
1488633284351,992.5857
1488633284392,992.5857
1488633284429,992.5857
1488633284470,992.5747
1488633284515,992.5747
1488633284543,992.5747
1488633284581,992.5747
1488633284623,992.5747
1488633284661,992.5818
1488633284697,992.5818
1488633284737,992.5818
1488633284774,992.5818
1488633284812,992.5769
1488633284852,992.5769
1488633284889,992.5769
1488633284930,992.5769
1488633284986,992.563
1488633285005,992.563
1488633285043,992.563
1488633285082,992.563
1488633285119,992.5586
1488633285161,992.5586
1488633285197,992.5586
1488633285235,992.5586
1488633285273,992.557
1488633285312,992.557
1488633285352,992.557
1488633285393,992.557
1488633285428,992.55585
1488633285465,992.55585
1488633285507,992.55585
1488633285543,992.55585
1488633285581,992.54004
1488633285619,992.54004
1488633285660,992.54004
1488633285698,992.54004
1488633285734,992.5302
1488633285772,992.5302
1488633285813,992.5302
1488633285849,992.5302
1488633285890,992.5302
1488633285928,992.5261
1488633285968,992.5261
1488633286004,992.5261
1488633286042,992.5261
1488633286091,992.5278
1488633286120,992.5278
1488633286158,992.5278
1488633286196,992.5278
1488633286234,992.52014
1488633286279,992.52014
1488633286315,992.52014
1488633286353,992.52014
1488633286391,992.5054
1488633286427,992.5054
1488633286468,992.5054
1488633286509,992.5054
1488633286541,992.50104
1488633286580,992.50104
1488633286619,992.50104
1488633286660,992.50104
1488633286698,992.5043
1488633286736,992.5043
1488633286774,992.5043
1488633286812,992.5043
1488633286850,992.5026
1488633286888,992.5026
1488633286927,992.5026
1488633286967,992.5026
1488633287003,992.5026
1488633287045,992.5026
1488633287082,992.5026
1488633287119,992.5026
1488633287160,992.5026
1488633287195,992.48846
1488633287233,992.48846
1488633287276,992.48846
1488633287313,992.48846
1488633287349,992.4803
1488633287387,992.4803
1488633287428,992.4803
1488633287467,992.4803
1488633287506,992.477
1488633287543,992.477
1488633287597,992.477
1488633287620,992.477
1488633287656,992.47784
1488633287696,992.47784
1488633287736,992.47784
1488633287776,992.47784
1488633287811,992.47296
1488633287851,992.47296
1488633287888,992.47296
1488633287926,992.47296
1488633287966,992.44727
1488633288002,992.44727
1488633288045,992.44727
1488633288082,992.44727
1488633288119,992.4391
1488633288156,992.4391
1488633288195,992.4391
1488633288234,992.4391
1488633288272,992.4353
1488633288311,992.4353
1488633288350,992.4353
1488633288389,992.4353
1488633288426,992.4353
1488633288464,992.4353
1488633288504,992.4353
1488633288543,992.4353
1488633288582,992.4353
1488633288617,992.42883
1488633288657,992.42883
1488633288699,992.42883
1488633288734,992.42883
1488633288775,992.4239
1488633288812,992.4239
1488633288851,992.4239
1488633288897,992.4239
1488633288926,992.42554
1488633288966,992.42554
1488633289005,992.42554
1488633289044,992.42554
1488633289083,992.4239
1488633289117,992.4239
1488633289158,992.4239
1488633289199,992.4239
1488633289236,992.4272
1488633289275,992.4272
1488633289314,992.4272
1488633289351,992.4272
1488633289388,992.4157
1488633289427,992.4157
1488633289465,992.4157
1488633289503,992.4157
1488633289550,992.4092
1488633289584,992.4092
1488633289619,992.4092
1488633289657,992.4092
1488633289695,992.4092
1488633289736,992.3999
1488633289774,992.3999
1488633289811,992.3999
1488633289850,992.3999
1488633289887,992.40967
1488633289926,992.40967
1488633289965,992.40967
1488633290005,992.40967
1488633290045,992.40753
1488633290084,992.40753
1488633290117,992.40753
1488633290157,992.40753
1488633290197,992.39935
1488633290233,992.39935
1488633290274,992.39935
1488633290314,992.39935
1488633290352,992.3819
1488633290389,992.3819
1488633290426,992.3819
1488633290466,992.3819
1488633290506,992.38306
1488633290542,992.38306
1488633290582,992.38306
1488633290619,992.38306
1488633290657,992.3819
1488633290695,992.3819
1488633290737,992.3819
1488633290773,992.3819
1488633290810,992.36993
1488633290858,992.36993
1488633290889,992.36993
1488633290926,992.36993
1488633290965,992.36743
1488633291003,992.36743
1488633291042,992.36743
1488633291080,992.36743
1488633291117,992.36743
1488633291159,992.356
1488633291196,992.356
1488633291235,992.356
1488633291296,992.356
1488633291312,992.356
1488633291347,992.356
1488633291385,992.356
1488633291425,992.356
1488633291463,992.356
1488633291501,992.356
1488633291541,992.356
1488633291579,992.356
1488633291616,992.35925
1488633291662,992.35925
1488633291695,992.35925
1488633291731,992.35925
1488633291770,992.3571
1488633291808,992.3571
1488633291849,992.3571
1488633291889,992.3571
1488633291924,992.3501
1488633291964,992.3501
1488633292003,992.3501
1488633292041,992.3501
1488633292092,992.3452
1488633292117,992.3452
1488633292158,992.3452
1488633292201,992.3452
1488633292231,992.34357
1488633292270,992.34357
