1488633659142,992.47406
1488633659142,992.47406
1488633659182,992.47406
1488633659219,992.47406
1488633659258,992.4847
1488633659296,992.4847
1488633659340,992.4847
1488633659374,992.4847
1488633659411,992.4784
1488633659457,992.4784
1488633659489,992.4784
1488633659527,992.4784
1488633659566,992.4888
1488633659607,992.4888
1488633659643,992.4888
1488633659681,992.4888
1488633659719,992.50464
1488633659759,992.50464
1488633659799,992.50464
1488633659838,992.50464
1488633659882,992.5112
1488633659911,992.5112
1488633659954,992.5112
1488633659989,992.5112
1488633660027,992.51337
1488633660066,992.51337
1488633660104,992.51337
1488633660143,992.51337
1488633660184,992.5095
1488633660222,992.5095
1488633660257,992.5095
1488633660296,992.5095
1488633660334,992.5109
1488633660385,992.5109
1488633660411,992.5109
1488633660451,992.5109
1488633660524,992.5109
1488633660546,992.51526
1488633660569,992.51526
1488633660603,992.51526
1488633660643,992.51526
1488633660681,992.5282
1488633660728,992.5282
1488633660757,992.5282
1488633660796,992.5282
1488633660835,992.51373
1488633660874,992.51373
1488633660913,992.51373
1488633660950,992.51373
1488633660987,992.4989
1488633661027,992.4989
1488633661065,992.4989
1488633661104,992.4989
1488633661142,992.4828
1488633661181,992.4828
1488633661219,992.4828
1488633661257,992.4828
1488633661304,992.47656
1488633661336,992.47656
1488633661374,992.47656
1488633661411,992.47656
1488633661450,992.4486
1488633661487,992.4486
1488633661528,992.4486
1488633661567,992.4486
1488633661605,992.4265
1488633661643,992.4265
1488633661683,992.4265
1488633661719,992.4265
1488633661758,992.417
1488633661795,992.417
1488633661843,992.417
1488633661876,992.417
1488633661911,992.417
1488633661954,992.3976
1488633661988,992.3976
1488633662028,992.3976
1488633662068,992.3976
1488633662105,992.3877
1488633662143,992.3877
1488633662181,992.3877
1488633662219,992.3877
1488633662257,992.3776
1488633662296,992.3776
1488633662335,992.3776
1488633662376,992.3776
1488633662411,992.3616
1488633662450,992.3616
1488633662493,992.3616
1488633662547,992.3616
1488633662600,992.3374
1488633662630,992.3374
1488633662647,992.3374
1488633662680,992.3374
1488633662719,992.3257
1488633662759,992.3257
1488633662796,992.3257
1488633662834,992.3257
1488633662873,992.31696
1488633662911,992.31696
1488633662949,992.31696
1488633662988,992.31696
1488633663028,992.29645
1488633663064,992.29645
1488633663103,992.29645
1488633663141,992.29645
1488633663182,992.29645
1488633663218,992.2897
1488633663256,992.2897
1488633663297,992.2897
1488633663335,992.2897
1488633663372,992.2842
1488633663410,992.2842
1488633663449,992.2842
1488633663488,992.2842
1488633663526,992.27246
1488633663565,992.27246
1488633663605,992.27246
1488633663643,992.27246
1488633663682,992.2511
1488633663719,992.2511
1488633663757,992.2511
1488633663797,992.2511
1488633663839,992.2312
1488633663873,992.2312
1488633663911,992.2312
1488633663951,992.2312
1488633664000,992.21014
1488633664031,992.21014
1488633664065,992.21014
1488633664102,992.21014
1488633664141,992.1965
1488633664179,992.1965
1488633664218,992.1965
1488633664257,992.1965
1488633664296,992.18475
1488633664335,992.18475
1488633664375,992.18475
1488633664411,992.18475
1488633664450,992.18475
1488633664489,992.1722
1488633664528,992.1722
1488633664581,992.1722
1488633664610,992.1722
1488633664642,992.15796
1488633664680,992.15796
1488633664718,992.15796
1488633664759,992.15796
1488633664800,992.14044
1488633664833,992.14044
1488633664875,992.14044
1488633664910,992.14044
1488633664949,992.1213
1488633664992,992.1213
1488633665027,992.1213
1488633665064,992.1213
1488633665101,992.09973
1488633665144,992.09973
1488633665179,992.09973
1488633665218,992.09973
1488633665260,992.0888
1488633665295,992.0888
1488633665333,992.0888
1488633665371,992.0888
1488633665411,992.08057
1488633665451,992.08057
1488633665488,992.08057
1488633665527,992.08057
1488633665567,992.0623
1488633665604,992.0623
1488633665641,992.0623
1488633665681,992.0623
1488633665724,992.0371
1488633665757,992.0371
1488633665796,992.0371
1488633665834,992.0371
1488633665879,992.0371
1488633665911,992.01746
1488633665948,992.01746
1488633665988,992.01746
1488633666031,992.01746
1488633666065,992.0016
1488633666105,992.0016
1488633666143,992.0016
1488633666181,992.0016
1488633666221,991.9784
1488633666257,991.9784
1488633666296,991.9784
1488633666336,991.9784
1488633666374,991.9625
1488633666412,991.9625
1488633666450,991.9625
1488633666493,991.9625
1488633666528,991.94885
1488633666598,991.94885
1488633666603,991.94885
1488633666643,991.94885
1488633666679,991.9415
1488633666718,991.9415
1488633666756,991.9415
1488633666798,991.9415
1488633666833,991.92126
1488633666872,991.92126
1488633666909,991.92126
1488633666949,991.92126
1488633666987,991.9079
1488633667026,991.9079
1488633667064,991.9079
1488633667103,991.9079
1488633667140,991.9079
1488633667179,991.90027
1488633667217,991.90027
1488633667256,991.90027
1488633667297,991.90027
1488633667335,991.8926
1488633667373,991.8926
1488633667410,991.8926
1488633667448,991.8926
1488633667488,991.8814
1488633667527,991.8814
1488633667565,991.8814
1488633667605,991.8814
1488633667643,991.87427
1488633667679,991.87427
1488633667718,991.87427
1488633667758,991.87427
1488633667795,991.8683
1488633667836,991.8683
1488633667875,991.8683
1488633667909,991.8683
1488633667950,991.8489
1488633667988,991.8489
1488633668025,991.8489
1488633668064,991.8489
1488633668103,991.8323
1488633668141,991.8323
1488633668179,991.8323
1488633668218,991.8323
1488633668261,991.8153
1488633668294,991.8153
1488633668333,991.8153
1488633668371,991.8153
1488633668409,991.80194
1488633668449,991.80194
1488633668488,991.80194
1488633668528,991.80194
1488633668566,991.80194
1488633668602,991.7806
1488633668641,991.7806
1488633668680,991.7806
1488633668718,991.7806
1488633668758,991.76886
1488633668796,991.76886
1488633668837,991.76886
1488633668872,991.76886
1488633668909,991.75684
1488633668948,991.75684
1488633668988,991.75684
1488633669027,991.75684
1488633669064,991.7451
1488633669103,991.7451
1488633669141,991.7451
1488633669180,991.7451
1488633669221,991.7352
1488633669256,991.7352
1488633669294,991.7352
1488633669333,991.7352
1488633669372,991.72845
1488633669410,991.72845
1488633669448,991.72845
1488633669488,991.72845
1488633669530,991.7173
1488633669565,991.7173
1488633669602,991.7173
1488633669639,991.7173
1488633669682,991.7008
1488633669720,991.7008
1488633669757,991.7008
1488633669795,991.7008
1488633669832,991.7008
1488633669875,991.68146
1488633669911,991.68146
1488633669947,991.68146
1488633669988,991.68146
1488633670026,991.66943
1488633670065,991.66943
1488633670105,991.66943
1488633670142,991.66943
1488633670181,991.6544
1488633670223,991.6544
1488633670259,991.6544
1488633670295,991.6544
1488633670332,991.6456
1488633670370,991.6456
1488633670411,991.6456
1488633670449,991.6456
1488633670487,991.6279
1488633670526,991.6279
1488633670566,991.6279
1488633670604,991.6279
1488633670642,991.6162
1488633670679,991.6162
1488633670718,991.6162
1488633670755,991.6162
1488633670795,991.60144
1488633670833,991.60144
1488633670872,991.60144
1488633670914,991.60144
1488633670947,991.5987
1488633670987,991.5987
1488633671026,991.5987
1488633671063,991.5987
1488633671104,991.5987
1488633671141,991.5853
1488633671179,991.5853
1488633671218,991.5853
1488633671256,991.5853
1488633671295,991.5594
1488633671332,991.5594
1488633671371,991.5594
1488633671409,991.5594
1488633671450,991.5391
1488633671487,991.5391
1488633671525,991.5391
1488633671563,991.5391
1488633671602,991.5165
1488633671641,991.5165
1488633671679,991.5165
1488633671719,991.5165
1488633671756,991.51263
1488633671793,991.51263
1488633671833,991.51263
1488633671870,991.51263
1488633671908,991.50586
1488633671947,991.50586
1488633671988,991.50586
1488633672036,991.50586
1488633672062,991.4987
1488633672101,991.4987
1488633672142,991.4987
1488633672179,991.4987
1488633672218,991.48065
1488633672254,991.48065
1488633672293,991.48065
1488633672331,991.48065
1488633672370,991.4932
1488633672408,991.4932
1488633672446,991.4932
1488633672485,991.4932
1488633672524,991.4932
1488633672562,991.4728
1488633672601,991.4728
1488633672640,991.4728
1488633672679,991.4728
1488633672719,991.47986
1488633672758,991.47986
1488633672794,991.47986
1488633672832,991.47986
1488633672870,991.4574
1488633672914,991.4574
1488633672946,991.4574
1488633672985,991.4574
1488633673025,991.4629
1488633673062,991.4629
1488633673101,991.4629
1488633673138,991.4629
1488633673177,991.4441
1488633673216,991.4441
1488633673254,991.4441
1488633673293,991.4441
1488633673333,991.4408
1488633673371,991.4408
1488633673410,991.4408
1488633673449,991.4408
1488633673485,991.43805
1488633673523,991.43805
1488633673562,991.43805
1488633673601,991.43805
1488633673640,991.4304
1488633673679,991.4304
1488633673719,991.4304
1488633673758,991.4304
1488633673793,991.4304
1488633673834,991.4304
1488633673871,991.4304
1488633673908,991.4304
1488633673947,991.4304
1488633673986,991.42224
1488633674024,991.42224
1488633674062,991.42224
1488633674101,991.42224
1488633674140,991.4282
1488633674177,991.4282
1488633674216,991.4282
1488633674256,991.4282
1488633674295,991.4299
1488633674332,991.4299
1488633674371,991.4299
1488633674411,991.4299
1488633674448,991.4293
1488633674486,991.4293
1488633674525,991.4293
1488633674566,991.4293
1488633674601,991.42114
1488633674641,991.42114
1488633674678,991.42114
1488633674717,991.42114
1488633674755,991.4214
1488633674792,991.4214
