1581013257350,997.78564
1581013257395,997.76514
1581013257426,997.75464
1581013257465,997.76733
1581013257505,997.7803
1581013257545,997.7771
1581013257585,997.77856
1581013257625,997.78613
1581013257664,997.7656
1581013257705,997.7666
1581013257744,997.77026
1581013257785,997.78564
1581013257824,997.80493
1581013257866,997.8264
1581013257904,997.83154
1581013257945,997.8174
1581013257985,997.803
1581013258024,997.78076
1581013258065,997.7617
1581013258105,997.7595
1581013258145,997.75854
1581013258188,997.7612
1581013258224,997.76904
1581013258264,997.7866
1581013258304,997.7727
1581013258346,997.75757
1581013258384,997.77686
1581013258424,997.7766
1581013258470,997.7825
1581013258504,997.77783
1581013258545,997.7842
1581013258585,997.7888
1581013258625,997.89087
1581013258666,997.95166
1581013258706,997.905
1581013258746,997.84766
1581013258785,997.8174
1581013258824,997.7637
1581013258866,997.7539
1581013258904,997.7505
1581013258945,997.7634
1581013258984,997.77
1581013259024,997.7815
1581013259064,997.7805
1581013259105,997.7832
1581013259148,997.79175
1581013259188,997.80176
1581013259224,997.7991
1581013259267,997.80884
1581013259305,997.81006
1581013259353,997.8108
1581013259386,997.8125
1581013259425,997.8179
1581013259467,997.8179
1581013259504,997.8069
1581013259544,997.7976
1581013259586,997.8042
1581013259624,997.80566
1581013259667,997.8008
1581013259705,997.7988
1581013259745,997.79663
1581013259786,997.80225
1581013259825,997.80566
1581013259866,997.8054
1581013259904,997.8093
1581013259948,997.8042
1581013259985,997.81006
1581013260024,997.8064
1581013260064,997.80273
1581013260105,997.8013
1581013260144,997.8081
1581013260184,997.8081
1581013260224,997.80664
1581013260264,997.81274
1581013260304,997.824
1581013260346,997.83057
1581013260385,997.8313
1581013260425,997.8262
1581013260466,997.82227
1581013260505,997.8242
1581013260546,997.82666
1581013260585,997.8264
1581013260624,997.81714
1581013260665,997.80884
1581013260705,997.8076
1581013260744,997.8032
1581013260785,997.80566
1581013260825,997.80176
1581013260866,997.80396
1581013260905,997.81177
1581013260946,997.81616
1581013260985,997.8198
1581013261025,997.8113
1581013261066,997.8064
1581013261105,997.81006
1581013261145,997.81396
1581013261185,997.8113
1581013261226,997.8137
1581013261266,997.81396
1581013261304,997.8115
1581013261345,997.8074
1581013261384,997.81226
1581013261424,997.80176
1581013261467,997.8069
1581013261504,997.80444
1581013261544,997.80493
1581013261585,997.8047
1581013261625,997.8003
1581013261666,997.801
1581013261705,997.8086
1581013261745,997.8152
1581013261784,997.8208
1581013261826,997.81836
1581013261866,997.8115
1581013261906,997.8137
1581013261944,997.81934
1581013261985,997.8213
1581013262024,997.8257
1581013262066,997.81885
1581013262104,997.82544
1581013262145,997.8225
1581013262185,997.81885
1581013262229,997.8218
1581013262265,997.82104
1581013262306,997.8203
1581013262345,997.82007
1581013262385,997.8237
1581013262426,997.8147
1581013262467,997.8154
1581013262504,997.8181
1581013262544,997.81445
1581013262584,997.8142
1581013262624,997.81274
1581013262664,997.8098
1581013262705,997.8108
1581013262744,997.81616
1581013262785,997.80566
1581013262825,997.80615
1581013262867,997.8032
1581013262905,997.80396
1581013262945,997.801
1581013262985,997.8015
1581013263024,997.80884
1581013263067,997.80396
1581013263104,997.80347
1581013263144,997.80615
1581013263184,997.8113
1581013263225,997.80664
1581013263266,997.8025
1581013263306,997.8096
1581013263345,997.8096
1581013263385,997.80884
1581013263426,997.80566
1581013263465,997.80005
1581013263505,997.80444
1581013263546,997.812
1581013263585,997.8252
1581013263625,997.82764
1581013263665,997.8257
1581013263704,997.82007
1581013263745,997.8159
1581013263785,997.8191
1581013263824,997.80786
1581013263866,997.8076
1581013263905,997.8174
1581013263945,997.823
1581013263984,997.8179
1581013264025,997.8198
1581013264066,997.81177
1581013264105,997.8152
1581013264145,997.8176
1581013264186,997.8196
1581013264224,997.8147
1581013264264,997.81323
1581013264304,997.8218
1581013264345,997.8115
1581013264386,997.8125
1581013264425,997.8108
1581013264468,997.81055
1581013264505,997.80005
1581013264545,997.7954
1581013264586,997.79834
1581013264625,997.7947
1581013264666,997.79614
1581013264709,997.80493
1581013264745,997.8103
1581013264787,997.8113
1581013264825,997.8003
1581013264866,997.803
1581013264904,997.7998
1581013264944,997.7947
1581013264985,997.7915
1581013265025,997.7986
1581013265064,997.8074
1581013265105,997.801
1581013265144,997.7991
1581013265186,997.79785
1581013265226,997.79736
1581013265266,997.8037
1581013265305,997.8052
1581013265345,997.813
1581013265385,997.80396
1581013265426,997.80176
1581013265464,997.7969
1581013265504,997.80225
1581013265544,997.80273
1581013265584,997.80786
1581013265625,997.8047
1581013265664,997.8059
1581013265705,997.81226
1581013265745,997.8025
1581013265786,997.8052
1581013265825,997.8025
1581013265866,997.79956
1581013265905,997.79443
1581013265945,997.78125
1581013265985,997.80054
1581013266024,997.79663
1581013266064,997.79346
1581013266104,997.7947
1581013266144,997.80347
1581013266186,997.8069
1581013266225,997.8059
1581013266264,997.8025
1581013266305,997.80615
1581013266345,997.8042
1581013266386,997.79443
1581013266426,997.7932
1581013266465,997.7925
1581013266505,997.791
1581013266545,997.7849
1581013266585,997.7993
1581013266624,997.8208
1581013266664,997.80273
1581013266708,997.79175
1581013266749,997.7988
1581013266786,997.79956
1581013266825,997.79614
1581013266866,997.7969
1581013266904,997.8086
1581013266945,997.8135
1581013266988,997.8074
1581013267025,997.79785
1581013267066,997.79126
1581013267105,997.79224
1581013267145,997.7893
1581013267185,997.7908
1581013267225,997.7905
1581013267264,997.801
1581013267304,997.80347
1581013267345,997.8003
1581013267386,997.7998
1581013267424,997.801
1581013267464,997.80615
1581013267505,997.80225
1581013267545,997.8098
1581013267586,997.8154
1581013267625,997.8071
1581013267665,997.8003
1581013267705,997.7993
1581013267744,997.7947
1581013267785,997.7954
1581013267825,997.792
1581013267864,997.7991
1581013267905,997.8081
1581013267944,997.801
1581013267985,997.79736
1581013268025,997.7969
1581013268065,997.8086
1581013268105,997.8125
1581013268145,997.8213
1581013268185,997.81104
1581013268225,997.8071
1581013268268,997.80493
1581013268305,997.8093
1581013268345,997.81177
1581013268385,997.8142
1581013268424,997.823
1581013268464,997.813
1581013268505,997.8096
1581013268544,997.80347
1581013268584,997.81885
1581013268625,997.8142
1581013268664,997.8086
1581013268705,997.8152
1581013268745,997.82104
1581013268785,997.8164
1581013268826,997.8115
1581013268865,997.80176
1581013268905,997.80786
1581013268945,997.8047
1581013268988,997.8059
1581013269024,997.80835
1581013269064,997.802
1581013269107,997.79956
1581013269144,997.8054
1581013269187,997.8042
1581013269225,997.81104
1581013269264,997.81934
1581013269304,997.81665
1581013269345,997.82007
1581013269385,997.8242
1581013269425,997.8125
1581013269464,997.8047
1581013269506,997.80176
1581013269546,997.80347
1581013269585,997.79614
1581013269625,997.78784
1581013269664,997.7883
1581013269705,997.79443
1581013269745,997.79956
1581013269785,997.79565
1581013269825,997.79346
1581013269864,997.7998
1581013269904,997.8098
1581013269945,997.81665
1581013269985,997.80615
1581013270025,997.79663
1581013270065,997.8074
1581013270106,997.80396
1581013270145,997.8098
1581013270185,997.8074
1581013270224,997.8154
1581013270264,997.82056
1581013270306,997.81445
1581013270344,997.8157
1581013270384,997.8164
1581013270425,997.822
1581013270466,997.81445
1581013270506,997.8115
1581013270546,997.8218
1581013270585,997.8096
1581013270625,997.8113
1581013270665,997.812
1581013270705,997.8196
1581013270745,997.82153
1581013270784,997.81934
1581013270824,997.8142
1581013270865,997.81177
1581013270905,997.8093
1581013270944,997.81396
1581013270984,997.81934
1581013271024,997.8147
1581013271065,997.8115
1581013271106,997.8157
1581013271145,997.81006
1581013271185,997.8147
1581013271225,997.81104
1581013271265,997.80884
1581013271306,997.80054
1581013271346,997.79517
1581013271389,997.8054
1581013271424,997.80786
1581013271464,997.8069
1581013271504,997.8113
1581013271544,997.8086
1581013271584,997.8113
1581013271624,997.8137
1581013271664,997.80005
1581013271705,997.7981
1581013271745,997.79614
1581013271785,997.802
1581013271825,997.7964
1581013271865,997.7949
1581013271906,997.802
1581013271945,997.8154
1581013271986,997.8179
1581013272024,997.8262
1581013272064,997.82446
1581013272105,997.8147
1581013272144,997.8325
1581013272185,997.81445
1581013272224,997.79614
1581013272264,997.79224
1581013272306,997.79395
1581013272344,997.8003
1581013272385,997.7976
1581013272425,997.79663
1581013272465,997.8052
1581013272505,997.80176
1581013272545,997.8142
1581013272585,997.81177
1581013272625,997.8157
1581013272664,997.8242
1581013272705,997.80884
1581013272744,997.80054
1581013272784,997.8032
1581013272825,997.79834
1581013272865,997.8025
1581013272907,997.81006
1581013272945,997.8181
1581013272984,997.82056
1581013273025,997.8452
1581013273065,997.83276
1581013273108,997.8374
1581013273145,997.85596
1581013273185,997.85205
1581013273224,997.8511
1581013273264,997.8347
1581013273305,997.8252
1581013273345,997.81885
1581013273384,997.8213
1581013273425,997.8252
1581013273465,997.82495
1581013273505,997.8237
1581013273545,997.81934
1581013273584,997.82666
1581013273626,997.8325
1581013273665,997.8347
1581013273706,997.8362
1581013273745,997.8408
1581013273785,997.8274
1581013273825,997.8325
1581013273864,997.8367
1581013273905,997.8345
1581013273944,997.8286
1581013273984,997.834
1581013274024,997.8367
1581013274064,997.83765
1581013274108,997.83765
1581013274145,997.84424
1581013274184,997.8501
1581013274225,997.8379
1581013274265,997.8447
1581013274306,997.84717
1581013274345,997.843
1581013274385,997.8362
1581013274425,997.8384
1581013274465,997.82935
1581013274505,997.82544
1581013274544,997.812
1581013274584,997.8142
1581013274626,997.8157
1581013274664,997.813
1581013274705,997.8142
1581013274745,997.8164
1581013274784,997.8179
1581013274826,997.8247
1581013274866,997.8406
1581013274908,997.8345
1581013274945,997.8325
1581013274985,997.8369
1581013275025,997.8323
1581013275064,997.82764
1581013275105,997.8257
1581013275147,997.8301
1581013275184,997.83203
1581013275224,997.85693
1581013275264,997.84766
1581013275305,997.8391
1581013275345,997.8396
1581013275384,997.84033
1581013275427,997.843
1581013275466,997.83203
1581013275505,997.8274
1581013275545,997.8252
1581013275584,997.8181
1581013275626,997.81177
1581013275665,997.8203
1581013275704,997.82227
1581013275745,997.8203
1581013275784,997.8264
1581013275825,997.83984
1581013275865,997.84033
1581013275904,997.84595
1581013275945,997.8594
1581013275985,997.85693
1581013276026,997.8435
1581013276065,997.8401
1581013276105,997.83984
1581013276146,997.8364
1581013276185,997.8386
1581013276225,997.8281
1581013276264,997.8237
1581013276304,997.8367
1581013276345,997.8445
1581013276384,997.85474
1581013276425,997.84033
1581013276464,997.83984
1581013276505,997.8435
1581013276545,997.8496
1581013276585,997.84204
1581013276626,997.83496
1581013276666,997.8386
1581013276705,997.8406
1581013276745,997.8447
1581013276784,997.8384
1581013276826,997.83887
1581013276864,997.84155
1581013276904,997.83887
1581013276944,997.843
1581013276984,997.85156
1581013277026,997.8428
1581013277064,997.83545
1581013277107,997.8452
1581013277146,997.85034
1581013277185,997.83813
1581013277226,997.84204
1581013277266,997.83936
1581013277305,997.83716
1581013277345,997.8374
1581013277385,997.8335
1581013277425,997.8335
1581013277464,997.8198
1581013277504,997.82935
1581013277544,997.83813
1581013277585,997.84326
1581013277626,997.8496
1581013277665,997.85254
1581013277704,997.8657
1581013277745,997.8745
1581013277785,997.85376
1581013277825,997.8479
1581013277865,997.8418
1581013277905,997.8367
1581013277946,997.8301
1581013277984,997.8367
1581013278024,997.8347
1581013278064,997.84375
1581013278107,997.8445
1581013278145,997.83325
1581013278184,997.83594
1581013278228,997.8501
1581013278265,997.8645
1581013278305,997.8684
1581013278345,997.8572
1581013278386,997.85645
1581013278425,997.85254
1581013278465,997.84717
1581013278506,997.8513
1581013278545,997.8489
1581013278584,997.8406
1581013278625,997.843
1581013278664,997.85474
1581013278704,997.84644
1581013278745,997.8406
1581013278785,997.8462
1581013278826,997.8511
1581013278867,997.843
1581013278904,997.8572
1581013278945,997.8396
1581013278985,997.82275
1581013279025,997.82153
1581013279065,997.8259
1581013279105,997.8125
1581013279145,997.81714
1581013279186,997.8196
1581013279224,997.82056
1581013279267,997.8257
1581013279304,997.8235
1581013279345,997.8225
1581013279384,997.8247
1581013279426,997.8286
1581013279464,997.82935
1581013279504,997.8396
1581013279545,997.8435
1581013279585,997.8335
1581013279625,997.83545
1581013279665,997.84033
1581013279705,997.83594
1581013279745,997.83374
1581013279785,997.8391
1581013279824,997.83984
1581013279865,997.8535
1581013279904,997.84204
1581013279945,997.8384
1581013279985,997.8423
1581013280025,997.8562
1581013280065,997.8584
1581013280105,997.8606
1581013280145,997.86694
1581013280185,997.85474
1581013280226,997.8435
1581013280265,997.8369
1581013280305,997.8362
1581013280345,997.8379
1581013280385,997.8347
1581013280424,997.8408
1581013280464,997.8447
1581013280504,997.83057
1581013280545,997.8225
1581013280585,997.8218
1581013280624,997.834
1581013280665,997.83716
1581013280705,997.854
1581013280745,997.8552
1581013280785,997.84204
1581013280825,997.8313
1581013280865,997.8259
1581013280905,997.8286
1581013280944,997.82495
1581013280984,997.83057
1581013281024,997.8352
1581013281064,997.8611
1581013281104,997.8557
1581013281145,997.844
1581013281185,997.8474
1581013281224,997.8408
1581013281266,997.84155
1581013281304,997.8367
1581013281345,997.8413
1581013281385,997.83545
1581013281425,997.8203
1581013281465,997.8247
1581013281505,997.8191
1581013281545,997.82324
1581013281584,997.823
1581013281625,997.8357
1581013281665,997.83057
1581013281705,997.83496
1581013281745,997.83496
1581013281784,997.834
1581013281825,997.83203
1581013281865,997.8318
1581013281905,997.84326
1581013281946,997.8447
1581013281985,997.83545
1581013282025,997.8303
1581013282065,997.8308
1581013282105,997.8252
1581013282145,997.8247
1581013282185,997.823
1581013282224,997.82935
1581013282264,997.8408
1581013282304,997.8362
1581013282345,997.82764
1581013282385,997.8264
1581013282425,997.8286
1581013282464,997.82666
1581013282505,997.82935
1581013282545,997.8352
1581013282585,997.8203
1581013282625,997.8164
1581013282664,997.8203
1581013282706,997.8137
1581013282745,997.8159
1581013282784,997.81226
1581013282824,997.8159
1581013282864,997.824
1581013282904,997.81226
1581013282945,997.8096
1581013282985,997.81885
1581013283024,997.8235
1581013283065,997.8225
1581013283105,997.822
1581013283145,997.8264
1581013283185,997.8208
1581013283225,997.8071
1581013283265,997.7988
1581013283305,997.8071
1581013283345,997.8113
1581013283384,997.8091
1581013283424,997.8142
1581013283464,997.82056
1581013283504,997.82764
1581013283544,997.8196
1581013283585,997.82104
1581013283625,997.81934
1581013283664,997.8096
1581013283704,997.8259
1581013283745,997.83374
1581013283785,997.8262
1581013283825,997.8115
1581013283866,997.8091
1581013283905,997.7981
1581013283945,997.7925
1581013283984,997.7981
1581013284024,997.7976
1581013284065,997.8003
1581013284104,997.8025
1581013284145,997.80005
1581013284185,997.8003
1581013284224,997.812
1581013284265,997.8154
1581013284305,997.8081
1581013284345,997.8037
1581013284385,997.7964
1581013284425,997.7991
1581013284465,997.7998
1581013284505,997.79126
1581013284545,997.79443
1581013284584,997.7964
1581013284624,997.8015
1581013284665,997.81055
1581013284704,997.81055
1581013284745,997.81396
1581013284785,997.8113
1581013284825,997.8286
1581013284865,997.8181
1581013284905,997.81885
1581013284945,997.8137
1581013284986,997.8196
1581013285025,997.81445
1581013285065,997.8093
1581013285106,997.81006
1581013285145,997.8064
1581013285185,997.81055
1581013285224,997.81274
1581013285264,997.8203
1581013285305,997.8137
1581013285345,997.8098
1581013285385,997.8135
1581013285424,997.81177
1581013285465,997.80884
1581013285505,997.8052
1581013285545,997.79565
1581013285586,997.8008
1581013285625,997.80273
1581013285666,997.7993
1581013285705,997.80225
1581013285746,997.8003
1581013285784,997.80396
1581013285825,997.80835
1581013285865,997.8125
1581013285905,997.82056
1581013285945,997.8252
1581013285984,997.8369
1581013286025,997.82837
1581013286065,997.81494
1581013286106,997.81396
1581013286146,997.823
1581013286186,997.8218
1581013286225,997.82544
1581013286265,997.82446
1581013286305,997.83545
1581013286346,997.83374
1581013286384,997.8196
1581013286424,997.82227
1581013286465,997.82056
1581013286504,997.8179
1581013286544,997.82764
1581013286585,997.8379
1581013286624,997.8313
1581013286665,997.8164
1581013286705,997.81396
1581013286745,997.81274
1581013286786,997.81006
1581013286825,997.8047
1581013286865,997.8064
1581013286905,997.80054
1581013286945,997.7927
1581013286987,997.7881
1581013287024,997.79395
1581013287067,997.8054
1581013287105,997.8071
1581013287145,997.80615
1581013287185,997.82666
1581013287225,997.8252
1581013287265,997.82104
1581013287305,997.8142
1581013287344,997.8064
1581013287385,997.8008
1581013287426,997.7991
1581013287466,997.80664
1581013287505,997.8152
1581013287545,997.8186
1581013287584,997.83203
1581013287624,997.8213
1581013287664,997.82544
1581013287704,997.8247
1581013287744,997.8264
1581013287784,997.83325
1581013287825,997.8379
1581013287864,997.8247
1581013287905,997.8147
1581013287945,997.8071
1581013287985,997.8052
1581013288026,997.80615
1581013288065,997.7927
1581013288105,997.80005
1581013288145,997.7971
1581013288185,997.80566
1581013288224,997.82104
1581013288266,997.82666
1581013288305,997.83276
1581013288344,997.8296
1581013288384,997.85205
1581013288425,997.833
1581013288465,997.81616
1581013288505,997.803
1581013288545,997.7949
1581013288585,997.7959
1581013288626,997.8037
1581013288666,997.8054
1581013288705,997.8225
1581013288745,997.81714
1581013288785,997.81885
1581013288824,997.8247
1581013288865,997.8196
1581013288905,997.83374
1581013288944,997.8386
1581013288985,997.84863
1581013289024,997.83765
1581013289064,997.8159
1581013289105,997.81396
1581013289145,997.8096
1581013289185,997.80835
1581013289225,997.82104
1581013289266,997.8176
1581013289305,997.8093
1581013289345,997.80884
1581013289384,997.8003
1581013289424,997.80566
1581013289465,997.8125
1581013289505,997.8159
1581013289544,997.824
1581013289585,997.8191
1581013289624,997.8264
1581013289665,997.8098
1581013289704,997.792
1581013289745,997.79224
1581013289785,997.79834
1581013289825,997.80054
1581013289866,997.8042
1581013289905,997.8032
1581013289945,997.81494
1581013289985,997.8125
1581013290026,997.8093
1581013290066,997.8152
1581013290104,997.8174
1581013290144,997.82715
1581013290184,997.82275
1581013290224,997.822
1581013290265,997.82764
1581013290305,997.812
1581013290345,997.80566
1581013290385,997.81177
1581013290426,997.81714
1581013290466,997.8096
1581013290504,997.8115
1581013290545,997.8174
1581013290585,997.8176
1581013290624,997.81006
1581013290666,997.8052
1581013290705,997.7964
1581013290744,997.7991
1581013290785,997.7986
1581013290825,997.80493
1581013290866,997.82666
1581013290905,997.82544
1581013290945,997.80786
1581013290985,997.8047
1581013291025,997.8069
1581013291066,997.8059
1581013291106,997.8054
1581013291146,997.8054
1581013291185,997.8086
1581013291225,997.80176
1581013291265,997.822
1581013291304,997.82104
1581013291345,997.80225
1581013291385,997.81494
1581013291425,997.8179
1581013291466,997.8274
1581013291506,997.8113
1581013291545,997.8064
1581013291587,997.8013
1581013291625,997.7908
1581013291666,997.7876
1581013291705,997.7827
1581013291745,997.7959
1581013291785,997.8069
1581013291825,997.80054
1581013291864,997.7971
1581013291904,997.8059
1581013291945,997.81616
1581013291986,997.8323
1581013292024,997.8308
1581013292064,997.84546
1581013292105,997.8435
1581013292145,997.8313
1581013292186,997.8135
1581013292225,997.81006
1581013292266,997.81396
1581013292305,997.8164
1581013292345,997.8071
1581013292385,997.8115
1581013292425,997.83374
1581013292464,997.8235
1581013292505,997.8103
1581013292545,997.8198
1581013292586,997.82837
1581013292625,997.8335
1581013292665,997.82227
1581013292706,997.8325
1581013292745,997.82935
1581013292786,997.80347
1581013292825,997.79663
1581013292866,997.7898
1581013292905,997.78687
1581013292944,997.7927
1581013292984,997.7964
1581013293024,997.8115
1581013293065,997.80444
1581013293104,997.79736
1581013293145,997.79297
1581013293187,997.80005
1581013293224,997.80884
1581013293264,997.81104
1581013293305,997.8208
1581013293345,997.8362
1581013293386,997.83203
1581013293426,997.8303
1581013293465,997.823
1581013293505,997.8213
1581013293545,997.8176
1581013293584,997.81885
1581013293624,997.81616
1581013293665,997.8176
1581013293704,997.8386
1581013293744,997.844
1581013293787,997.8296
1581013293824,997.8279
1581013293864,997.83105
1581013293905,997.8345
1581013293945,997.83765
1581013293985,997.8428
1581013294025,997.82935
1581013294065,997.812
1581013294105,997.8052
1581013294146,997.8015
1581013294185,997.7925
1581013294225,997.79126
1581013294264,997.79736
1581013294305,997.8071
1581013294345,997.801
1581013294386,997.79224
1581013294424,997.8042
1581013294465,997.8164
1581013294505,997.82324
1581013294545,997.8296
1581013294588,997.8513
1581013294625,997.83545
1581013294665,997.81714
1581013294705,997.80225
1581013294746,997.79736
1581013294785,997.8037
1581013294824,997.81177
1581013294864,997.8198
1581013294905,997.8364
1581013294945,997.8179
1581013294985,997.81665
1581013295025,997.83203
1581013295064,997.8208
1581013295105,997.8274
1581013295146,997.8391
1581013295185,997.80835
1581013295225,997.79736
1581013295265,997.7991
1581013295305,997.8008
1581013295345,997.8037
1581013295386,997.81055
1581013295425,997.80566
1581013295464,997.81055
1581013295506,997.8042
1581013295545,997.8025
1581013295586,997.8054
1581013295625,997.8108
1581013295666,997.8247
1581013295706,997.8313
1581013295746,997.8347
1581013295785,997.845
1581013295825,997.82886
1581013295866,997.8152
1581013295905,997.8159
1581013295945,997.803
1581013295985,997.81274
1581013296025,997.81177
1581013296064,997.81494
1581013296104,997.8213
1581013296144,997.8274
1581013296185,997.8169
1581013296225,997.8093
1581013296265,997.81714
1581013296306,997.8237
1581013296345,997.8257
1581013296386,997.8291
1581013296425,997.8003
1581013296465,997.78906
1581013296506,997.78516
1581013296545,997.7822
1581013296584,997.7859
1581013296625,997.7898
1581013296664,997.80835
1581013296705,997.802
1581013296748,997.7993
1581013296785,997.7954
1581013296824,997.79834
1581013296865,997.80176
1581013296905,997.8074
1581013296945,997.8042
1581013296985,997.8191
1581013297025,997.7971
1581013297065,997.79297
1581013297106,997.78516
1581013297144,997.7866
1581013297184,997.7954
1581013297224,997.7991
1581013297269,997.8098
1581013297305,997.8074
1581013297344,997.8213
1581013297384,997.80884
1581013297424,997.8176
1581013297465,997.834
1581013297506,997.83105
1581013297546,997.83496
1581013297586,997.833
1581013297625,997.81104
1581013297665,997.8113
1581013297706,997.8074
1581013297744,997.8025
1581013297785,997.79663
1581013297826,997.7998
1581013297864,997.7991
1581013297906,997.79395
1581013297945,997.7927
1581013297986,997.7998
1581013298025,997.81226
1581013298065,997.82056
1581013298106,997.8457
1581013298146,997.83496
1581013298185,997.82324
1581013298225,997.82153
1581013298265,997.8135
1581013298305,997.82056
1581013298344,997.8286
1581013298385,997.83105
1581013298424,997.8391
1581013298464,997.84155
1581013298505,997.8318
1581013298544,997.82056
1581013298584,997.82495
1581013298624,997.8264
1581013298665,997.8323
1581013298706,997.82544
1581013298745,997.8064
1581013298785,997.79956
1581013298825,997.80273
1581013298865,997.8098
1581013298905,997.80664
1581013298944,997.80664
1581013298984,997.83545
1581013299025,997.8196
1581013299064,997.8113
1581013299108,997.8069
1581013299144,997.8103
1581013299184,997.8384
1581013299225,997.8362
1581013299264,997.8457
1581013299305,997.8501
1581013299345,997.83716
1581013299385,997.8242
1581013299425,997.81494
1581013299465,997.813
1581013299505,997.82104
1581013299544,997.8237
1581013299584,997.84766
1581013299625,997.85034
1581013299664,997.8362
1581013299705,997.8374
1581013299744,997.8528
1581013299784,997.85815
1581013299824,997.8528
1581013299865,997.8508
1581013299905,997.8374
1581013299945,997.82446
1581013299985,997.82153
1581013300026,997.822
1581013300064,997.8262
1581013300105,997.8262
1581013300144,997.8242
1581013300184,997.8335
1581013300225,997.8279
1581013300265,997.82764
1581013300304,997.833
1581013300345,997.8484
1581013300385,997.8474
1581013300425,997.8511
1581013300465,997.84717
1581013300505,997.8335
1581013300545,997.8264
1581013300585,997.8225
1581013300625,997.81665
1581013300665,997.81494
1581013300705,997.813
1581013300745,997.8203
1581013300784,997.8447
1581013300825,997.83545
1581013300864,997.8264
1581013300905,997.8257
1581013300944,997.8252
1581013300984,997.8467
1581013301028,997.84644
1581013301065,997.833
1581013301105,997.8296
1581013301145,997.8247
1581013301185,997.8152
1581013301226,997.82495
1581013301265,997.8181
1581013301308,997.8091
1581013301344,997.80444
1581013301384,997.81665
1581013301427,997.8262
1581013301465,997.8296
1581013301505,997.8342
1581013301545,997.83545
1581013301584,997.82837
1581013301626,997.82324
1581013301665,997.82104
1581013301704,997.8296
1581013301745,997.83203
1581013301785,997.82983
1581013301825,997.8269
1581013301865,997.8496
1581013301905,997.8413
1581013301945,997.8374
1581013301986,997.84424
1581013302028,997.8491
1581013302064,997.854
1581013302105,997.8342
1581013302144,997.81396
1581013302184,997.80615
1581013302226,997.8074
1581013302265,997.80884
1581013302305,997.80884
1581013302345,997.80664
1581013302385,997.81104
1581013302425,997.8169
1581013302465,997.8159
1581013302506,997.8235
1581013302544,997.8269
1581013302585,997.8352
1581013302625,997.8457
1581013302664,997.83203
1581013302705,997.8235
1581013302745,997.8137
1581013302786,997.8103
1581013302826,997.8181
1581013302866,997.81494
1581013302906,997.84644
1581013302946,997.83496
1581013302987,997.82275
1581013303028,997.8242
1581013303065,997.8345
1581013303104,997.8413
1581013303145,997.8318
1581013303184,997.8357
1581013303225,997.822
1581013303264,997.80493
1581013303304,997.80396
1581013303344,997.8076
1581013303384,997.8037
1581013303425,997.80225
1581013303465,997.80273
1581013303505,997.7981
1581013303545,997.8015
1581013303585,997.8115
1581013303627,997.8152
1581013303665,997.824
1581013303707,997.82715
1581013303744,997.84033
1581013303784,997.8203
1581013303825,997.8174
1581013303864,997.8159
1581013303905,997.81885
1581013303945,997.8208
1581013303985,997.8181
1581013304026,997.82324
1581013304065,997.8191
1581013304105,997.8374
1581013304145,997.8369
1581013304185,997.83325
1581013304226,997.8281
1581013304265,997.834
1581013304305,997.83887
1581013304344,997.84375
1581013304384,997.8257
1581013304425,997.8135
1581013304465,997.8113
1581013304504,997.8113
1581013304545,997.8054
1581013304584,997.8074
1581013304624,997.8069
1581013304665,997.8037
1581013304705,997.8052
1581013304745,997.8059
1581013304786,997.81177
1581013304825,997.81323
1581013304865,997.8154
1581013304905,997.8257
1581013304946,997.82275
1581013304985,997.8218
1581013305027,997.8157
1581013305064,997.82275
1581013305104,997.8279
1581013305144,997.8291
1581013305185,997.8303
1581013305226,997.8318
1581013305265,997.8408
1581013305305,997.8367
1581013305345,997.8352
1581013305385,997.82715
1581013305425,997.8323
1581013305465,997.84204
1581013305504,997.853
1581013305545,997.8567
1581013305585,997.8386
1581013305627,997.82764
1581013305665,997.82007
1581013305704,997.8108
1581013305745,997.8125
1581013305784,997.8096
1581013305826,997.8115
1581013305865,997.81396
1581013305905,997.8074
1581013305946,997.8091
1581013305985,997.81714
1581013306027,997.81665
1581013306065,997.8279
1581013306105,997.83716
1581013306144,997.83887
1581013306187,997.8262
1581013306225,997.8259
1581013306265,997.81885
1581013306304,997.8208
1581013306346,997.8252
1581013306385,997.8257
1581013306426,997.86426
1581013306465,997.8396
1581013306505,997.82666
1581013306546,997.8259
1581013306585,997.8296
1581013306625,997.83984
1581013306665,997.8374
1581013306704,997.8425
1581013306745,997.8579
1581013306788,997.8435
1581013306824,997.82715
1581013306864,997.8125
1581013306904,997.80444
1581013306944,997.80176
1581013306984,997.80664
1581013307030,997.8071
1581013307066,997.8059
1581013307105,997.81226
1581013307146,997.80347
1581013307185,997.8093
1581013307226,997.82056
1581013307265,997.8301
1581013307304,997.83105
1581013307346,997.8196
1581013307385,997.8369
1581013307424,997.8345
1581013307465,997.8159
1581013307504,997.8086
1581013307544,997.8015
1581013307585,997.8086
1581013307625,997.8052
1581013307664,997.8086
1581013307706,997.8081
1581013307746,997.8323
1581013307786,997.83057
1581013307826,997.83203
1581013307865,997.8303
1581013307905,997.83496
1581013307946,997.83276
1581013307984,997.84375
1581013308024,997.8362
1581013308065,997.8252
1581013308105,997.8093
1581013308145,997.80493
1581013308185,997.80396
1581013308225,997.80566
1581013308265,997.80884
1581013308305,997.8169
1581013308345,997.8157
1581013308385,997.81226
1581013308425,997.8135
1581013308465,997.81226
1581013308505,997.82227
1581013308546,997.83203
1581013308584,997.8242
1581013308625,997.8345
1581013308665,997.8323
1581013308705,997.8303
1581013308746,997.82935
1581013308785,997.8357
1581013308825,997.8325
1581013308865,997.8396
1581013308905,997.83325
1581013308946,997.8303
1581013308985,997.8342
1581013309025,997.82666
1581013309066,997.81665
1581013309105,997.8113
1581013309146,997.8179
1581013309184,997.8176
1581013309224,997.81274
1581013309264,997.8203
1581013309305,997.822
1581013309345,997.8179
1581013309384,997.8154
1581013309425,997.8174
1581013309465,997.8135
1581013309505,997.81445
1581013309545,997.82275
1581013309585,997.8237
1581013309625,997.8269
1581013309665,997.82764
1581013309706,997.8274
1581013309747,997.8291
1581013309784,997.824
1581013309825,997.8186
1581013309865,997.81714
1581013309905,997.8169
1581013309944,997.81274
1581013309985,997.8037
1581013310025,997.7991
1581013310066,997.79395
1581013310105,997.79346
1581013310146,997.79663
1581013310185,997.80444
1581013310225,997.81104
1581013310265,997.8096
1581013310305,997.8069
1581013310345,997.81177
1581013310384,997.8157
1581013310424,997.8259
1581013310464,997.83545
1581013310504,997.84155
1581013310544,997.83936
1581013310584,997.8323
1581013310625,997.824
1581013310665,997.8269
1581013310705,997.8235
1581013310747,997.82007
1581013310786,997.82544
1581013310825,997.833
1581013310865,997.8396
1581013310904,997.8313
1581013310945,997.83057
1581013310984,997.84204
1581013311024,997.84155
1581013311065,997.8408
1581013311105,997.84424
1581013311147,997.8335
1581013311185,997.8369
1581013311225,997.8259
1581013311265,997.8247
1581013311305,997.8157
1581013311346,997.81665
1581013311385,997.8147
1581013311426,997.8191
1581013311466,997.822
1581013311504,997.8186
1581013311546,997.82715
1581013311584,997.8357
1581013311624,997.8325
1581013311666,997.8281
1581013311705,997.82275
1581013311746,997.8318
1581013311785,997.8364
1581013311826,997.83716
1581013311865,997.82935
1581013311905,997.82715
1581013311947,997.8303
1581013311985,997.8262
1581013312025,997.85254
1581013312065,997.85815
1581013312105,997.86206
1581013312145,997.8635
1581013312185,997.85913
1581013312225,997.8335
1581013312265,997.8291
1581013312305,997.823
1581013312344,997.8225
1581013312388,997.824
1581013312425,997.813
1581013312466,997.8198
1581013312506,997.82227
1581013312545,997.8208
1581013312585,997.8291
1581013312625,997.83276
1581013312665,997.83936
1581013312704,997.8418
1581013312744,997.82935
1581013312784,997.83545
1581013312825,997.82983
1581013312865,997.8369
1581013312904,997.8352
1581013312944,997.83325
1581013312984,997.8401
1581013313025,997.82544
1581013313066,997.8369
1581013313105,997.853
1581013313146,997.8462
1581013313185,997.8386
1581013313225,997.83594
1581013313265,997.82837
1581013313305,997.81494
1581013313347,997.8154
1581013313384,997.8081
1581013313425,997.8059
1581013313467,997.8042
1581013313505,997.812
1581013313544,997.8152
1581013313586,997.8098
1581013313625,997.812
1581013313665,997.81885
1581013313705,997.8262
1581013313745,997.83057
1581013313785,997.82935
1581013313825,997.8347
1581013313865,997.82446
1581013313904,997.8181
1581013313944,997.8237
1581013313984,997.8269
1581013314026,997.8225
1581013314064,997.8667
1581013314105,997.85693
1581013314145,997.84424
1581013314185,997.84155
1581013314226,997.85986
1581013314264,997.8533
1581013314307,997.85205
1581013314346,997.8601
1581013314386,997.84155
1581013314425,997.79443
1581013314466,997.7993
1581013314504,997.8015
1581013314545,997.8008
1581013314584,997.79663
1581013314625,997.79614
1581013314664,997.8037
1581013314704,997.8218
1581013314745,997.82983
1581013314785,997.8308
1581013314825,997.8401
1581013314866,997.8452
1581013314905,997.82886
1581013314945,997.82056
1581013314985,997.81616
1581013315025,997.8125
1581013315066,997.8108
1581013315105,997.8154
1581013315145,997.8125
1581013315185,997.8413
1581013315225,997.8435
1581013315265,997.83765
1581013315305,997.84644
1581013315344,997.8474
1581013315384,997.84546
1581013315425,997.82886
1581013315466,997.81177
1581013315505,997.8086
1581013315545,997.8032
1581013315585,997.8003
1581013315625,997.7969
1581013315664,997.7932
1581013315704,997.8003
1581013315744,997.80615
1581013315785,997.8218
1581013315825,997.822
1581013315866,997.82837
1581013315905,997.8501
1581013315945,997.8303
1581013315985,997.81836
1581013316025,997.81836
1581013316065,997.8147
1581013316105,997.824
1581013316147,997.83203
1581013316186,997.8264
1581013316225,997.84644
1581013316265,997.83765
1581013316304,997.84717
1581013316345,997.855
1581013316386,997.85156
1581013316425,997.8445
1581013316466,997.8386
1581013316504,997.83496
1581013316545,997.82275
1581013316585,997.8191
1581013316625,997.82837
1581013316665,997.8367
1581013316705,997.83496
1581013316745,997.8374
1581013316787,997.84863
1581013316825,997.8435
1581013316865,997.8523
1581013316904,997.83545
1581013316944,997.82007
1581013316985,997.8252
1581013317024,997.82324
1581013317065,997.8218
1581013317105,997.82495
1581013317145,997.8169
1581013317184,997.81836
1581013317225,997.8308
1581013317266,997.843
1581013317305,997.8367
1581013317345,997.8325
1581013317385,997.84937
1581013317425,997.86914
1581013317466,997.84985
1581013317504,997.83325
1581013317544,997.82715
1581013317585,997.834
1581013317626,997.82544
1581013317665,997.8252
1581013317704,997.8262
1581013317744,997.82886
1581013317785,997.834
1581013317825,997.8474
1581013317866,997.83765
1581013317905,997.85693
1581013317945,997.8496
1581013317986,997.83594
1581013318025,997.8364
1581013318066,997.8379
1581013318104,997.8159
1581013318144,997.81104
1581013318186,997.81445
1581013318225,997.8318
1581013318267,997.8452
1581013318304,997.84985
1581013318345,997.8513
1581013318386,997.8447
1581013318426,997.8533
1581013318467,997.8406
1581013318505,997.8196
1581013318545,997.8154
1581013318586,997.8069
1581013318627,997.812
1581013318666,997.81104
1581013318705,997.803
1581013318745,997.8115
1581013318785,997.82715
1581013318825,997.834
1581013318864,997.84106
1581013318904,997.8362
1581013318945,997.8474
1581013318986,997.84814
1581013319025,997.83936
1581013319065,997.8269
1581013319106,997.8313
1581013319145,997.8313
1581013319186,997.8423
1581013319225,997.84033
1581013319264,997.8457
1581013319305,997.8528
1581013319344,997.8511
1581013319387,997.8535
1581013319425,997.86206
1581013319464,997.86646
1581013319504,997.85693
1581013319544,997.8655
1581013319586,997.8469
1581013319625,997.83276
1581013319665,997.8296
1581013319706,997.8274
1581013319745,997.8174
1581013319787,997.822
1581013319826,997.82495
1581013319865,997.82715
1581013319905,997.82935
1581013319945,997.84033
1581013319984,997.8423
1581013320025,997.8447
1581013320064,997.8508
1581013320104,997.8601
1581013320145,997.8452
1581013320187,997.84204
1581013320225,997.8445
1581013320265,997.8528
1581013320306,997.8528
1581013320345,997.8491
1581013320386,997.85815
1581013320425,997.8511
1581013320464,997.85034
1581013320505,997.8506
1581013320544,997.85596
1581013320585,997.85425
1581013320625,997.8655
1581013320664,997.8513
1581013320704,997.8279
1581013320745,997.8247
1581013320785,997.8247
1581013320825,997.8203
1581013320866,997.8213
1581013320906,997.8198
1581013320946,997.8147
1581013320987,997.8218
1581013321025,997.83374
1581013321064,997.8318
1581013321105,997.8301
1581013321144,997.8357
1581013321184,997.81885
1581013321224,997.81226
1581013321264,997.8262
1581013321305,997.83984
1581013321345,997.83887
1581013321385,997.83496
1581013321425,997.8513
1581013321466,997.8506
1581013321505,997.8574
1581013321547,997.86084
1581013321586,997.8657
1581013321625,997.87085
1581013321664,997.8667
1581013321705,997.85474
1581013321744,997.8318
1581013321785,997.81494
1581013321824,997.8071
1581013321864,997.8074
1581013321906,997.81274
1581013321945,997.81885
1581013321985,997.8191
1581013322025,997.8196
1581013322065,997.81836
1581013322105,997.81934
1581013322145,997.8313
1581013322186,997.8413
1581013322225,997.8447
1581013322264,997.865
1581013322305,997.8474
1581013322345,997.8301
1581013322385,997.82837
1581013322424,997.83105
1581013322465,997.8347
1581013322506,997.83325
1581013322545,997.82495
1581013322585,997.8342
1581013322625,997.8618
1581013322666,997.85425
1581013322706,997.84546
1581013322745,997.84595
1581013322785,997.84033
1581013322825,997.8474
1581013322865,997.8347
1581013322905,997.8237
1581013322945,997.8181
1581013322984,997.82153
1581013323025,997.81885
1581013323065,997.8157
1581013323105,997.8237
1581013323145,997.8186
1581013323185,997.81934
1581013323226,997.8198
1581013323265,997.8279
1581013323306,997.8362
1581013323345,997.83154
1581013323385,997.8479
1581013323426,997.8523
1581013323464,997.83813
1581013323504,997.83545
1581013323544,997.8335
1581013323584,997.84155
1581013323625,997.83936
1581013323664,997.84033
1581013323707,997.84546
1581013323744,997.8396
1581013323786,997.85156
1581013323825,997.85474
1581013323865,997.8552
1581013323906,997.8601
1581013323945,997.8611
1581013323986,997.8596
1581013324025,997.8508
1581013324066,997.83887
1581013324106,997.84717
1581013324144,997.84717
1581013324184,997.8369
1581013324225,997.8262
1581013324264,997.83203
1581013324305,997.8335
1581013324344,997.83716
1581013324385,997.84204
1581013324425,997.84644
1581013324465,997.855
1581013324506,997.8628
1581013324545,997.864
1581013324585,997.86865
1581013324625,997.85474
1581013324665,997.8462
1581013324704,997.83057
1581013324745,997.82837
1581013324785,997.82983
1581013324824,997.8247
1581013324864,997.8325
1581013324905,997.83765
1581013324944,997.84546
1581013324985,997.8325
1581013325024,997.833
1581013325065,997.8413
1581013325106,997.8447
1581013325145,997.8545
1581013325186,997.8428
1581013325225,997.82886
1581013325264,997.8281
1581013325306,997.83276
1581013325344,997.83716
1581013325384,997.8347
1581013325424,997.83105
1581013325465,997.83325
1581013325506,997.8281
1581013325545,997.8286
1581013325585,997.82837
1581013325625,997.8323
1581013325666,997.84204
1581013325707,997.84937
1581013325745,997.84717
1581013325785,997.8677
1581013325830,997.8572
1581013325869,997.8452
1581013325905,997.84326
1581013325944,997.8406
1581013325985,997.84863
1581013326025,997.84766
1581013326064,997.8401
1581013326105,997.8406
1581013326145,997.8425
1581013326185,997.85254
1581013326225,997.84863
1581013326265,997.8506
1581013326306,997.8552
1581013326345,997.85645
1581013326384,997.86304
1581013326425,997.8386
1581013326466,997.8274
1581013326505,997.82544
1581013326545,997.82764
1581013326584,997.8269
1581013326624,997.8242
1581013326665,997.8242
1581013326708,997.82227
1581013326744,997.8203
1581013326784,997.82275
1581013326825,997.8213
1581013326866,997.8323
1581013326905,997.84155
1581013326945,997.85205
1581013326985,997.8511
1581013327025,997.84985
1581013327064,997.84375
1581013327105,997.84326
1581013327144,997.8408
1581013327185,997.84204
1581013327226,997.8347
1581013327264,997.84155
1581013327306,997.85425
1581013327346,997.85376
1581013327385,997.84766
1581013327427,997.8528
1581013327466,997.86206
1581013327505,997.86426
1581013327545,997.85474
1581013327585,997.8325
1581013327626,997.8264
1581013327664,997.8281
1581013327704,997.82153
1581013327745,997.82764
1581013327785,997.8408
1581013327825,997.83594
1581013327865,997.8374
1581013327904,997.8269
1581013327945,997.8342
1581013327985,997.843
1581013328025,997.85254
1581013328065,997.8616
1581013328105,997.8452
1581013328146,997.8391
1581013328184,997.8325
1581013328226,997.8242
1581013328264,997.824
1581013328305,997.8279
1581013328344,997.82446
1581013328384,997.8279
1581013328425,997.85254
1581013328464,997.8401
1581013328504,997.83813
1581013328545,997.85913
1581013328585,997.8574
1581013328626,997.8611
1581013328665,997.86865
1581013328705,997.8506
1581013328745,997.83594
1581013328785,997.8342
1581013328827,997.81836
1581013328864,997.8159
1581013328904,997.81714
1581013328945,997.8186
1581013328984,997.8174
1581013329027,997.8186
1581013329065,997.8164
1581013329104,997.83154
1581013329145,997.8386
1581013329185,997.84937
1581013329226,997.85596
1581013329265,997.8484
1581013329306,997.8369
1581013329346,997.8303
1581013329385,997.8262
1581013329426,997.8257
1581013329464,997.8374
1581013329504,997.83276
1581013329545,997.83765
1581013329584,997.8562
1581013329625,997.8469
1581013329665,997.84937
1581013329704,997.8562
1581013329745,997.8628
1581013329784,997.86426
1581013329825,997.8677
1581013329865,997.8513
1581013329906,997.8491
1581013329946,997.83765
1581013329985,997.83203
1581013330026,997.8279
1581013330065,997.82764
1581013330105,997.8269
1581013330144,997.83105
1581013330185,997.8352
1581013330224,997.834
1581013330265,997.8352
1581013330304,997.84644
1581013330346,997.86084
1581013330385,997.8584
1581013330426,997.85986
1581013330465,997.8418
1581013330505,997.8286
1581013330545,997.8262
1581013330586,997.82983
1581013330627,997.8323
1581013330666,997.83154
1581013330705,997.8425
1581013330744,997.84985
1581013330785,997.8508
1581013330825,997.86426
1581013330865,997.8579
1581013330905,997.86304
1581013330945,997.84814
1581013330985,997.83765
1581013331025,997.82446
1581013331065,997.82764
1581013331105,997.82666
1581013331145,997.82935
1581013331185,997.82983
1581013331226,997.8281
1581013331265,997.8386
1581013331304,997.8303
1581013331347,997.8264
1581013331385,997.8191
1581013331428,997.84595
1581013331465,997.8467
1581013331504,997.84595
1581013331545,997.83105
1581013331586,997.82104
1581013331626,997.8198
1581013331665,997.8262
1581013331705,997.82837
1581013331745,997.83374
1581013331785,997.8379
1581013331825,997.8379
1581013331864,997.8313
1581013331904,997.83105
1581013331944,997.8362
1581013331985,997.8484
1581013332024,997.8511
1581013332065,997.8584
1581013332104,997.8567
1581013332145,997.8318
1581013332185,997.8198
1581013332225,997.8135
1581013332265,997.8125
1581013332305,997.812
1581013332348,997.823
1581013332385,997.82056
1581013332425,997.82153
1581013332465,997.8259
1581013332504,997.83154
1581013332545,997.8435
1581013332585,997.8528
1581013332626,997.84814
1581013332665,997.8594
1581013332706,997.8518
1581013332745,997.84863
1581013332785,997.8467
1581013332826,997.83936
1581013332865,997.8457
1581013332905,997.8413
1581013332945,997.84106
1581013332985,997.8457
1581013333026,997.84424
1581013333066,997.8401
1581013333104,997.8452
1581013333146,997.85254
1581013333185,997.8496
1581013333226,997.8552
1581013333265,997.8594
1581013333305,997.8423
1581013333345,997.82935
1581013333385,997.82666
1581013333427,997.8242
1581013333465,997.83154
1581013333505,997.8323
1581013333544,997.8279
1581013333585,997.8296
1581013333625,997.82153
1581013333664,997.8308
1581013333704,997.8323
1581013333745,997.83594
1581013333785,997.8362
1581013333826,997.82446
1581013333865,997.8296
1581013333908,997.83276
1581013333945,997.8291
1581013333985,997.8362
1581013334028,997.83594
1581013334067,997.844
1581013334105,997.8484
1581013334146,997.85205
1581013334185,997.8513
1581013334224,997.8584
1581013334264,997.864
1581013334304,997.8611
1581013334347,997.8435
1581013334385,997.8308
1581013334424,997.82324
1581013334465,997.82495
1581013334505,997.82056
1581013334546,997.83057
1581013334585,997.8242
1581013334627,997.82837
1581013334665,997.8208
1581013334705,997.82544
1581013334745,997.82935
1581013334786,997.8364
1581013334824,997.83716
1581013334865,997.8452
1581013334904,997.8308
1581013334945,997.83545
1581013334984,997.8357
1581013335024,997.84155
1581013335066,997.84766
1581013335105,997.8367
1581013335146,997.844
1581013335185,997.84985
1581013335226,997.8557
1581013335265,997.8589
1581013335305,997.85645
1581013335347,997.8672
1581013335385,997.8655
1581013335425,997.8672
1581013335464,997.8557
1581013335505,997.83813
1581013335545,997.83716
1581013335585,997.83813
1581013335626,997.8384
1581013335664,997.8386
1581013335705,997.8352
1581013335747,997.84106
1581013335785,997.83984
1581013335826,997.8435
1581013335865,997.8401
1581013335905,997.8491
1581013335946,997.85205
1581013335986,997.8513
1581013336025,997.8474
1581013336065,997.843
1581013336104,997.84375
1581013336146,997.8445
1581013336185,997.8435
1581013336225,997.83887
1581013336264,997.8467
1581013336305,997.8506
1581013336346,997.8423
1581013336386,997.83984
1581013336425,997.8401
1581013336465,997.84985
1581013336506,997.8518
1581013336545,997.8447
1581013336585,997.84424
1581013336626,997.8447
1581013336664,997.85034
1581013336706,997.84155
1581013336745,997.845
1581013336784,997.8374
1581013336824,997.8362
1581013336867,997.83154
1581013336904,997.83325
1581013336945,997.833
1581013336985,997.8425
1581013337025,997.8379
1581013337066,997.8408
1581013337105,997.83984
1581013337146,997.8428
1581013337186,997.84155
1581013337225,997.8545
1581013337264,997.8572
1581013337305,997.865
1581013337344,997.86743
1581013337385,997.8535
1581013337424,997.85034
1581013337465,997.83936
1581013337504,997.8367
1581013337547,997.8413
1581013337585,997.8457
1581013337626,997.8474
1581013337666,997.84033
1581013337706,997.83887
1581013337747,997.83276
1581013337785,997.83984
1581013337824,997.8367
1581013337865,997.8413
1581013337904,997.83276
1581013337945,997.83496
1581013337984,997.8425
1581013338025,997.8364
1581013338065,997.8479
1581013338105,997.85596
1581013338145,997.8533
1581013338184,997.84717
1581013338225,997.83496
1581013338265,997.8318
1581013338305,997.83887
1581013338348,997.8335
1581013338385,997.8301
1581013338425,997.8342
1581013338465,997.8323
1581013338504,997.83936
1581013338545,997.84644
1581013338585,997.84546
1581013338624,997.8428
1581013338665,997.83984
1581013338705,997.844
1581013338745,997.8484
1581013338785,997.84814
1581013338826,997.8469
1581013338866,997.845
1581013338906,997.844
1581013338946,997.8435
1581013338986,997.8425
1581013339024,997.843
1581013339065,997.84766
1581013339105,997.844
1581013339144,997.84033
1581013339185,997.84424
1581013339224,997.84863
1581013339266,997.8513
1581013339306,997.84326
1581013339345,997.84155
1581013339385,997.8528
1581013339425,997.8572
1581013339467,997.8574
1581013339505,997.854
1581013339546,997.8606
1581013339585,997.8611
1581013339625,997.8484
1581013339666,997.83984
1581013339704,997.8435
1581013339745,997.8462
1581013339785,997.8367
1581013339825,997.8408
1581013339867,997.84155
1581013339905,997.83984
1581013339946,997.8425
1581013339985,997.845
1581013340025,997.84766
1581013340066,997.85596
1581013340105,997.85815
1581013340145,997.8699
1581013340185,997.8745
1581013340225,997.8718
1581013340265,997.85547
1581013340305,997.8484
1581013340345,997.8523
1581013340384,997.8425
1581013340424,997.8418
1581013340466,997.8362
1581013340504,997.84814
1581013340546,997.86084
1581013340585,997.85254
1581013340625,997.8533
1581013340665,997.86255
1581013340705,997.8579
1581013340745,997.8655
1581013340785,997.86304
1581013340825,997.84814
1581013340869,997.8391
1581013340905,997.8313
1581013340944,997.82837
1581013340984,997.8242
1581013341024,997.82007
1581013341067,997.8235
1581013341105,997.8308
1581013341144,997.8342
1581013341185,997.8303
1581013341225,997.83057
1581013341265,997.8352
1581013341305,997.8369
1581013341345,997.8418
1581013341384,997.8396
1581013341425,997.843
1581013341465,997.8386
1581013341505,997.84155
1581013341544,997.84033
1581013341584,997.83545
1581013341624,997.82837
1581013341666,997.83813
1581013341705,997.83325
1581013341745,997.83154
1581013341785,997.83813
1581013341825,997.83936
1581013341865,997.84766
1581013341906,997.84814
1581013341946,997.8423
1581013341984,997.84326
1581013342024,997.84106
1581013342069,997.8259
1581013342104,997.8303
1581013342145,997.82544
1581013342185,997.83203
1581013342225,997.83716
1581013342265,997.8396
1581013342305,997.83887
1581013342345,997.83545
1581013342385,997.83105
1581013342425,997.8357
1581013342466,997.8342
1581013342505,997.8342
1581013342548,997.8308
1581013342584,997.83936
1581013342624,997.8379
1581013342664,997.83765
1581013342704,997.83594
1581013342745,997.844
1581013342784,997.84595
1581013342825,997.8435
1581013342864,997.84546
1581013342905,997.8462
1581013342945,997.8413
1581013342985,997.8484
1581013343026,997.84595
1581013343067,997.8484
1581013343105,997.84546
1581013343145,997.8423
1581013343184,997.833
1581013343225,997.8247
1581013343264,997.823
1581013343305,997.813
1581013343345,997.81396
1581013343384,997.823
1581013343426,997.82275
1581013343468,997.8174
1581013343505,997.8115
1581013343545,997.8137
1581013343586,997.8213
1581013343625,997.82935
1581013343667,997.8367
1581013343705,997.8335
1581013343745,997.83545
1581013343785,997.83374
1581013343825,997.8264
1581013343866,997.82715
1581013343904,997.82886
1581013343945,997.83203
1581013343984,997.8335
1581013344025,997.8362
1581013344066,997.8489
1581013344105,997.87305
1581013344145,997.8445
1581013344185,997.8457
1581013344225,997.8413
1581013344267,997.83594
1581013344305,997.834
1581013344345,997.8364
1581013344385,997.8342
1581013344424,997.8313
1581013344466,997.8296
1581013344504,997.8369
1581013344544,997.84326
1581013344585,997.85864
1581013344625,997.864
1581013344665,997.8699
1581013344706,997.8513
1581013344745,997.83887
1581013344785,997.83374
1581013344825,997.8303
1581013344865,997.8352
1581013344905,997.8318
1581013344945,997.8406
1581013344985,997.854
1581013345026,997.8701
1581013345065,997.85376
1581013345104,997.85815
1581013345144,997.8701
1581013345184,997.84985
1581013345225,997.8286
1581013345265,997.8303
1581013345306,997.8252
1581013345345,997.8335
1581013345386,997.8347
1581013345427,997.84033
1581013345467,997.8406
1581013345506,997.83716
1581013345545,997.83813
1581013345585,997.8469
1581013345625,997.8469
1581013345665,997.8596
1581013345704,997.8508
1581013345744,997.84106
1581013345787,997.84155
1581013345825,997.8447
1581013345866,997.8445
1581013345905,997.8467
1581013345945,997.8635
1581013345986,997.86914
1581013346026,997.8633
1581013346065,997.85474
1581013346105,997.8596
1581013346145,997.8557
1581013346186,997.8645
1581013346225,997.87866
1581013346264,997.8694
1581013346304,997.8406
1581013346345,997.8257
1581013346386,997.8252
1581013346425,997.83154
1581013346464,997.82666
1581013346505,997.8296
1581013346545,997.83545
1581013346588,997.8303
1581013346625,997.8369
1581013346665,997.83813
1581013346705,997.84814
1581013346744,997.8496
1581013346786,997.8552
1581013346825,997.8694
1581013346864,997.86084
1581013346904,997.8345
1581013346944,997.822
1581013346985,997.82495
1581013347025,997.8286
1581013347064,997.8374
1581013347105,997.8423
1581013347145,997.83545
1581013347186,997.8469
1581013347225,997.84717
1581013347265,997.8386
1581013347305,997.845
1581013347345,997.8496
1581013347384,997.8523
1581013347425,997.8657
1581013347465,997.85474
1581013347504,997.8301
1581013347545,997.81934
1581013347587,997.82275
1581013347625,997.82935
1581013347664,997.8301
1581013347705,997.83545
1581013347745,997.8533
1581013347786,997.85547
1581013347825,997.84766
1581013347865,997.8462
1581013347905,997.85205
1581013347944,997.8491
1581013347985,997.855
1581013348024,997.85254
1581013348064,997.8335
1581013348105,997.82764
1581013348144,997.8252
1581013348186,997.8279
1581013348225,997.8279
1581013348264,997.8191
1581013348305,997.81885
1581013348345,997.8342
1581013348386,997.8511
1581013348425,997.8655
1581013348465,997.8613
1581013348507,997.85376
1581013348545,997.8535
1581013348589,997.8369
1581013348625,997.8135
1581013348664,997.7915
1581013348705,997.7993
1581013348745,997.79126
1581013348788,997.7842
1581013348825,997.7886
1581013348865,997.7993
1581013348905,997.81934
1581013348946,997.82886
1581013348986,997.8384
1581013349026,997.85205
1581013349065,997.8489
1581013349105,997.85767
1581013349145,997.84033
1581013349185,997.82935
1581013349225,997.822
1581013349265,997.8142
1581013349305,997.8115
1581013349344,997.8152
1581013349384,997.83374
1581013349426,997.83813
1581013349464,997.8447
1581013349505,997.8447
1581013349545,997.8367
1581013349588,997.8462
1581013349625,997.8469
1581013349665,997.84204
1581013349705,997.85913
1581013349745,997.865
1581013349785,997.8467
1581013349825,997.82275
1581013349865,997.81055
1581013349905,997.79785
1581013349944,997.80273
1581013349985,997.803
1581013350025,997.8147
1581013350064,997.8286
1581013350105,997.82764
1581013350145,997.83203
1581013350185,997.8391
1581013350225,997.8445
1581013350265,997.8413
1581013350305,997.84546
1581013350345,997.84814
1581013350386,997.8352
1581013350426,997.8242
1581013350464,997.82275
1581013350504,997.8291
1581013350544,997.8262
1581013350588,997.8257
1581013350625,997.83057
1581013350664,997.86084
1581013350706,997.84375
1581013350745,997.855
1581013350786,997.86597
1581013350825,997.8728
1581013350866,997.8701
1581013350905,997.84644
1581013350948,997.8281
1581013350987,997.81665
1581013351025,997.8064
1581013351064,997.8032
1581013351106,997.8093
1581013351145,997.8174
1581013351185,997.8247
1581013351225,997.8435
1581013351265,997.85425
1581013351307,997.85425
1581013351345,997.85376
1581013351386,997.84937
1581013351425,997.8252
1581013351465,997.82056
1581013351505,997.82227
1581013351545,997.8108
1581013351590,997.8147
1581013351625,997.82666
1581013351664,997.84717
1581013351705,997.8489
1581013351745,997.85205
1581013351787,997.85254
1581013351825,997.8557
1581013351865,997.8638
1581013351906,997.8655
1581013351945,997.8484
1581013351986,997.8152
1581013352025,997.8008
1581013352065,997.79297
1581013352106,997.7954
1581013352145,997.80664
1581013352184,997.8157
1581013352224,997.82544
1581013352265,997.8318
1581013352305,997.8352
1581013352345,997.8386
1581013352384,997.8386
1581013352425,997.843
1581013352466,997.8506
1581013352506,997.85425
1581013352545,997.83716
1581013352585,997.81836
1581013352625,997.8262
1581013352665,997.82666
1581013352707,997.83813
1581013352745,997.8367
1581013352785,997.84766
1581013352824,997.85767
1581013352865,997.8513
1581013352906,997.85693
1581013352946,997.8633
1581013352985,997.86597
1581013353025,997.85693
1581013353065,997.8672
1581013353106,997.8596
1581013353145,997.84033
1581013353186,997.82324
1581013353225,997.8152
1581013353265,997.82446
1581013353307,997.8291
1581013353344,997.82275
1581013353384,997.82715
1581013353424,997.8091
1581013353464,997.8169
1581013353505,997.8237
1581013353545,997.82446
1581013353585,997.8357
1581013353625,997.8406
1581013353665,997.84106
1581013353708,997.85425
1581013353745,997.8342
1581013353785,997.824
1581013353826,997.81616
1581013353865,997.8135
1581013353906,997.8237
1581013353945,997.8242
1581013353984,997.8281
1581013354024,997.85645
1581013354064,997.85254
1581013354104,997.853
1581013354145,997.853
1581013354184,997.85986
1581013354225,997.8518
1581013354264,997.8474
1581013354305,997.8594
1581013354345,997.8484
1581013354385,997.8379
1581013354425,997.82715
1581013354465,997.8198
1581013354507,997.8235
1581013354544,997.8303
1581013354586,997.8408
1581013354625,997.84595
1581013354665,997.844
1581013354705,997.8413
1581013354744,997.8257
1581013354784,997.8362
1581013354825,997.84375
1581013354864,997.8496
1581013354905,997.8594
1581013354945,997.8694
1581013354986,997.8584
1581013355025,997.8506
1581013355065,997.8469
1581013355105,997.8616
1581013355144,997.855
1581013355184,997.86084
1581013355225,997.8655
1581013355265,997.8967
1581013355305,997.8828
1581013355344,997.88477
1581013355384,997.8987
1581013355425,997.9048
1581013355465,997.90845
1581013355506,997.9121
1581013355546,997.8994
1581013355585,997.88696
1581013355625,997.8696
1581013355665,997.85864
1581013355707,997.8616
1581013355745,997.8696
1581013355784,997.86743
1581013355825,997.8628
1581013355865,997.8567
1581013355906,997.85767
1581013355944,997.8584
1581013355984,997.86816
1581013356025,997.86816
1581013356066,997.8789
1581013356105,997.8933
1581013356145,997.87476
1581013356185,997.8667
1581013356225,997.8623
1581013356265,997.86084
1581013356308,997.8601
1581013356344,997.8638
1581013356385,997.8618
1581013356425,997.8694
1581013356464,997.8828
1581013356506,997.8711
1581013356545,997.8638
1581013356585,997.8723
1581013356626,997.8718
1581013356665,997.87964
1581013356706,997.89185
1581013356747,997.88135
1581013356785,997.85986
1581013356825,997.8425
1581013356865,997.83936
1581013356908,997.83716
1581013356945,997.83984
1581013356984,997.8391
1581013357025,997.84937
1581013357065,997.84204
1581013357105,997.833
1581013357147,997.84375
1581013357185,997.8589
1581013357224,997.85254
1581013357266,997.86426
1581013357307,997.854
1581013357345,997.8506
1581013357385,997.845
1581013357425,997.8457
1581013357465,997.84937
1581013357505,997.84937
1581013357544,997.8489
1581013357585,997.8701
1581013357625,997.87646
1581013357664,997.8784
1581013357706,997.88086
1581013357745,997.8784
1581013357784,997.8696
1581013357825,997.8677
1581013357865,997.86304
1581013357906,997.8506
1581013357945,997.84546
1581013357985,997.8423
1581013358029,997.84326
1581013358065,997.8428
1581013358106,997.8274
1581013358144,997.83105
1581013358184,997.8413
1581013358227,997.8396
1581013358264,997.8301
1581013358305,997.8396
1581013358345,997.8523
1581013358386,997.8616
1581013358426,997.86646
1581013358466,997.8689
1581013358505,997.85474
1581013358546,997.84546
1581013358585,997.84155
1581013358626,997.8313
1581013358665,997.8308
1581013358706,997.83154
1581013358744,997.85815
1581013358784,997.8596
1581013358825,997.8474
1581013358864,997.84937
1581013358904,997.8589
1581013358944,997.8562
1581013358986,997.85815
1581013359025,997.86597
1581013359065,997.8501
1581013359106,997.84033
1581013359146,997.8218
1581013359185,997.83203
1581013359225,997.8313
1581013359265,997.8401
1581013359305,997.8452
1581013359344,997.843
1581013359385,997.8274
1581013359426,997.8325
1581013359465,997.84766
1581013359504,997.8518
1581013359544,997.8655
1581013359584,997.8738
1581013359625,997.86304
1581013359665,997.8572
1581013359704,997.84937
1581013359745,997.84717
1581013359786,997.85254
1581013359827,997.84546
1581013359866,997.83936
1581013359905,997.8601
1581013359944,997.8628
1581013359985,997.8484
1581013360027,997.85596
1581013360065,997.86646
1581013360104,997.85645
1581013360145,997.85815
1581013360184,997.8413
1581013360226,997.8369
1581013360265,997.8296
1581013360305,997.8196
1581013360345,997.8218
1581013360385,997.8279
1581013360426,997.8296
1581013360467,997.8262
1581013360504,997.83154
1581013360544,997.85205
1581013360585,997.85864
1581013360627,997.85864
1581013360665,997.8606
1581013360705,997.85254
1581013360744,997.84106
1581013360785,997.8462
1581013360825,997.8457
1581013360865,997.84375
1581013360906,997.85254
1581013360945,997.8484
1581013360986,997.8467
1581013361025,997.8655
1581013361065,997.84375
1581013361106,997.84644
1581013361144,997.8589
1581013361185,997.86084
1581013361226,997.8645
1581013361265,997.85645
1581013361304,997.84644
1581013361344,997.8386
1581013361384,997.8406
1581013361425,997.8364
1581013361465,997.83716
1581013361505,997.8401
1581013361545,997.8452
1581013361585,997.83203
1581013361625,997.8323
1581013361664,997.8491
1581013361705,997.8579
1581013361744,997.85986
1581013361785,997.8523
1581013361825,997.8425
1581013361865,997.8413
1581013361904,997.84033
1581013361945,997.84033
1581013361984,997.84375
1581013362025,997.8347
1581013362065,997.83154
1581013362105,997.84717
1581013362145,997.84937
1581013362185,997.8467
1581013362227,997.8474
1581013362265,997.8533
1581013362305,997.8447
1581013362345,997.8489
1581013362384,997.8408
1581013362426,997.8364
1581013362465,997.8313
1581013362505,997.83203
1581013362544,997.8342
1581013362585,997.8369
1581013362626,997.8352
1581013362665,997.8572
1581013362706,997.8508
1581013362745,997.84155
1581013362785,997.845
1581013362826,997.85645
1581013362866,997.864
1581013362905,997.8755
1581013362945,997.85693
1581013362984,997.83813
1581013363027,997.83594
1581013363064,997.8369
1581013363104,997.8369
1581013363145,997.8301
1581013363186,997.82837
1581013363226,997.8347
1581013363265,997.8628
1581013363306,997.8677
1581013363345,997.8594
1581013363385,997.86597
1581013363425,997.874
1581013363465,997.875
1581013363505,997.87256
1581013363546,997.8501
1581013363586,997.82837
1581013363624,997.8154
1581013363664,997.81494
1581013363704,997.8125
1581013363745,997.8186
1581013363785,997.8467
1581013363825,997.84106
1581013363865,997.82983
1581013363905,997.84546
1581013363946,997.8618
1581013363985,997.85596
1581013364026,997.855
1581013364065,997.86743
1581013364105,997.84937
1581013364146,997.82983
1581013364185,997.82324
1581013364225,997.81934
1581013364265,997.82275
1581013364305,997.8303
1581013364348,997.8679
1581013364384,997.8457
1581013364425,997.8357
1581013364469,997.83374
1581013364504,997.8474
1581013364546,997.84644
1581013364585,997.85767
1581013364626,997.86865
1581013364665,997.87256
1581013364705,997.83716
1581013364745,997.8291
1581013364784,997.82104
1581013364824,997.8218
1581013364864,997.8259
1581013364905,997.8242
1581013364946,997.8325
1581013364985,997.83276
1581013365028,997.8186
1581013365065,997.8247
1581013365105,997.84204
1581013365148,997.84766
1581013365186,997.84766
1581013365227,997.876
1581013365265,997.85474
1581013365306,997.8479
1581013365345,997.83496
1581013365385,997.82935
1581013365424,997.8237
1581013365465,997.823
1581013365504,997.82935
1581013365544,997.8425
1581013365585,997.84106
1581013365624,997.83594
1581013365665,997.8342
1581013365705,997.8425
1581013365746,997.8491
1581013365785,997.8379
1581013365825,997.8379
1581013365866,997.8384
1581013365904,997.8259
1581013365947,997.8191
1581013365984,997.8203
1581013366024,997.82104
1581013366064,997.82227
1581013366104,997.81616
1581013366145,997.8313
1581013366186,997.8296
1581013366225,997.8252
1581013366265,997.8264
1581013366305,997.8347
1581013366347,997.8489
1581013366385,997.85986
1581013366425,997.8694
1581013366466,997.88745
1581013366505,997.8762
1581013366548,997.8511
1581013366584,997.833
1581013366625,997.8345
1581013366665,997.83545
1581013366705,997.8408
1581013366746,997.8301
1581013366785,997.84106
1581013366825,997.83813
1581013366866,997.8301
1581013366905,997.82886
1581013366946,997.8408
1581013366985,997.84204
1581013367025,997.83276
1581013367065,997.8545
1581013367105,997.844
1581013367146,997.8257
1581013367185,997.8181
1581013367225,997.8191
1581013367265,997.81616
1581013367304,997.82227
1581013367344,997.82227
1581013367385,997.834
1581013367427,997.82544
1581013367465,997.8157
1581013367504,997.82275
1581013367545,997.8367
1581013367586,997.845
1581013367625,997.84375
1581013367666,997.8513
1581013367705,997.8528
1581013367745,997.8474
1581013367785,997.8425
1581013367825,997.84814
1581013367865,997.8508
1581013367905,997.84863
1581013367946,997.855
1581013367985,997.85596
1581013368025,997.86206
1581013368065,997.87036
1581013368105,997.8657
1581013368146,997.8635
1581013368185,997.85864
1581013368225,997.8694
1581013368265,997.87476
1581013368305,997.87646
1581013368344,997.86255
1581013368385,997.83545
1581013368425,997.8279
1581013368465,997.83496
1581013368505,997.8308
1581013368547,997.8286
1581013368584,997.8357
1581013368625,997.8269
1581013368667,997.8176
1581013368706,997.8159
1581013368748,997.8303
1581013368785,997.82983
1581013368825,997.8406
1581013368868,997.843
1581013368905,997.8469
1581013368946,997.84644
1581013368985,997.84595
1581013369024,997.8467
1581013369067,997.8501
1581013369104,997.84106
1581013369144,997.8413
1581013369185,997.853
1581013369225,997.865
1581013369267,997.8616
1581013369305,997.8601
1581013369346,997.85864
1581013369385,997.8594
1581013369425,997.85986
1581013369466,997.8574
1581013369506,997.83765
1581013369546,997.8367
1581013369584,997.83716
1581013369625,997.84375
1581013369665,997.8425
1581013369704,997.8352
1581013369745,997.833
1581013369784,997.83154
1581013369825,997.845
1581013369867,997.845
1581013369905,997.84155
1581013369945,997.8508
1581013369985,997.8528
1581013370025,997.8523
1581013370066,997.8667
1581013370107,997.855
1581013370145,997.834
1581013370184,997.8257
1581013370225,997.82446
1581013370266,997.8274
1581013370304,997.83716
1581013370344,997.8384
1581013370385,997.84155
1581013370425,997.84155
1581013370466,997.8457
1581013370505,997.8508
1581013370545,997.84375
1581013370585,997.8447
1581013370626,997.85205
1581013370667,997.85376
1581013370705,997.85425
1581013370744,997.85034
1581013370785,997.83154
1581013370824,997.82837
1581013370866,997.8259
1581013370905,997.8296
1581013370944,997.83276
1581013370984,997.8396
1581013371025,997.8369
1581013371065,997.8357
1581013371105,997.833
1581013371145,997.823
1581013371185,997.8235
1581013371226,997.8391
1581013371266,997.8447
1581013371305,997.84863
1581013371344,997.86084
1581013371384,997.86816
1581013371424,997.8589
1581013371465,997.8523
1581013371504,997.8474
1581013371544,997.8462
1581013371585,997.8491
1581013371625,997.86084
1581013371664,997.85254
1581013371706,997.843
1581013371745,997.85767
1581013371785,997.84814
1581013371825,997.8501
1581013371866,997.8423
1581013371904,997.8523
1581013371945,997.8511
1581013371984,997.8623
1581013372025,997.8716
1581013372067,997.8533
1581013372105,997.84106
1581013372144,997.8357
1581013372185,997.8364
1581013372225,997.82715
1581013372268,997.8291
1581013372305,997.8274
1581013372345,997.8362
1581013372386,997.8484
1581013372425,997.843
1581013372465,997.8406
1581013372505,997.845
1581013372545,997.8479
1581013372585,997.8508
1581013372625,997.85156
1581013372665,997.84326
1581013372705,997.8384
1581013372744,997.8364
1581013372784,997.8364
1581013372824,997.8406
1581013372865,997.8423
1581013372905,997.8335
1581013372945,997.8418
1581013372985,997.84204
1581013373025,997.8367
1581013373066,997.8218
1581013373105,997.83276
1581013373145,997.8435
1581013373185,997.83325
1581013373225,997.83765
1581013373264,997.8496
1581013373305,997.84985
1581013373344,997.83936
1581013373385,997.8291
1581013373425,997.8274
1581013373466,997.8286
1581013373505,997.83154
1581013373545,997.8323
1581013373585,997.83765
1581013373625,997.83325
1581013373667,997.82227
1581013373705,997.82837
1581013373744,997.8384
1581013373785,997.8484
1581013373825,997.8513
1581013373865,997.8711
1581013373905,997.84937
1581013373944,997.8413
1581013373986,997.82935
1581013374025,997.8269
1581013374065,997.8274
1581013374105,997.8264
1581013374145,997.8342
1581013374185,997.845
1581013374226,997.854
1581013374265,997.85205
1581013374304,997.8469
1581013374344,997.845
1581013374384,997.8484
1581013374427,997.84985
1581013374464,997.8589
1581013374505,997.8579
1581013374544,997.854
1581013374585,997.843
1581013374625,997.833
1581013374666,997.8303
1581013374705,997.81714
1581013374746,997.82104
1581013374786,997.8242
1581013374825,997.8301
1581013374866,997.83105
1581013374904,997.83057
1581013374945,997.8269
1581013374985,997.8257
1581013375024,997.8357
1581013375064,997.85205
1581013375105,997.8601
1581013375144,997.86597
1581013375187,997.864
1581013375225,997.8413
1581013375265,997.8362
1581013375305,997.8335
1581013375346,997.84033
1581013375386,997.83325
1581013375426,997.8279
1581013375465,997.83203
1581013375504,997.845
1581013375545,997.84814
1581013375585,997.8491
1581013375625,997.84766
1581013375664,997.83984
1581013375706,997.8423
1581013375744,997.8384
1581013375787,997.8628
1581013375825,997.84644
1581013375865,997.8369
1581013375906,997.8335
1581013375945,997.8296
1581013375985,997.82983
1581013376025,997.8386
1581013376065,997.8369
1581013376104,997.82495
1581013376145,997.82446
1581013376186,997.82715
1581013376225,997.83813
1581013376264,997.84326
1581013376305,997.85425
1581013376344,997.85864
1581013376386,997.8501
1581013376425,997.8638
1581013376465,997.85205
1581013376505,997.8374
1581013376546,997.822
1581013376588,997.823
1581013376625,997.8291
1581013376665,997.8242
1581013376704,997.8296
1581013376745,997.84375
1581013376784,997.86304
1581013376825,997.855
1581013376865,997.84937
1581013376905,997.85596
1581013376945,997.85693
1581013376986,997.8616
1581013377025,997.87134
1581013377065,997.87646
1581013377105,997.8523
1581013377145,997.8296
1581013377187,997.8237
1581013377225,997.8203
1581013377266,997.8218
1581013377304,997.81665
1581013377345,997.8269
1581013377384,997.8345
1581013377425,997.8281
1581013377465,997.82837
1581013377504,997.83887
1581013377544,997.85205
1581013377585,997.85645
1581013377625,997.8552
1581013377664,997.88257
1581013377705,997.8882
1581013377745,997.8667
1581013377785,997.8462
1581013377825,997.8335
1581013377864,997.8362
1581013377905,997.834
1581013377945,997.8345
1581013377984,997.83887
1581013378025,997.84863
1581013378065,997.8579
1581013378104,997.8633
1581013378145,997.854
1581013378189,997.8562
1581013378225,997.8677
1581013378264,997.8728
1581013378304,997.8799
1581013378345,997.8579
1581013378386,997.8357
1581013378425,997.8286
1581013378465,997.8335
1581013378505,997.8262
1581013378544,997.82666
1581013378585,997.8325
1581013378626,997.84937
1581013378664,997.8384
1581013378705,997.83057
1581013378745,997.8357
1581013378787,997.85474
1581013378825,997.85767
1581013378865,997.86304
1581013378905,997.86304
1581013378946,997.8635
1581013378985,997.8506
1581013379026,997.83984
1581013379065,997.8364
1581013379105,997.833
1581013379145,997.8428
1581013379185,997.8501
1581013379225,997.86035
1581013379264,997.8508
1581013379305,997.8447
1581013379345,997.8496
1581013379385,997.8518
1581013379425,997.8584
1581013379465,997.86304
1581013379506,997.86597
1581013379545,997.84155
1581013379586,997.8196
1581013379625,997.8147
1581013379665,997.81323
1581013379705,997.81177
1581013379745,997.8103
1581013379785,997.82446
1581013379825,997.83057
1581013379865,997.81714
1581013379904,997.8196
1581013379945,997.82837
1581013379984,997.8501
1581013380025,997.85254
1581013380065,997.85596
1581013380106,997.8843
1581013380145,997.8574
1581013380185,997.84937
1581013380225,997.8259
1581013380265,997.8235
1581013380305,997.8262
1581013380344,997.8445
1581013380384,997.8574
1581013380425,997.85425
1581013380465,997.84766
1581013380505,997.85376
1581013380545,997.865
1581013380585,997.85156
1581013380625,997.8635
1581013380665,997.85815
1581013380707,997.8474
1581013380745,997.83057
1581013380785,997.82837
1581013380825,997.82544
1581013380865,997.81934
1581013380906,997.8325
1581013380944,997.84204
1581013380985,997.82935
1581013381024,997.82227
1581013381064,997.83154
1581013381106,997.8374
1581013381145,997.85156
1581013381185,997.84595
1581013381225,997.853
1581013381265,997.8657
1581013381306,997.8606
1581013381345,997.844
1581013381385,997.83203
1581013381426,997.8259
1581013381464,997.82324
1581013381505,997.82886
1581013381545,997.8367
1581013381584,997.84814
1581013381625,997.8413
1581013381665,997.854
1581013381707,997.8462
1581013381745,997.84595
1581013381785,997.84424
1581013381827,997.8413
1581013381866,997.8457
1581013381906,997.84766
1581013381946,997.8606
1581013381985,997.86475
1581013382025,997.84424
1581013382065,997.83057
1581013382105,997.8225
1581013382144,997.82275
1581013382184,997.82544
1581013382224,997.823
1581013382266,997.8323
1581013382304,997.82446
1581013382345,997.81494
1581013382385,997.8191
1581013382425,997.8291
1581013382465,997.8447
1581013382505,997.85034
1581013382545,997.85474
1581013382588,997.8513
1581013382626,997.84546
1581013382664,997.84106
1581013382705,997.8364
1581013382744,997.8362
1581013382784,997.8357
1581013382824,997.83203
1581013382865,997.8274
1581013382907,997.83545
1581013382944,997.824
1581013382985,997.82495
1581013383025,997.8269
1581013383065,997.83813
1581013383105,997.8413
1581013383145,997.8435
1581013383185,997.84595
1581013383225,997.8469
1581013383265,997.8474
1581013383305,997.85254
1581013383344,997.8511
1581013383385,997.8452
1581013383424,997.83545
1581013383465,997.8303
1581013383505,997.8303
1581013383545,997.82495
1581013383584,997.8369
1581013383626,997.824
1581013383666,997.83057
1581013383707,997.83154
1581013383745,997.83716
1581013383785,997.8347
1581013383825,997.84204
1581013383864,997.8423
1581013383905,997.8428
1581013383945,997.84644
1581013383987,997.8447
1581013384025,997.8325
1581013384065,997.8264
1581013384105,997.81494
1581013384145,997.8137
1581013384185,997.81885
1581013384226,997.8218
1581013384265,997.83374
1581013384306,997.8457
1581013384345,997.8396
1581013384385,997.83374
1581013384425,997.8323
1581013384465,997.8352
1581013384506,997.8413
1581013384545,997.8428
1581013384584,997.8364
1581013384627,997.834
1581013384665,997.8301
1581013384704,997.8262
1581013384745,997.83594
1581013384785,997.82227
1581013384826,997.8093
1581013384865,997.81006
1581013384914,997.81177
1581013384945,997.8303
1581013384985,997.8296
1581013385025,997.8252
1581013385065,997.8181
1581013385104,997.81226
1581013385144,997.8225
1581013385184,997.82764
1581013385225,997.8379
1581013385265,997.843
1581013385304,997.8413
1581013385344,997.8533
1581013385385,997.8445
1581013385425,997.8462
1581013385465,997.8379
1581013385506,997.83374
1581013385545,997.83154
1581013385585,997.8313
1581013385626,997.824
1581013385664,997.8269
1581013385704,997.8364
1581013385744,997.82715
1581013385784,997.82666
1581013385825,997.82837
1581013385865,997.82715
1581013385904,997.8247
1581013385945,997.83057
1581013385985,997.83716
1581013386026,997.8467
1581013386065,997.83936
1581013386105,997.85254
1581013386145,997.8594
1581013386185,997.8518
1581013386225,997.8396
1581013386264,997.8291
1581013386304,997.8286
1581013386344,997.8281
1581013386385,997.8247
1581013386428,997.8264
1581013386464,997.8279
1581013386504,997.8296
1581013386545,997.82324
1581013386585,997.8237
1581013386626,997.82935
1581013386665,997.83105
1581013386705,997.84155
1581013386745,997.8352
1581013386785,997.83716
1581013386824,997.8469
1581013386864,997.84106
1581013386905,997.8369
1581013386944,997.8345
1581013386985,997.833
1581013387025,997.83936
1581013387065,997.8384
1581013387107,997.8396
1581013387145,997.8484
1581013387185,997.85205
1581013387226,997.84424
1581013387266,997.84644
1581013387305,997.84546
1581013387345,997.8513
1581013387385,997.8572
1581013387426,997.8491
1581013387464,997.8303
1581013387504,997.8159
1581013387545,997.8191
1581013387584,997.8191
1581013387625,997.82886
1581013387665,997.8345
1581013387704,997.83105
1581013387745,997.8242
1581013387785,997.82715
1581013387826,997.8269
1581013387865,997.83203
1581013387904,997.83936
1581013387945,997.8484
1581013387985,997.85156
1581013388024,997.8479
1581013388064,997.8457
1581013388104,997.8386
1581013388145,997.8418
1581013388184,997.8364
1581013388225,997.8323
1581013388264,997.82935
1581013388305,997.84595
1581013388345,997.84766
1581013388384,997.8489
1581013388426,997.8574
1581013388465,997.8606
1581013388505,997.83813
1581013388545,997.8269
1581013388585,997.8235
1581013388627,997.81665
1581013388664,997.8125
1581013388704,997.81396
1581013388744,997.81323
1581013388784,997.8152
1581013388827,997.8135
1581013388865,997.81177
1581013388904,997.82495
1581013388946,997.83887
1581013388985,997.83984
1581013389025,997.8552
1581013389065,997.8425
1581013389105,997.8318
1581013389147,997.8367
1581013389184,997.83325
1581013389226,997.83984
1581013389265,997.8384
1581013389304,997.8469
1581013389345,997.8633
1581013389384,997.8628
1581013389425,997.85815
1581013389464,997.85547
1581013389505,997.8567
1581013389544,997.8523
1581013389585,997.86865
1581013389628,997.87305
1581013389666,997.86206
1581013389705,997.8428
1581013389745,997.82886
1581013389786,997.82886
1581013389825,997.8369
1581013389865,997.8484
1581013389904,997.8484
1581013389945,997.84033
1581013389985,997.843
1581013390026,997.8445
1581013390064,997.84644
1581013390105,997.8601
1581013390146,997.8662
1581013390185,997.8772
1581013390225,997.86914
1581013390265,997.8584
1581013390305,997.85767
1581013390346,997.8589
1581013390384,997.8635
1581013390425,997.86084
1581013390464,997.8699
1581013390504,997.8784
1581013390546,997.8689
1581013390584,997.86694
1581013390626,997.8789
1581013390664,997.87915
1581013390704,997.8833
1581013390746,997.88525
1581013390785,997.8706
1581013390826,997.8618
1581013390865,997.8596
1581013390905,997.85913
1581013390946,997.8523
1581013390985,997.8489
1581013391024,997.86255
1581013391064,997.84863
1581013391104,997.8391
1581013391146,997.84595
1581013391184,997.8679
1581013391224,997.8706
1581013391265,997.8638
1581013391305,997.8596
1581013391348,997.8506
1581013391385,997.8528
1581013391425,997.8535
1581013391465,997.86084
1581013391506,997.86084
1581013391546,997.85596
1581013391585,997.8596
1581013391624,997.86304
1581013391665,997.85864
1581013391705,997.8657
1581013391745,997.87476
1581013391785,997.8738
1581013391826,997.8728
1581013391865,997.87305
1581013391905,997.85474
1581013391946,997.8567
1581013391985,997.84766
1581013392025,997.8428
1581013392065,997.83936
1581013392105,997.84204
1581013392147,997.84644
1581013392184,997.83984
1581013392225,997.8418
1581013392265,997.8357
1581013392304,997.8408
1581013392345,997.853
1581013392385,997.8594
1581013392425,997.8633
1581013392465,997.8601
1581013392505,997.85425
1581013392547,997.8428
1581013392585,997.84326
1581013392625,997.8413
1581013392665,997.8508
1581013392705,997.8508
1581013392745,997.8528
1581013392784,997.87085
1581013392824,997.85596
1581013392865,997.8479
1581013392904,997.8589
1581013392945,997.8679
1581013392988,997.8606
1581013393025,997.8762
1581013393064,997.874
1581013393105,997.8562
1581013393146,997.85596
1581013393185,997.84546
1581013393225,997.8391
1581013393265,997.83325
1581013393305,997.8303
1581013393346,997.8347
1581013393384,997.8345
1581013393425,997.8362
1581013393464,997.8447
1581013393504,997.845
1581013393545,997.86084
1581013393584,997.87085
1581013393624,997.85913
1581013393665,997.85034
1581013393705,997.8345
1581013393745,997.8345
1581013393786,997.83887
1581013393825,997.84766
1581013393865,997.88696
1581013393905,997.87646
1581013393945,997.86035
1581013393985,997.86475
1581013394026,997.864
1581013394064,997.8699
1581013394105,997.8694
1581013394149,997.89185
1581013394185,997.8801
1581013394224,997.8562
1581013394265,997.83545
1581013394305,997.83057
1581013394345,997.82837
1581013394385,997.8281
1581013394425,997.8308
1581013394466,997.83496
1581013394505,997.8335
1581013394544,997.8335
1581013394584,997.8208
1581013394624,997.82666
1581013394666,997.8413
1581013394704,997.83496
1581013394745,997.8469
1581013394786,997.85864
1581013394825,997.83984
1581013394865,997.823
1581013394906,997.82715
1581013394946,997.83325
1581013394985,997.8362
1581013395025,997.8428
1581013395065,997.8479
1581013395105,997.8779
1581013395151,997.8689
1581013395184,997.85254
1581013395224,997.84985
1581013395265,997.86475
1581013395305,997.8618
1581013395346,997.85693
1581013395386,997.8655
1581013395425,997.85596
1581013395465,997.84106
1581013395505,997.8225
1581013395546,997.8213
1581013395586,997.8308
1581013395625,997.8281
1581013395666,997.84204
1581013395704,997.8303
1581013395745,997.8291
1581013395784,997.8286
1581013395825,997.8308
1581013395865,997.83105
1581013395904,997.84546
1581013395944,997.85547
1581013395989,997.8821
1581013396025,997.8623
1581013396066,997.8391
1581013396105,997.83105
1581013396145,997.8325
1581013396185,997.8296
1581013396225,997.8413
1581013396265,997.85205
1581013396305,997.8347
1581013396344,997.8357
1581013396385,997.83716
1581013396425,997.84375
1581013396465,997.8496
1581013396504,997.84326
1581013396544,997.8545
1581013396584,997.8606
1581013396625,997.84766
1581013396667,997.82495
1581013396705,997.8091
1581013396746,997.81055
1581013396785,997.81226
1581013396825,997.8154
1581013396865,997.81396
1581013396905,997.8179
1581013396944,997.82324
1581013396984,997.82324
1581013397024,997.81665
1581013397065,997.8269
1581013397104,997.8218
1581013397145,997.82935
1581013397185,997.8291
1581013397225,997.8252
1581013397267,997.83203
1581013397305,997.8308
1581013397345,997.8408
1581013397386,997.85156
1581013397426,997.8606
1581013397467,997.8662
1581013397505,997.8696
1581013397544,997.87646
1581013397584,997.844
1581013397625,997.8242
1581013397665,997.8225
1581013397705,997.8142
1581013397744,997.8081
1581013397785,997.7986
1581013397824,997.801
1581013397865,997.7998
1581013397905,997.802
1581013397945,997.8164
1581013397985,997.82227
1581013398025,997.8313
1581013398066,997.8679
1581013398105,997.833
1581013398145,997.8335
1581013398185,997.83594
1581013398224,997.8135
1581013398266,997.81006
1581013398305,997.8237
1581013398344,997.8496
1581013398385,997.8469
1581013398425,997.843
1581013398465,997.8428
1581013398506,997.8408
1581013398545,997.833
1581013398586,997.8252
1581013398625,997.82153
1581013398667,997.82324
1581013398705,997.82544
1581013398744,997.81665
1581013398785,997.80273
1581013398824,997.8059
1581013398864,997.8181
1581013398905,997.8303
1581013398944,997.7976
1581013398985,997.7837
1581013399025,997.78296
1581013399065,997.7693
1581013399105,997.7693
1581013399145,997.7783
1581013399185,997.79175
1581013399225,997.7864
