1581014286006,-4.9976883,0.40266997,0.62371236
1581014286006,-5.3060822,0.34834146,0.7004114
1581014286009,-5.7348514,-0.31478566,0.95660746
1581014286012,-5.8685417,-0.83037364,1.1195929
1581014286014,-5.968144,-1.3619406,1.3001553
1581014286017,-6.035256,-1.8839202,1.4849787
1581014286020,-6.054963,-2.3430493,1.663943
1581014286022,-6.058159,-2.8101676,1.8295918
1581014286024,-6.003298,-3.338539,1.969674
1581014286027,-5.9431105,-3.9302933,2.0511668
1581014286029,-5.8195395,-4.5598645,2.1076257
1581014286032,-5.658152,-5.160141,2.1299963
1581014286034,-5.470133,-5.6650763,2.128931
1581014286037,-5.279983,-6.020342,2.1118867
1581014286039,-5.1212587,-6.295713,2.0889835
1581014286042,-4.974785,-6.51569,2.047971
1581014286044,-4.854943,-6.733004,2.0314593
1581014286047,-4.736166,-6.9625683,2.0053604
1581014286049,-4.680772,-7.186274,1.9952403
1581014286052,-4.6786413,-7.362575,1.9909793
1581014286054,-4.719654,-7.4808197,1.9952403
1581014286057,-4.792625,-7.4967985,1.9888487
1581014286059,-4.868791,-7.4653735,1.9600866
1581014286061,-4.9625344,-7.3742933,1.9025623
1581014286064,-5.068528,-7.2203627,1.8354506
1581014286067,-5.1654673,-7.062703,1.7113473
1581014286069,-5.2703958,-6.9140987,1.5558188
1581014286072,-5.355617,-6.767625,1.383246
1581014286074,-5.4589477,-6.6424565,1.1664646
1581014286077,-5.555354,-6.543387,0.9187906
1581014286079,-5.6650763,-6.498646,0.65194184
1581014286081,-5.7747984,-6.486928,0.36485308
1581014286085,-5.8951735,-6.5210166,0.08362326
1581014286087,-6.0416474,-6.6035743,-0.19387813
1581014286091,-6.1907845,-6.7580376,-0.48203218
1581014286092,-6.3761406,-6.9652314,-0.7803062
1581014286094,-6.5172877,-7.132478,-1.0705907
1581014286097,-6.66749,-7.3204975,-1.3864417
1581014286099,-6.806507,-7.5601816,-1.6506273
1581014286102,-6.983874,-7.864315,-1.9020296
1581014286105,-7.106379,-8.14448,-2.0943098
1581014286109,-7.2901373,-8.615859,-2.227468
1581014286111,-7.5149083,-9.177786,-2.3483756
1581014286112,-7.805725,-9.890981,-2.4410534
1581014286116,-8.1727085,-10.652112,-2.4831314
1581014286117,-8.649415,-11.468637,-2.4580977
1581014286119,-9.13198,-12.240953,-2.3819313
1581014286122,-9.612413,-12.741096,-2.227468
1581014286124,-9.947972,-13.08198,-2.020274
1581014286127,-10.130665,-13.382384,-1.8013622
1581014286129,-10.188722,-13.524065,-1.5579493
1581014286132,-10.20257,-13.566675,-1.3337111
1581014286134,-10.162622,-13.475595,-1.1488878
1581014286136,-9.960755,-13.045229,-0.968858
1581014286139,-9.652894,-12.41619,-0.8223842
1581014286142,-9.343434,-11.7919445,-0.7174556
1581014286146,-9.080315,-11.293401,-0.5949502
1581014286147,-8.918926,-11.020694,-0.4543353
1581014286149,-8.803346,-10.92482,-0.32011196
1581014286152,-8.59775,-10.77302,-0.14913702
1581014286154,-8.153534,-10.362892,0.058056913
1581014286157,-7.7588534,-10.366089,0.23595607
1581014286159,-7.338074,-10.638264,0.43888897
1581014286161,-6.759103,-11.035607,0.69668293
1581014286164,-6.026734,-11.45692,0.9667275
1581014286166,-5.199556,-11.827631,1.2548815
1581014286169,-4.2658515,-12.364525,1.6612799
1581014286171,-3.5388086,-12.559468,1.8295918
1581014286175,-2.9294772,-12.721921,1.9510318
1581014286177,-2.4778051,-12.787967,2.052232
1581014286179,-2.183792,-12.831643,2.0953753
1581014286182,-2.0096214,-12.843361,2.1337247
1581014286184,-1.9105518,-12.849752,2.1864552
1581014286186,-1.8418423,-12.836436,2.211489
1581014286189,-1.7752632,-12.845491,2.2306638
1581014286191,-1.7773937,-12.928582,2.2706113
1581014286194,-2.2828617,-13.728063,2.2130868
1581014286196,-2.9710226,-14.516358,2.1177456
1581014286199,-3.6911414,-15.21677,2.0815268
1581014286202,-4.4320326,-15.824504,2.0969732
1581014286205,-5.2272525,-16.386963,2.133192
1581014286207,-6.0357885,-16.88018,2.2088258
1581014286209,-6.9055767,-17.324928,2.3068302
1581014286211,-7.804127,-17.452227,2.431466
1581014286214,-8.720255,-17.45276,2.5965822
1581014286216,-9.651296,-17.45276,2.7963192
1581014286219,-10.532803,-17.45276,3.0258837
1581014286222,-11.302456,-17.45276,3.3055155
1581014286224,-11.904863,-17.45276,3.6069853
1581014286227,-12.359199,-17.45276,3.93775
1581014286229,-12.531239,-17.45276,4.2786345
1581014286231,-12.443887,-17.45276,4.634433
1581014286234,-12.219648,-17.45276,4.970524
1581014286236,-11.982095,-17.45276,5.3178
1581014286239,-11.728561,-17.45276,5.656554
1581014286242,-11.45692,-17.45276,5.979862
1581014286244,-11.164504,-17.45276,6.3063655
1581014286246,-10.85824,-17.45276,6.634467
1581014286249,-10.525346,-17.45276,6.935937
1581014286253,-10.175406,-17.45276,7.244331
1581014286254,-9.819076,-17.45276,7.544203
1581014286257,-9.438243,-17.45276,7.8259654
1581014286259,-9.039302,-17.45276,8.104532
1581014286261,-8.61799,-17.45276,8.375642
1581014286264,-8.180698,-17.45276,8.629707
1581014286267,-7.7242327,-17.45276,8.870457
1581014286269,-5.539908,-17.45276,9.494169
1581014286272,12.138156,-17.45276,9.95756
1581014286274,15.778697,-17.45276,9.13198
1581014286277,15.207715,-17.45276,8.231298
1581014286279,16.023176,-17.45276,7.245396
1581014286282,16.710272,-17.45276,6.3612266
1581014286284,17.239708,-17.45276,5.5095477
1581014286287,17.45276,-17.45276,4.456534
1581014286289,17.45276,-17.45276,3.4924695
1581014286292,17.45276,-17.45276,2.606702
1581014286294,17.45276,-17.45276,1.5579493
1581014286297,17.45276,-17.45276,0.535828
1581014286299,17.45276,-17.45276,-0.3637878
1581014286302,17.45276,-17.45276,-1.4375744
1581014286304,17.45276,-17.45276,-3.4977958
1581014286307,17.45276,-17.45276,-8.452873
1581014286309,17.45276,-17.45276,-13.572001
1581014286312,17.45276,-17.45276,-17.076721
1581014286314,17.45276,-17.45276,-17.451694
1581014286317,17.45276,-17.45276,-17.45276
1581014286319,17.45276,-17.45276,-17.45276
1581014286322,16.279371,-17.45276,-17.45276
1581014286324,14.677214,-17.45276,-17.45276
1581014286326,12.96853,-17.45276,-17.45276
1581014286330,11.19593,-17.45276,-17.45276
1581014286332,9.332782,-17.45276,-17.45276
1581014286334,7.4190345,-17.45276,-17.45276
1581014286337,5.434447,-17.45276,-17.45276
1581014286339,3.4184337,-17.45276,-17.45276
1581014286342,1.375789,-17.45276,-17.45276
1581014286344,-0.6876282,-17.45276,-17.45276
1581014286346,-2.743056,-17.45276,-17.45276
1581014286349,-4.7713194,-17.45276,-17.45276
1581014286352,-6.755907,-17.45276,-17.45276
1581014286354,-8.698417,-17.45276,-17.45276
1581014286357,-10.555705,-17.45276,-17.45276
1581014286359,-12.341621,-17.45276,-17.45276
1581014286362,-14.050838,-17.45276,-17.45276
1581014286364,-15.666844,-17.45276,-17.45276
1581014286366,-17.192303,-17.45276,-17.45276
1581014286369,-17.45276,-17.45276,-17.45276
1581014286372,-17.45276,-17.45276,-17.45276
1581014286375,-17.45276,-17.45276,-17.45276
1581014286377,-17.45276,-17.45276,-17.45276
1581014286379,-17.45276,-17.45276,-17.189108
1581014286382,-17.45276,-17.45276,-16.407736
1581014286384,-17.45276,-17.45276,-15.591743
1581014286387,-17.45276,-17.45276,-14.734738
1581014286390,-17.45276,-17.45276,-13.969345
1581014286392,-17.45276,-17.45276,-13.202355
1581014286395,-17.45276,-17.45276,-12.393287
1581014286397,-17.45276,-17.438911,-11.663048
1581014286400,-17.45276,-16.671389,-10.97542
1581014286403,-17.45276,-15.926769,-10.228137
1581014286404,-17.45276,-15.213041,-9.555955
1581014286407,-17.45276,-14.531273,-8.929047
1581014286409,-17.45276,-13.892647,-8.26592
1581014286411,-17.45276,-13.298761,-7.6406093
1581014286414,-17.45276,-12.716062,-7.090933
1581014286416,-17.45276,-12.182897,-6.486928
1581014286419,-17.45276,-11.673168,-5.9260664
1581014286422,-17.45276,-11.211908,-5.429653
1581014286424,-17.45276,-10.781009,-4.906608
1581014286426,-17.45276,-10.388459,-4.377704
1581014286429,-17.45276,-10.014551,-3.9207058
1581014286431,-17.45276,-9.67633,-3.4674358
1581014286434,-17.45276,-9.362609,-2.9944584
1581014286436,-17.45276,-9.079249,-2.5640914
1581014286439,-17.45276,-8.827847,-2.1582258
1581014286441,-17.45276,-8.601478,-1.716141
1581014286444,-17.45276,-8.394284,-1.3134711
1581014286446,-17.45276,-8.224907,-0.93796533
1581014286449,-17.45276,-8.089086,-0.5203817
1581014286451,-17.45276,-7.9980054,-0.13262543
1581014286454,-17.45276,-7.9170456,0.22849922
1581014286456,-17.45276,-7.8723044,0.6215818
1581014286459,-17.45276,-7.8749676,1.0098706
1581014286461,-17.45276,-7.904262,1.3704628
1581014286464,-17.45276,-7.967113,1.758219
1581014286466,-17.45276,-7.894675,2.0543625
1581014286469,-17.45276,-8.000669,2.3872576
1581014286471,-17.45276,-8.151403,2.781938
1581014286474,-17.45276,-8.326639,3.1739554
1581014286477,-17.45276,-8.531171,3.5734296
1581014286479,-17.45276,-8.775648,3.9675775
1581014286482,-17.45276,-9.043563,4.3995423
1581014286484,-17.45276,-9.345033,4.8320394
1581014286487,-17.45276,-9.671536,5.2618737
1581014286491,-17.45276,-10.022008,5.7289925
1581014286493,-17.45276,-10.421482,6.192915
1581014286495,-17.45276,-10.851316,6.669621
1581014286497,-17.45276,-11.317903,7.1782846
1581014286501,-17.45276,-11.813251,7.6965356
1581014286503,-17.45276,-12.358133,8.235027
1581014286505,-17.45276,-12.9381695,8.788964
1581014286508,-17.45276,-13.575197,9.367935
1581014286510,-14.362961,17.28285,-16.494555
1581014286512,3.8099184,-8.620652,-2.415487
1581014286514,-1.4317155,1.7379789,3.5750275
1581014286516,-0.23009712,-4.0714407,1.6064188
1581014286519,-2.6972497,5.222459,4.3489423
1581014286522,-0.84422207,2.5875273,1.2373047
1581014286524,0.03195793,4.6711845,0.4990764
1581014286527,0.11771172,6.883739,-2.372344
1581014286529,3.4605117,6.547648,-2.2471755
1581014286533,2.288188,6.636065,-4.7670584
1581014286534,7.2523203,9.021192,-6.3047676
1581014286537,9.958092,8.711733,-7.6171737
1581014286539,15.304654,10.173808,-10.528008
1581014286541,-2.427205,16.40667,-9.829195
1581014286545,1.7528926,17.45276,-10.35437
1581014286547,8.270181,17.45276,-11.927766
1581014286550,12.042282,17.45276,-10.247312
1581014286552,17.45276,17.45276,-10.991399
1581014286555,17.45276,17.45276,-1.0285128
1581014286558,6.11302,-2.4234767,1.4668691
1581014286560,-1.0855045,-5.7897124,-1.3624732
1581014286562,0.55287224,-3.2192292,-0.44315
1581014286565,0.36911413,-5.6267266,4.3484097
1581014286567,0.88683265,-6.277071,0.8543421
1581014286569,0.9491506,-6.3021045,-0.7590009
1581014286572,0.68869346,-6.3761406,3.9665122
1581014286574,0.98430437,-6.346313,2.1443772
1581014286578,1.1845741,-6.267483,0.6034723
1581014286580,0.9736517,-6.1460433,5.431251
1581014286583,1.164334,-6.1167483,4.1705103
1581014286586,1.3709954,-6.123673,0.5289038
1581014286588,1.1611383,-6.1029,5.3646717
1581014286591,1.2319783,-6.128999,4.5742455
1581014286593,1.4647386,-6.215818,0.98377174
1581014286595,1.310808,-6.185991,4.410195
1581014286598,1.3262542,-6.1795993,5.037103
1581014286600,1.582983,-6.1907845,1.3054816
1581014286601,1.5201324,-6.1274014,3.6155076
1581014286604,1.4817829,-6.0645504,5.25708
1581014286606,1.7358484,-6.0597568,1.7715348
1581014286610,1.7273263,-6.0246034,2.908172
1581014286612,1.6261262,-5.977199,5.2363076
1581014286615,1.839179,-6.000102,2.314287
1581014286618,1.8791265,-6.0107546,2.3595607
1581014286619,1.768339,-5.9809275,5.0349727
1581014286623,1.9153455,-6.007026,2.860235
1581014286625,2.014415,-6.0064936,2.0010993
1581014286627,1.8993665,-5.9415126,4.6584015
1581014286630,2.0431771,-5.923403,3.347061
1581014286632,2.1784658,-5.9223375,1.820537
1581014286635,2.0932446,-5.855226,4.1955442
1581014286637,2.1640847,-5.840845,3.7156425
1581014286640,2.3185482,-5.8387146,1.814678
1581014286643,2.2503712,-5.8067565,3.697533
1581014286645,2.262089,-5.8035607,3.9500005
1581014286647,2.4250746,-5.8179417,1.9259981
1581014286650,2.3963125,-5.791843,3.2117724
1581014286652,2.3813987,-5.769472,4.0549293
1581014286655,2.5305357,-5.7614827,2.1321268
1581014286658,2.538525,-5.7375145,2.7787423
1581014286660,2.5086977,-5.694904,4.0165796
1581014286663,2.6477149,-5.687447,2.3877902
1581014286665,2.6796727,-5.6618805,2.438923
1581014286668,2.6407907,-5.6315207,3.8594532
1581014286670,2.744654,-5.624596,2.641856
1581014286672,2.8128307,-5.6155415,2.1955101
1581014286674,2.7462518,-5.6000953,3.6165729
1581014286677,0.03195793,8.514659,5.022189
1581014286679,-3.8685079,3.9734364,3.7571878
1581014286683,-3.6128445,4.04694,6.029397
1581014286686,-3.6985981,4.966263,5.3577476
1581014286688,-3.4977958,4.888499,3.6650424
1581014286691,-3.6272254,4.9524145,5.626194
1581014286692,-3.720436,4.8794436,5.563876
1581014286696,-3.6980655,4.754808,3.7635794
1581014286698,-3.8674426,4.6525426,5.089301
1581014286701,-3.9718385,4.5598645,5.727927
1581014286703,-3.9196405,4.4773064,3.865312
1581014286704,-4.014449,4.453338,4.6829023
1581014286709,-4.1108556,4.4597297,5.685849
1581014286712,-4.0618534,4.443218,4.088485
1581014286713,-4.108725,4.4267063,4.3095274
1581014286714,-4.2168493,4.40114,5.583051
1581014286717,-4.2035336,4.332963,4.29994
1581014286719,-4.2461443,4.2583947,4.0341563
1581014286723,-4.389955,4.185424,5.3705306
1581014286725,-4.395814,4.1007357,4.501275
1581014286727,-4.4139233,4.027765,3.8637142
1581014286729,-4.530037,3.995807,5.0946274
1581014286732,-4.549212,3.9489353,4.671717
1581014286734,-4.6232476,3.8141794,3.802994
1581014286738,-7.208112,6.764429,5.559615
1581014286739,-7.352455,8.49868,5.5532236
1581014286742,-7.4222302,8.207863,4.453338
1581014286745,-7.5420723,8.073639,5.1537495
1581014286747,-7.645403,8.085358,5.3854446
1581014286750,-7.669904,8.003864,4.31006
1581014286753,-7.759386,7.9836245,4.6781087
1581014286754,-7.86325,7.914915,5.1633368
1581014286758,-7.900001,7.828096,4.1875544
1581014286760,-8.009191,7.721037,4.2557316
1581014286763,-8.1434145,7.6134453,4.8709216
1581014286766,-8.199873,7.4765587,4.0842237
1581014286768,-8.269648,7.367369,3.8738341
1581014286771,-8.394816,7.2768216,4.5252433
1581014286773,-8.438493,7.2027855,3.9670448
1581014286775,-8.482168,7.13887,3.5457327
1581014286778,-8.575378,7.086672,4.1545315
1581014286779,-8.614261,7.030213,3.8338869
1581014286784,-8.639828,6.9662967,3.2724924
1581014286785,-10.724017,10.9983225,4.1561294
1581014286787,-10.565825,10.883807,3.9670448
1581014286789,-10.745322,10.365024,3.2613072
1581014286795,-5.7838535,17.45276,-0.8644621
1581014286796,-0.30519825,17.45276,-1.5014902
1581014286799,-0.099069595,17.45276,-1.407747
1581014286800,0.22583607,17.45276,-0.3888215
1581014286803,2.6530411,9.17246,-2.354767
1581014286805,1.5526229,-0.90281165,-2.896454
1581014286808,0.06391586,-0.0479369,0.09374327
1581014286809,-3.0205574,1.7518274,-0.1949434
1581014286812,-4.732437,-0.6109292,-6.540191
1581014286815,-7.1218257,2.9236183,1.8040254
1581014286817,-4.4645233,3.4088464,1.2852416
1581014286823,-2.1688783,2.8794098,-5.0898337
1581014286823,-1.9984361,3.8701057,1.3539511
1581014286826,-3.7774277,3.4946,1.965413
1581014286828,-3.158509,4.278102,-4.5630603
1581014286829,-2.6189528,3.8200383,-0.23382555
1581014286831,-3.8141794,3.7039244,2.6583674
1581014286834,-1.9062908,3.746535,-3.6256275
1581014286836,-1.9824572,3.8727689,-1.5574167
1581014286838,-2.126268,3.9574575,2.7585022
1581014286842,-0.6040049,2.5933864,-2.5108283
1581014286845,2.7079022,-2.0793962,-1.8407769
1581014286847,1.7805896,-2.060754,2.9134984
1581014286849,2.1017668,-1.8354506,-0.97897804
1581014286851,2.1603563,-2.1198764,-2.420281
1581014286855,1.8801918,-2.02347,2.3654196
1581014286857,2.0154803,-2.0485036,-0.053795855
1581014286859,2.1869879,-1.9995013,-2.6823359
1581014286862,1.9632823,-1.8844528,1.6319852
1581014286864,2.038916,-1.8061559,0.7078682
1581014286867,3.3065808,2.0250678,-2.4005735
1581014286869,0.6279734,10.709636,0.7957525
1581014286871,-0.6599313,1.7981664,0.95607483
1581014286874,0.74248934,-4.0485377,-1.784318
1581014286877,0.4165184,-3.0839405,0.62051654
1581014286879,0.37390783,-2.8613002,2.1427794
1581014286881,0.588026,-3.018427,-1.2857742
1581014286884,0.55287224,-2.845854,-0.049002163
1581014286886,-0.090014845,-1.8572886,2.0655477
1581014286889,-0.8841695,1.1925635,-1.1653993
1581014286891,-0.85327685,1.25861,-0.99282646
1581014286894,-0.73822826,2.0831246,1.6383767
1581014286896,-0.1667139,3.0466564,-0.6061355
1581014286899,-0.10918961,3.0423954,-1.3235911
1581014286901,1.1968247,0.87564737,1.2623384
1581014286904,1.387507,-1.834918,-0.021837922
1581014286906,-0.29507825,-0.4426174,-1.4114754
1581014286909,-0.28549087,0.24660872,0.99495703
1581014286911,-0.2711098,0.34940675,0.44741106
1581014286914,-0.111852765,0.37337518,-1.3534185
1581014286919,0.25033715,0.6487461,0.53795856
1581014286921,0.38562572,-0.20293288,0.73343456
1581014286923,-0.20186761,5.326322E-4,-1.1472899
1581014286925,-0.096939065,0.29827404,0.15925704
1581014286927,0.09054748,-0.18429075,0.9651296
1581014286929,0.06924219,0.11664646,-0.91612744
1581014286933,-0.05539375,-0.13848437,-0.18588865
1581014286935,-0.10333065,-0.03834952,0.99229383
1581014286937,0.03568636,-0.039947417,-0.598146
1581014286939,0.017576864,-0.029827405,-0.4841627
1581014286942,-0.0644485,0.007456851,0.9321064
1581014286945,0.04261058,0.025033714,-0.29294774
1581014286947,0.06231797,0.029827405,-0.6562029
1581014286949,-0.02130529,0.044208474,0.79042625
1581014286952,0.011185277,0.020772656,-0.0037284256
1581014286954,0.046871636,-0.0058589545,-0.73343456
1581014286956,-0.040480047,-0.009054748,0.5784386
1581014286959,-0.026631612,-0.032490566,0.23276028
1581014286961,0.032490566,-0.036751624,-0.72171664
1581014286963,-0.025566347,-0.017044231,0.34567833
1581014286966,-0.0314253,0.0058589545,0.41172472
1581014286968,0.041012682,-0.007989483,-0.6466155
1581014286971,0.0037284256,0.0127831735,0.12037488
1581014286975,-0.020772656,0.01917476,0.51931643
1581014286976,0.039414786,0.0127831735,-0.51665324
1581014286979,0.014913702,0.009054748,-0.0793622
1581014286981,-0.02876214,0.006924219,0.5406217
1581014286983,0.012250541,-0.018109497,-0.35100463
1581014286987,0.0037284256,-0.017576864,-0.23489082
1581014286989,-0.035153728,-0.0127831735,0.5075985
1581014286992,0.006924219,-0.01438107,-0.18322548
1581014286994,0.016511599,0.0037284256,-0.34408042
1581014286997,-0.021837922,0.014913702,0.42876893
1581014286999,0.00958738,0.0037284256,-0.018642128
1581014287001,0.029294772,0.007456851,-0.3930826
1581014287004,-0.013848438,0.010120012,0.32650355
1581014287007,-0.0063915867,0.00479369,0.11451593
1581014287009,0.018642128,-0.0053263223,-0.39254996
1581014287011,-0.016511599,-0.0015978967,0.19547603
1581014287015,-0.015446335,-0.0031957934,0.21145499
1581014287019,0.016511599,-0.0127831735,-0.3584615
1581014287019,-0.004261058,-0.0053263223,0.07456851
1581014287024,-0.0127831735,0.0063915867,0.27324033
1581014287025,0.017576864,0.0031957934,-0.28708878
1581014287027,0.00958738,-0.0015978967,-0.036751624
1581014287031,-0.013315806,5.326322E-4,0.294013
1581014287031,0.010120012,-0.004261058,-0.20080236
1581014287034,0.008522116,-0.0058589545,-0.120907515
1581014287037,-0.018109497,0.0026631611,0.2828277
1581014287040,-0.0,-0.007989483,-0.10972224
1581014287042,0.0127831735,-0.009054748,-0.1784318
1581014287045,-0.020772656,0.0015978967,0.24181503
1581014287048,-5.326322E-4,0.004261058,-0.017576864
1581014287050,0.014913702,5.326322E-4,-0.21038973
1581014287051,-0.0063915867,0.007989483,0.17896444
1581014287055,0.0010652645,-0.0015978967,0.051132694
1581014287056,0.007989483,-0.0015978967,-0.21624869
1581014287058,-0.00479369,-0.0058589545,0.11504856
1581014287061,-5.326322E-4,-5.326322E-4,0.111852765
1581014287064,0.010652645,0.0063915867,-0.1933455
1581014287067,0.0010652645,-0.004261058,0.048469532
1581014287069,-0.0063915867,-0.0058589545,0.14114754
1581014287072,0.0037284256,0.002130529,-0.15925704
1581014287074,-0.0037284256,0.002130529,-0.008522116
1581014287077,-0.010652645,0.0010652645,0.15073492
1581014287080,0.00479369,-0.002130529,-0.11451593
1581014287081,0.009054748,-0.0058589545,-0.0628506
1581014287085,-0.0058589545,-0.004261058,0.15073492
1581014287087,0.0053263223,0.002130529,-0.0628506
1581014287090,0.004261058,0.0,-0.096939065
1581014287092,-0.00958738,-0.002130529,0.12623383
1581014287096,0.004261058,-0.0053263223,-0.020772656
1581014287096,0.00479369,-0.0037284256,-0.1123854
1581014287099,-0.0026631611,0.002130529,0.104928546
1581014287102,-0.0015978967,5.326322E-4,0.026631612
1581014287104,0.010652645,0.004261058,-0.11451593
1581014287106,-0.0026631611,-0.0063915867,0.06178534
1581014287109,-0.0026631611,0.002130529,0.05486112
1581014287111,0.0053263223,-0.0015978967,-0.108124346
1581014287114,-0.0037284256,0.004261058,0.029827405
1581014287117,-0.002130529,-0.00479369,0.07243799
1581014287120,0.0127831735,0.0010652645,-0.096939065
1581014287122,-0.0010652645,-0.0037284256,0.0
1581014287123,-0.0031957934,-0.0026631611,0.08149273
1581014287126,0.0015978967,-0.004261058,-0.06764429
1581014287129,0.00479369,-0.0010652645,-0.03089267
1581014287131,-0.014913702,0.00479369,0.08468852
1581014287134,0.0037284256,-0.00479369,-0.041012682
1581014287138,0.0031957934,-0.002130529,-0.05219796
1581014287139,-0.008522116,-0.00479369,0.07669904
1581014287142,0.0026631611,0.00479369,-0.015446335
1581014287144,0.006924219,-0.0015978967,-0.055926383
1581014287147,-0.0053263223,-0.0037284256,0.058056913
1581014287149,0.0015978967,-0.0010652645,0.007456851
1581014287152,0.006924219,-0.0010652645,-0.05912218
1581014287155,-0.002130529,-0.002130529,0.03834952
1581014287157,5.326322E-4,0.0031957934,0.027696876
1581014287159,0.0058589545,0.0015978967,-0.058589544
1581014287163,-0.002130529,0.0010652645,0.012250541
1581014287164,-0.0010652645,-0.0015978967,0.033023197
1581014287168,0.00958738,-0.0053263223,-0.053263225
1581014287171,-0.002130529,-0.0031957934,-0.0026631611
1581014287172,-0.0031957934,-0.0026631611,0.04527374
1581014287174,0.0015978967,0.0010652645,-0.03834952
1581014287177,5.326322E-4,0.002130529,-0.014913702
1581014287179,-0.0026631611,-0.0031957934,0.046871636
1581014287182,-0.0,-0.002130529,-0.021837922
1581014287183,-0.0,-0.0026631611,-0.022370555
1581014287186,5.326322E-4,0.0010652645,0.035153728
1581014287188,0.004261058,-0.0031957934,-0.006924219
1581014287192,0.0015978967,-0.0010652645,-0.03195793
1581014287194,-0.004261058,0.0015978967,0.027164243
1581014287196,-5.326322E-4,0.0,0.0063915867
1581014287199,0.0031957934,0.0031957934,-0.036218993
1581014287201,-0.0037284256,-0.004261058,0.020240024
1581014287204,0.00479369,-0.0015978967,0.010120012
1581014287206,0.007456851,5.326322E-4,-0.036218993
1581014287209,0.002130529,-0.0010652645,0.011185277
1581014287211,0.0037284256,-0.0026631611,0.019707393
1581014287214,0.00479369,-0.006924219,-0.033023197
1581014287216,-0.0,0.0031957934,-0.0037284256
1581014287219,0.0031957934,-0.0026631611,0.029827405
1581014287222,0.002130529,0.00479369,-0.029827405
1581014287224,5.326322E-4,-0.0010652645,-0.0063915867
1581014287227,-0.009054748,0.00479369,0.018642128
1581014287228,-0.0026631611,5.326322E-4,-0.020240024
1581014287231,0.0058589545,0.0037284256,-0.017044231
1581014287233,0.0053263223,0.0026631611,0.025566347
1581014287236,0.0063915867,-0.0015978967,-0.006924219
1581014287238,0.004261058,-0.00479369,-0.019707393
1581014287243,-0.006924219,-0.0053263223,0.01438107
1581014287245,0.0053263223,-0.0037284256,-0.0037284256
1581014287246,0.0058589545,-0.0015978967,-0.020240024
1581014287250,-0.0026631611,0.002130529,0.015978966
1581014287252,-0.004261058,-0.0031957934,0.002130529
1581014287254,0.0053263223,-0.008522116,-0.022903185
1581014287258,0.00479369,0.00479369,0.011717909
1581014287260,-0.0010652645,-0.0026631611,0.015446335
1581014287262,0.0015978967,0.0015978967,-0.02130529
1581014287265,-0.0015978967,-0.00479369,-5.326322E-4
1581014287266,0.010120012,0.0031957934,0.013848438
1581014287269,-5.326322E-4,0.0031957934,-0.00479369
1581014287272,-0.0063915867,0.0031957934,-0.007989483
1581014287275,-0.004261058,-0.0010652645,0.010652645
1581014287277,-0.0037284256,0.0063915867,-0.017576864
1581014287279,-0.008522116,-0.0010652645,-0.00958738
1581014287281,0.0015978967,0.0031957934,0.011185277
1581014287284,-0.004261058,-0.0015978967,-0.0058589545
1581014287287,-0.0026631611,-0.0010652645,-0.008522116
1581014287289,-0.00958738,-5.326322E-4,0.010120012
1581014287292,-0.0,0.007456851,-0.009054748
1581014287295,0.010120012,0.01917476,-0.007989483
1581014287296,0.014913702,0.016511599,0.0015978967
1581014287300,0.0053263223,0.0053263223,-0.010120012
1581014287302,0.0053263223,-0.015446335,-0.015446335
1581014287305,-0.0127831735,-0.02396845,-0.0010652645
1581014287307,-0.014913702,-0.036218993,0.014913702
1581014287310,-0.002130529,-0.016511599,0.015978966
1581014287312,-0.00479369,-0.039414786,0.012250541
1581014287315,0.007989483,-0.011717909,0.030360037
1581014287318,0.0031957934,-0.046339005,0.020240024
1581014287320,-0.014913702,0.0,0.08042747
1581014287321,-0.03781689,0.007989483,0.1635181
1581014287326,0.002130529,-0.07137272,0.19387813
1581014287327,0.0031957934,0.012250541,0.27057716
1581014287329,0.01917476,-0.034088463,0.32437304
1581014287332,0.027696876,0.015446335,0.35633096
1581014287334,-0.04527374,-0.037284255,0.40373522
1581014287336,-0.033023197,-0.011717909,0.43089947
1581014287339,0.12197278,0.05912218,0.40426785
1581014287342,0.0015978967,-0.010652645,0.41971418
1581014287345,-0.053263225,-0.02876214,0.43196473
1581014287347,0.0063915867,0.033023197,0.4181163
1581014287350,0.050600063,5.326322E-4,0.3882889
1581014287352,0.00958738,0.06338324,0.37550572
1581014287354,-0.020240024,-0.041012682,0.376571
1581014287357,0.010652645,0.034088463,0.34621096
1581014287360,0.022370555,-0.016511599,0.35100463
1581014287362,0.014913702,-0.0479369,0.41278997
1581014287365,0.07403588,-0.15020229,0.46978164
1581014287367,0.0628506,-0.18908444,0.41385525
1581014287369,0.05912218,-0.21092236,0.21252026
1581014287372,0.076166406,-0.21198763,0.09267801
1581014287374,0.0958738,-0.17630127,0.044208474
1581014287377,0.053795855,-0.15499598,-0.030360037
1581014287381,0.034088463,-0.16458336,-0.06764429
1581014287383,0.046871636,-0.15765914,-0.17736652
1581014287384,0.041545313,-0.21944448,-0.28229508
1581014287388,0.023435818,-0.29188246,-0.37710363
1581014287390,0.00958738,-0.350472,-0.47670585
1581014287391,-0.0314253,-0.40852892,-0.5384912
1581014287393,-0.084155895,-0.47297743,-0.5901565
1581014287397,-0.14966966,-0.4660532,-0.6151902
1581014287399,-0.19547603,-0.4495416,-0.5944176
1581014287402,-0.15393071,-0.29561087,-0.5422196
1581014287405,-0.2082592,-0.17576863,-0.4383563
1581014287407,-0.3637878,0.015446335,-0.29028457
1581014287410,-0.5209143,0.20879184,-0.14647387
1581014287412,-0.6332997,0.14327806,-0.05006743
1581014287414,-0.53263223,0.060720075,-0.076166406
1581014287417,-0.43782368,-0.20932446,-0.118776985
1581014287420,-0.3669836,-0.23329292,-0.13688648
1581014287421,-0.36325517,-0.10173275,-0.1454086
1581014287424,-0.4101268,-0.04474111,-0.12197278
1581014287427,-0.41172472,0.05273059,-0.08894958
1581014287429,-0.39574575,0.002130529,-0.06498113
1581014287431,-0.38402784,-0.07350325,-0.05912218
1581014287433,-0.3637878,-0.120907515,-0.056991648
1581014287436,-0.3616573,-0.22583607,-0.06498113
1581014287439,-0.36964676,-0.21092236,-0.10226539
1581014287441,-0.41598576,-0.3371562,-0.11771172
1581014287443,-0.40533313,-0.31318775,-0.128897
1581014287446,-0.38615838,-0.39734364,-0.16564862
1581014287449,-0.37230992,-0.43569317,-0.21252026
1581014287452,-0.3536678,-0.4293016,-0.2231729
1581014287454,-0.3536678,-0.42983422,-0.25885928
1581014287456,-0.32810146,-0.43036684,-0.2908172
1581014287459,-0.31158987,-0.43782368,-0.30360037
1581014287461,-0.29507825,-0.45327002,-0.31265512
1581014287463,-0.28229508,-0.47617322,-0.33182988
1581014287466,-0.2711098,-0.5656554,-0.2972088
1581014287468,-0.28868666,-0.5997439,-0.26897928
1581014287471,-0.2876214,-0.67005134,-0.24980451
1581014287473,-0.27377295,-0.8000136,-0.21411815
1581014287476,-0.28868666,-0.9672601,-0.18375812
1581014287479,-0.29827404,-1.1696603,-0.16085494
1581014287481,-0.30945933,-1.4716629,-0.10226539
1581014287485,-0.3323625,-1.8061559,-0.037284255
1581014287486,-0.3616573,-2.2445123,0.034088463
1581014287488,-0.38722363,-2.7728834,0.120907515
1581014287491,-0.39787626,-3.4626422,0.257794
1581014287493,-0.39840892,-4.322843,0.44368264
1581014287496,-0.42770368,-5.2118063,0.700944
1581014287499,-0.509729,-5.9628177,1.0492855
1581014287502,-0.59601545,-6.627543,1.4972292
1581014287505,-0.59867865,-7.3652387,2.0570257
1581014287507,-0.55340487,-7.9633846,2.6514432
1581014287511,-0.46818373,-8.227037,3.1968586
1581014287512,-0.4245079,-8.166317,3.724697
1581014287514,-0.34088463,-7.8573904,4.261058
1581014287517,-0.13741912,-7.5362134,4.8176584
1581014287520,0.04580637,-6.998255,5.4024887
1581014287522,0.29827404,-6.2472434,6.023005
1581014287524,0.6311692,-5.5798554,6.502374
1581014287527,1.0114686,-4.884238,6.3851953
1581014287529,1.5536882,-3.8003309,5.119128
1581014287531,1.933455,-2.8527782,3.7294908
1581014287534,2.0325246,-2.1832595,2.8447888
1581014287536,1.9137475,-1.6325178,2.6077673
1581014287538,1.7150757,-0.9187906,2.620018
1581014287541,1.551025,-0.10546118,2.4916537
1581014287544,1.4231933,0.39361522,1.9920446
1581014287546,1.2218584,0.66845345,1.1057445
1581014287549,0.9139969,0.7813715,0.20612867
1581014287551,0.5635249,0.90920323,-0.43356264
1581014287554,0.2247708,1.0950918,-0.7866978
1581014287557,-0.14487597,1.0295781,-1.0189254
1581014287558,-0.50600064,0.5571333,-1.2181299
1581014287562,-0.773382,0.14327806,-1.4072144
1581014287564,-0.9406285,0.17470337,-1.5169365
1581014287566,-1.0546118,0.38935417,-1.5840483
1581014287569,-1.1408982,0.54914385,-1.6207999
1581014287572,-1.2128036,0.7499462,-1.7006947
1581014287574,-1.274589,0.88896316,-1.8093517
1581014287576,-1.3699301,0.9171927,-1.9286613
1581014287579,-1.4769892,0.91985583,-2.0293288
1581014287582,-1.6367788,0.87618,-2.0975058
1581014287585,-1.8130801,0.8591358,-2.1342573
1581014287587,-2.0048277,0.85753787,-2.1832595
1581014287589,-2.2487733,0.7323693,-2.1923141
1581014287591,-2.5513084,0.5608617,-2.1385183
1581014287594,-2.9028456,0.34621096,-2.0442424
1581014287596,-3.2969935,0.07563378,-1.9286613
1581014287598,-3.7087183,-0.22956449,-1.778459
1581014287601,-4.1135187,-0.56459016,-1.5957662
1581014287603,-4.5220475,-0.8974853,-1.3928332
1581014287606,-4.8794436,-1.0929613,-1.1366372
1581014287609,-5.03444,-0.9416938,-0.8681905
1581014287612,-4.877846,-0.4809669,-0.6450176
1581014287614,-4.469317,0.0053263223,-0.4777711
1581014287616,-3.9105859,0.31318775,-0.26525086
1581014287621,-3.2698293,0.41172472,-0.025566347
1581014287622,-2.610963,0.2972088,0.1965413
1581014287624,-1.9441077,0.20133498,0.3834952
1581014287626,-1.3182647,0.08468852,0.5651228
1581014287629,-0.77125144,-0.004261058,0.7504788
1581014287631,-0.30839407,-0.060720075,0.9177253
1581014287633,0.06498113,-0.06018744,1.0684602
1581014287635,0.34514567,-0.058589544,1.2271847
1581014287638,0.5182512,-0.0628506,1.3954965
1581014287640,0.60773337,-0.09534117,1.546764
1581014287643,0.6450176,-0.14594123,1.6799221
1581014287645,0.6354303,-0.19441076,1.7917749
1581014287648,0.63223445,-0.25726137,1.9126823
1581014287651,0.62371236,-0.2775014,1.9760655
1581014287653,0.63010395,-0.2146508,2.0224047
1581014287656,0.644485,-0.112918034,2.0410466
1581014287658,0.65034395,0.010120012,2.0176108
1581014287661,0.6530071,0.13475595,1.9473034
1581014287663,0.66845345,0.27377295,1.8642128
1581014287665,0.67218184,0.41438788,1.7369137
1581014287668,0.6924219,0.56459016,1.587244
1581014287671,0.6844324,0.73130405,1.4199976
1581014287674,0.6668556,0.90174633,1.2096078
1581014287677,0.6460829,1.0583402,1.0120013
1581014287679,0.60080916,1.2106731,0.8117315
1581014287682,0.535828,1.3603427,0.61199445
1581014287684,0.46392268,1.4897723,0.4346279
1581014287686,0.3685815,1.6218652,0.2695119
1581014287688,0.2727077,1.7475663,0.12197278
1581014287691,0.18375812,1.8503643,-0.004261058
1581014287693,0.08841695,1.9414445,-0.104928546
1581014287696,-0.01917476,2.0367856,-0.18056233
1581014287698,-0.08149273,2.0975058,-0.22423817
1581014287701,-0.1587244,2.1236048,-0.25566345
1581014287704,-0.19813919,2.0735373,-0.30626354
1581014287707,-0.23755397,1.9792614,-0.38456047
1581014287709,-0.33662358,1.839179,-0.44048685
1581014287712,-0.48842376,1.7406421,-0.4543353
1581014287714,-0.63223445,1.726261,-0.4032026
1581014287717,-0.7041398,1.7550232,-0.2609898
1581014287719,-0.737163,1.7805896,-0.070307456
1581014287720,-0.74675035,1.7294569,0.1257012
1581014287725,-0.74728304,1.5994946,0.32756883
1581014287726,-0.7435546,1.4082797,0.51984906
1581014287729,-0.73982614,1.1914983,0.69135666
1581014287731,-0.73822826,0.96939063,0.85487473
1581014287734,-0.7419567,0.7488809,1.051416
1581014287737,-0.74302197,0.5187838,1.2538162
1581014287739,-0.7302388,0.38029942,1.4285196
1581014287741,-0.71159667,0.22050974,1.6117451
1581014287744,-0.70467246,0.04580637,1.7736653
1581014287746,-0.67271453,-0.10918961,1.8887138
1581014287748,-0.6269081,-0.28975195,1.9765981
1581014287751,-0.5992113,-0.45593318,2.049569
1581014287754,-0.5406217,-0.5704491,2.0857878
1581014287757,-0.49428272,-0.63702816,2.128931
1581014287759,-0.4101268,-0.63010395,2.1518342
1581014287762,-0.314253,-0.54168695,2.1438446
1581014287765,-0.19920446,-0.42876893,2.1182783
1581014287766,-0.08894958,-0.2860235,2.095908
1581014287770,0.034621093,-0.12410331,2.0421119
1581014287771,0.15339808,0.025566347,1.9446403
1581014287774,0.2593919,0.16245283,1.8583539
1581014287776,0.34408042,0.3190467,1.7491642
1581014287780,0.41918156,0.43409526,1.6271914
1581014287782,0.4607269,0.54168695,1.5132082
1581014287784,0.49960902,0.6679208,1.4029533
1581014287787,0.5091964,0.76752305,1.28897
1581014287789,0.49694586,0.8793758,1.2053467
1581014287792,0.47297743,0.95607483,1.1366372
1581014287794,0.41971418,1.0061423,1.0610034
1581014287797,0.37603834,1.0444918,1.0215886
1581014287798,0.32863408,1.1046792,0.98750013
1581014287801,0.28655612,1.1824435,0.9353022
1581014287804,0.2444782,1.2255868,0.9012137
1581014287805,0.21678132,1.2559468,0.8900285
1581014287809,0.18801917,1.2373047,0.8511463
1581014287811,0.18162759,1.2522184,0.83942837
1581014287813,0.17949706,1.2665994,0.8495484
1581014287815,0.18855181,1.3134711,0.8431568
1581014287818,0.21571605,1.3385048,0.8378305
1581014287820,0.23276028,1.3342438,0.85594
1581014287823,0.2428803,1.3182647,0.8831042
1581014287842,0.2545982,1.2729911,0.89801794
1581014287843,0.26844665,1.2229236,0.9443569
1581014287843,0.26205507,1.1792477,0.99708754
1581014287843,0.26844665,1.1462245,1.0327739
1581014287843,0.30040458,1.0721886,1.0796455
1581014287843,0.31158987,1.0396981,1.1510183
1581014287843,0.3291667,0.9683254,1.1968247
1581014287844,0.35420042,0.9177253,1.2591426
1581014287845,0.406931,0.9060074,1.3385048
1581014287856,0.42876893,0.81013364,1.401888
1581014287857,0.44794372,0.7052051,1.4769892
1581014287857,0.47137952,0.58269966,1.5835156
1581014287857,0.47830373,0.479369,1.6602147
1581014287858,0.4628574,0.39521313,1.7374463
1581014287881,0.44528055,0.30253512,1.8402443
1581014287882,0.39734364,0.19920446,1.9286613
1581014287882,0.35579833,0.12037488,2.0026972
1581014287882,0.3057309,0.08681905,2.0873857
1581014287882,0.28975195,0.13901702,2.1481059
1581014287882,0.29454562,0.21571605,2.1864552
1581014287882,0.30040458,0.29028457,2.207228
1581014287882,0.30146983,0.31372038,2.2242723
1581014287882,0.2977414,0.32170987,2.2168152
1581014287882,0.29241508,0.3089267,2.191249
1581014287885,0.29880667,0.29188246,2.160889
1581014287888,0.3158509,0.3073288,2.0980384
1581014287891,0.32863408,0.32756883,2.0240026
1581014287894,0.3371562,0.3637878,1.9366508
1581014287896,0.35420042,0.41065946,1.8492991
1581014287898,0.3552657,0.45167214,1.7417074
1581014287900,0.36804888,0.50600064,1.6373115
1581014287902,0.38562572,0.5954828,1.5435683
1581014287905,0.39574575,0.6854977,1.4460965
1581014287908,0.40373522,0.8048073,1.3363743
1581014287910,0.4383563,0.94755274,1.242631
1581014287913,0.4644553,1.0839065,1.1531488
1581014287915,0.46179214,1.2048141,1.0551444
1581014287918,0.4426174,1.3038837,0.9683254
1581014287920,0.4133226,1.3731259,0.89588743
1581014287923,0.386691,1.4769892,0.83037364
1581014287925,0.34248254,1.5217303,0.7717841
1581014287927,0.27483824,1.5755261,0.72917354
1581014287930,0.22849922,1.6287893,0.70147663
1581014287932,0.17150758,1.6373115,0.67271453
1581014287935,0.111852765,1.6362462,0.6711166
1581014287937,0.043675844,1.591505,0.6743124
1581014287940,-0.0058589545,1.5494272,0.71319455
1581014287943,-0.036218993,1.5030881,0.7366304
1581014287945,-0.072970614,1.4466292,0.7819041
1581014287948,-0.10972224,1.3923006,0.8330368
1581014287950,-0.14114754,1.3347764,0.8809737
1581014287952,-0.16884442,1.2303804,0.93903065
1581014287955,-0.17417073,1.1334413,1.0061423
1581014287959,-0.16777915,1.0359697,1.0668623
1581014287961,-0.16777915,0.93636745,1.123854
1581014287963,-0.15393071,0.82824314,1.2000204
1581014287965,-0.11558119,0.76912093,1.2458268
1581014287968,-0.07829694,0.66579026,1.3113406
1581014287970,-0.032490566,0.56245965,1.3747238
1581014287972,0.018109497,0.5118596,1.4269217
1581014287975,0.075101145,0.4261058,1.464206
1581014287978,0.14114754,0.3787015,1.5126755
1581014287980,0.20985709,0.33449304,1.5659387
1581014287982,0.267914,0.30306774,1.5883093
1581014287985,0.33662358,0.26738137,1.617604
1581014287987,0.38722363,0.20240025,1.6522251
1581014287990,0.4346279,0.15978967,1.6580842
1581014287992,0.47510794,0.13954964,1.6559536
1581014287995,0.49641323,0.09054748,1.6580842
1581014287999,0.5219796,0.083090626,1.6362462
1581014288000,0.5368933,0.082025364,1.6048208
1581014288003,0.5523396,0.08575379,1.5899072
1581014288005,0.545948,0.035153728,1.577124
1581014288007,0.5368933,0.042077947,1.5472966
1581014288010,0.54275227,0.1107875,1.5211977
1581014288013,0.52624065,0.19547603,1.4796523
1581014288016,0.52144694,0.28549087,1.4333134
1581014288018,0.48629323,0.35952675,1.3896375
1581014288020,0.4708469,0.43782368,1.361408
1581014288022,0.4495416,0.50173956,1.3038837
1581014288025,0.4181163,0.56618804,1.2559468
1581014288027,0.39095205,0.65247446,1.2058793
1581014288030,0.37124467,0.7616641,1.1424961
1581014288033,0.34993938,0.89162636,1.087635
1581014288035,0.32650355,1.0040118,1.0434265
1581014288037,0.29933932,1.0833739,1.0056096
1581014288040,0.2775014,1.1371698,0.9800433
1581014288042,0.24980451,1.1787151,0.9635317
1581014288045,0.20772657,1.1914983,0.9337043
1581014288048,0.1965413,1.194694,0.9219864
1581014288050,0.16618125,1.186172,0.91346425
1581014288052,0.15233281,1.1733888,0.90014845
1581014288055,0.1454086,1.1483551,0.892159
1581014288057,0.15499598,1.113734,0.8873653
1581014288060,0.15978967,1.0833739,0.87298423
1581014288062,0.18695392,1.0540792,0.8671253
1581014288066,0.21092236,1.0189254,0.8580705
1581014288068,0.23808661,0.98803276,0.86659265
1581014288070,0.27696875,0.94595486,0.86392945
1581014288074,0.3190467,0.91825795,0.86606
1581014288076,0.34461305,0.8671253,0.87511474
1581014288078,0.38029942,0.83996105,0.8852348
1581014288080,0.42397526,0.7946873,0.892159
1581014288083,0.45167214,0.74941355,0.908138
1581014288085,0.47723848,0.69295454,0.928378
1581014288087,0.5113269,0.6402239,0.9400959
1581014288090,0.53795856,0.5613944,0.9635317
1581014288093,0.5795039,0.49854377,0.99442434
1581014288096,0.5997439,0.4293016,1.0013486
1581014288098,0.6114618,0.3669836,1.0114686
1581014288101,0.63862604,0.30360037,1.015197
1581014288102,0.64555025,0.27643612,1.0018812
1581014288105,0.67324716,0.2615224,0.9534117
1581014288108,0.7254451,0.28442562,0.7728494
1581014288111,0.829841,0.38296258,0.46498793
1581014288113,0.99495703,0.55287224,0.056459017
1581014288116,1.1435614,0.7174556,-0.31851408
1581014288118,1.196292,0.71798825,-0.57098174
1581014288121,1.1435614,0.5640575,-0.7717841
1581014288123,1.0279802,0.386691,-0.89535475
1581014288125,0.89322424,0.34248254,-0.9214538
1581014288127,0.72278196,0.40586576,-0.9369001
1581014288130,0.5305017,0.4362258,-0.97897804
1581014288133,0.32490566,0.26312032,-1.1132014
1581014288135,0.043675844,0.25566345,-1.2506205
1581014288137,-0.16990969,0.27803403,-1.3337111
1581014288140,-0.3584615,0.3222425,-1.3677995
1581014288142,-0.52144694,0.39468047,-1.3630059
1581014288145,-0.62264705,0.45220476,-1.3246564
1581014288147,-0.67537767,0.5203817,-1.2516857
1581014288150,-0.6892261,0.5640575,-1.1366372
1581014288153,-0.67218184,0.61625546,-1.0146644
1581014288155,-0.6221144,0.65726817,-0.8825716
1581014288158,-0.5390238,0.6689861,-0.74941355
1581014288160,-0.43036684,0.6679208,-0.6295713
1581014288162,-0.3270362,0.6295713,-0.51984906
1581014288165,-0.2066613,0.5800365,-0.39894155
1581014288167,-0.070307456,0.5134575,-0.29134983
1581014288170,0.0063915867,0.44421527,-0.21145499
1581014288172,0.12357068,0.37071204,-0.12516858
1581014288175,0.2034655,0.27217507,-0.02609898
1581014288178,0.29880667,0.15126756,0.032490566
1581014288183,0.5747102,-0.30999196,0.16937704
1581014288183,1.0759171,-1.2729911,0.41758367
1581014288185,1.5068166,-2.179531,0.628506
1581014288187,1.6106799,-2.4309335,0.716923
1581014288190,1.510545,-2.3025692,0.7307714
1581014288192,1.3507553,-2.0282636,0.6514092
1581014288195,1.1558119,-1.7358484,0.58483016
1581014288198,0.96406436,-1.5020229,0.6151902
1581014288201,0.82344943,-1.3241237,0.68336713
1581014288202,0.74089146,-1.2213258,0.7584683
1581014288206,0.7302388,-1.2010857,0.7882957
1581014288208,0.68389976,-1.194694,0.7669904
1581014288211,0.65460503,-1.2026836,0.71319455
1581014288213,0.6114618,-1.1819109,0.6876282
1581014288215,0.61412495,-1.0998856,0.6412892
1581014288218,0.5858955,-0.984837,0.57417756
1581014288221,0.4788364,-0.84688526,0.50600064
1581014288222,0.36218992,-0.68176925,0.43729106
1581014288225,0.2806972,-0.5182512,0.34408042
1581014288228,0.19014971,-0.3355583,0.26738137
1581014288230,0.10013486,-0.13422333,0.20932446
1581014288232,-0.022370555,0.06391586,0.13102753
1581014288235,-0.15659387,0.23329292,0.0793622
1581014288237,-0.25992453,0.40426785,0.03195793
1581014288240,-0.33182988,0.5683186,-0.021837922
1581014288242,-0.39095205,0.7052051,-0.07669904
1581014288245,-0.4660532,0.813862,-0.12836437
1581014288248,-0.5070659,0.9033443,-0.16884442
1581014288250,-0.5411543,0.9816412,-0.24181503
1581014288252,-0.5725796,1.0167949,-0.26631612
1581014288256,-0.5752428,1.0157297,-0.29507825
1581014288257,-0.56938386,1.0141318,-0.3323625
1581014288260,-0.5411543,0.99762017,-0.33822146
1581014288262,-0.5118596,0.9507485,-0.30360037
1581014288265,-0.4575311,0.8857674,-0.30679616
1581014288267,-0.40852892,0.7984157,-0.283893
1581014288270,-0.35473305,0.7281082,-0.23542345
1581014288273,-0.30306774,0.6599313,-0.21731395
1581014288275,-0.23755397,0.62264705,-0.18482338
1581014288278,-0.1635181,0.56885123,-0.1107875
1581014288280,-0.104928546,0.5289038,-0.058589544
1581014288283,-0.061252706,0.46871635,-0.002130529
1581014288285,-0.0127831735,0.41758367,0.082025364
1581014288288,0.027164243,0.34621096,0.15020229
1581014288290,0.05752428,0.2647182,0.19600865
1581014288292,0.08149273,0.20612867,0.2727077
1581014288295,0.10759171,0.15765914,0.33289513
1581014288298,0.10972224,0.10652645,0.39361522
1581014288302,0.105993815,0.05752428,0.46978164
1581014288303,0.10226539,-0.011717909,0.52411014
1581014288305,0.096939065,-0.0777643,0.5656554
1581014288308,0.09534117,-0.13795175,0.60933125
1581014288309,0.090014845,-0.18162759,0.63223445
1581014288312,0.08042747,-0.19547603,0.65194184
1581014288315,0.075101145,-0.19387813,0.68816084
1581014288318,0.07669904,-0.19121496,0.7254451
1581014288320,0.0793622,-0.17044231,0.7350325
1581014288323,0.07989483,-0.17257284,0.7621967
1581014288328,0.0777643,-0.1784318,0.76965356
1581014288329,0.09054748,-0.1736381,0.76912093
1581014288330,0.08362326,-0.16245283,0.7526093
1581014288334,0.072970614,-0.13582122,0.7387609
1581014288336,0.058056913,-0.08894958,0.71479243
1581014288337,0.03568636,-0.049002163,0.69348717
1581014288340,0.015978966,0.0015978967,0.68176925
1581014288342,-0.00479369,0.040480047,0.67005134
1581014288345,-0.040480047,0.10865697,0.6625945
1581014288347,-0.08522116,0.18002969,0.6759103
1581014288350,-0.12942964,0.26525086,0.6828345
1581014288353,-0.18002969,0.34621096,0.6876282
1581014288355,-0.23009712,0.44048685,0.70680296
1581014288357,-0.2743056,0.53316486,0.71479243
1581014288360,-0.29454562,0.6263755,0.7254451
1581014288363,-0.3073288,0.6924219,0.74302197
1581014288365,-0.32170987,0.721184,0.7499462
1581014288368,-0.31638354,0.74248934,0.7680557
1581014288370,-0.29614353,0.7366304,0.7755125
1581014288372,-0.27377295,0.71159667,0.793622
1581014288375,-0.23808661,0.680704,0.81013364
1581014288377,-0.18482338,0.63702816,0.8245147
1581014288380,-0.14008227,0.59122175,0.8431568
1581014288382,-0.075101145,0.54275227,0.86179894
1581014288385,-0.00958738,0.47244477,0.8873653
1581014288388,0.049002163,0.40053943,0.9150622
1581014288390,0.111852765,0.34088463,0.9438243
1581014288392,0.17576863,0.2711098,0.9715212
1581014288395,0.23009712,0.221575,0.98803276
1581014288397,0.27324033,0.16405073,1.0024139
1581014288400,0.32277513,0.11717909,1.0077401
1581014288402,0.3520699,0.08522116,1.015197
1581014288405,0.38083205,0.054328486,1.0290455
1581014288407,0.39840892,0.03781689,1.0301107
1581014288409,0.40906155,0.04527374,1.0381002
1581014288412,0.40959418,0.04314321,1.0460896
1581014288414,0.40906155,0.06231797,1.0508834
1581014288417,0.4063984,0.09427591,1.0508834
1581014288420,0.38402784,0.11451593,1.0402308
1581014288422,0.3584615,0.15819177,1.0215886
1581014288424,0.3339604,0.1949434,1.0061423
1581014288427,0.30519825,0.2428803,1.0056096
1581014288429,0.27643612,0.2806972,1.0040118
1581014288432,0.24714136,0.31052458,0.9938917
1581014288435,0.22050974,0.29933932,1.0343717
1581014288437,0.18322548,0.2695119,1.0748519
1581014288439,0.16564862,0.25033715,1.077515
1581014288442,0.1470065,0.24074976,1.055677
1581014288445,0.11984225,0.2428803,1.0439591
1581014288448,0.08841695,0.2514024,1.015197
1581014288450,0.07829694,0.25406557,0.99069595
1581014288452,0.0479369,0.25885928,0.96140116
1581014288454,0.030360037,0.25992453,0.9395633
1581014288457,0.013848438,0.25885928,0.90920323
1581014288459,0.022370555,0.21944448,0.84155893
1581014288462,0.042077947,0.22849922,0.72917354
1581014288465,0.026631612,0.314253,0.67697555
1581014288467,0.0026631611,0.36645097,0.6668556
1581014288470,-0.025566347,0.39041942,0.68816084
1581014288472,-0.043675844,0.36272255,0.7094661
1581014288475,-0.021837922,0.28442562,0.721184
1581014288478,0.017044231,0.20879184,0.7142598
1581014288480,0.07403588,0.15606125,0.72651035
1581014288483,0.118776985,0.13528858,0.7137272
1581014288486,0.15446335,0.1555286,0.6961503
1581014288488,0.19281286,0.1667139,0.6993461
1581014288490,0.2130529,0.18801917,0.690824
1581014288492,0.21997711,0.20026971,0.6785734
1581014288495,0.24980451,0.19973709,0.6993461
1581014288498,0.2727077,0.22210763,0.71798825
1581014288501,0.3110572,0.25193503,0.73822826
1581014288504,0.33981937,0.2860235,0.7653925
1581014288505,0.36325517,0.30519825,0.78083885
1581014288510,0.36804888,0.30306774,0.7930894
1581014288511,0.36591834,0.30466563,0.79202414
1581014288513,0.35313517,0.32863408,0.8000136
1581014288516,0.34514567,0.35100463,0.79735047
1581014288518,0.3355583,0.36112466,0.7914915
1581014288520,0.32170987,0.3669836,0.8016115
1581014288522,0.3009372,0.34621096,0.7845673
1581014288524,0.28016454,0.32330775,0.77924097
1581014288527,0.27057716,0.2972088,0.7819041
1581014288529,0.24714136,0.2743056,0.7803062
1581014288533,0.23595607,0.24927188,0.7755125
1581014288535,0.22903186,0.22956449,0.7781757
1581014288538,0.22050974,0.22849922,0.7653925
1581014288541,0.20559604,0.21038973,0.7552725
1581014288543,0.1965413,0.19973709,0.74035877
1581014288546,0.18855181,0.1736381,0.72011876
1581014288547,0.18695392,0.165116,0.69668293
1581014288550,0.17310548,0.1438107,0.6679208
1581014288553,0.17576863,0.14487597,0.65034395
1581014288555,0.16724652,0.14966966,0.61412495
1581014288557,0.17896444,0.15925704,0.6034723
1581014288560,0.17630127,0.15978967,0.5853628
1581014288562,0.17630127,0.15925704,0.56885123
1581014288564,0.1768339,0.15393071,0.57311225
1581014288568,0.1768339,0.16618125,0.5550028
1581014288570,0.17044231,0.19973709,0.54807854
1581014288572,0.16777915,0.23222765,0.55340487
1581014288575,0.15978967,0.25513083,0.5496765
1581014288578,0.15073492,0.25726137,0.5539375
1581014288580,0.13422333,0.24767399,0.561927
1581014288584,0.11930962,0.23861924,0.5837649
1581014288585,0.10705908,0.22796659,0.5858955
1581014288587,0.10226539,0.22583607,0.5997439
1581014288590,0.08149273,0.22210763,0.61891866
1581014288593,0.075101145,0.19441076,0.6317018
1581014288595,0.06391586,0.16884442,0.6428871
1581014288598,0.05752428,0.16192019,0.6599313
1581014288601,0.04474111,0.25033715,0.64714813
1581014288603,0.03089267,0.28708878,0.6625945
1581014288605,-0.0015978967,0.3190467,0.65886605
1581014288608,-0.036751624,0.34248254,0.65513766
1581014288611,-0.06657903,0.34248254,0.6599313
1581014288613,-0.08894958,0.3472762,0.6689861
1581014288616,-0.09640643,0.35313517,0.67324716
1581014288618,-0.1107875,0.3472762,0.67484504
1581014288620,-0.0974717,0.3536678,0.68336713
1581014288625,-0.103863284,0.33289513,0.6801714
1581014288625,-0.092145376,0.31318775,0.680704
1581014288628,-0.077231675,0.28336033,0.69029135
1581014288631,-0.068176925,0.26631612,0.6876282
1581014288633,-0.06711166,0.22849922,0.69348717
1581014288635,-0.06178534,0.20772657,0.6945524
1581014288637,-0.06178534,0.1667139,0.6897587
1581014288640,-0.0628506,0.12783173,0.6993461
1581014288643,-0.03568636,0.07669904,0.7307714
1581014288645,0.014913702,0.0010652645,0.7850999
1581014288648,0.054328486,-0.05539375,0.81545997
1581014288650,0.084155895,-0.108124346,0.8516789
1581014288653,0.10865697,-0.15606125,0.8681905
1581014288656,0.12676647,-0.18216023,0.86179894
1581014288658,0.13262543,-0.18908444,0.8591358
1581014288661,0.14327806,-0.17789917,0.8378305
1581014288663,0.15286545,-0.18216023,0.799481
1581014288665,0.14966966,-0.18535602,0.77924097
1581014288669,0.16138756,-0.19228023,0.75580513
1581014288670,0.17630127,-0.21038973,0.7392935
1581014288673,0.19920446,-0.22956449,0.7451525
1581014288675,0.21731395,-0.2514024,0.7392935
1581014288678,0.23489082,-0.24234766,0.7387609
1581014288681,0.27164245,-0.24607609,0.7440872
1581014288683,0.294013,-0.25406557,0.7483483
1581014288686,0.32756883,-0.257794,0.7414241
1581014288688,0.36005938,-0.2593919,0.737163
1581014288690,0.38083205,-0.26418558,0.7254451
1581014288693,0.40852892,-0.2609898,0.7036072
1581014288694,0.44048685,-0.24767399,0.6892261
1581014288697,0.47297743,-0.22956449,0.6791061
1581014288701,0.49960902,-0.20932446,0.66206187
1581014288703,0.5230448,-0.14966966,0.6306366
1581014288706,0.5475459,-0.082025364,0.5970807
1581014288707,0.567786,-0.013848438,0.5699165
1581014288710,0.58269966,0.035153728,0.5571333
1581014288713,0.5906891,0.10439592,0.5251754
1581014288716,0.6018744,0.16724652,0.5086638
1581014288718,0.61572284,0.22690132,0.49055427
1581014288721,0.6247776,0.27537087,0.46978164
1581014288723,0.6354303,0.31957933,0.45859635
1581014288725,0.6269081,0.360592,0.4346279
1581014288728,0.6199839,0.4032026,0.42717105
1581014288731,0.598146,0.4362258,0.40852892
1581014288734,0.56885123,0.47723848,0.40053943
1581014288736,0.53529537,0.5139901,0.39627838
1581014288738,0.509729,0.5683186,0.40213734
1581014288741,0.4857606,0.62531024,0.40959418
1581014288743,0.45540056,0.6583334,0.4245079
1581014288745,0.44048685,0.6609966,0.43729106
1581014288748,0.41438788,0.65513766,0.45699844
1581014288750,0.39041942,0.6317018,0.4628574
1581014288753,0.37337518,0.5970807,0.4841627
1581014288756,0.35473305,0.5640575,0.49161956
1581014288758,0.34141725,0.53476274,0.5028048
1581014288762,0.31691617,0.5001417,0.51931643
1581014288762,0.28975195,0.45540056,0.5289038
1581014288768,0.2615224,0.4111921,0.5273059
1581014288769,0.22849922,0.3637878,0.5320996
1581014288771,0.2050634,0.30999196,0.5448828
1581014288773,0.17417073,0.27004454,0.5496765
1581014288775,0.13688648,0.22849922,0.56459016
1581014288778,0.09853696,0.20240025,0.5699165
1581014288781,0.056459017,0.1768339,0.57790595
1581014288783,0.0127831735,0.16884442,0.59122175
1581014288786,-0.022370555,0.18695392,0.59761333
1581014288788,-0.06764429,0.20879184,0.6018744
1581014288791,-0.08841695,0.23755397,0.6103965
1581014288792,-0.11558119,0.2711098,0.61678815
1581014288794,-0.12836437,0.32810146,0.6173208
1581014288797,-0.12037488,0.37390783,0.62104917
1581014288799,-0.10279802,0.42983422,0.62317973
1581014288802,-0.09267801,0.48363006,0.59867865
1581014288806,-0.061252706,0.5091964,0.5906891
1581014288808,-0.041012682,0.5422196,0.5811018
1581014288811,-0.010120012,0.5699165,0.5486112
1581014288813,0.018109497,0.58056915,0.5225122
1581014288816,0.041012682,0.58749336,0.5001417
1581014288817,0.058589544,0.5965481,0.46871635
1581014288819,0.096939065,0.5901565,0.4495416
1581014288823,0.12037488,0.60933125,0.42663842
1581014288825,0.1486044,0.6109292,0.39947417
1581014288828,0.1768339,0.6146576,0.38775626
1581014288830,0.20186761,0.6263755,0.36485308
1581014288833,0.22210763,0.6348976,0.35420042
1581014288836,0.24501082,0.6178534,0.3584615
1581014288839,0.27643612,0.6215818,0.35579833
1581014288839,0.29188246,0.60720074,0.36591834
1581014288843,0.314253,0.58962387,0.36911413
1581014288845,0.3355583,0.56618804,0.3787015
1581014288847,0.3435478,0.545948,0.3797668
1581014288849,0.35579833,0.50173956,0.3850931
1581014288852,0.36485308,0.46978164,0.3850931
1581014288854,0.37124467,0.44474792,0.38722363
1581014288858,0.37124467,0.40906155,0.38296258
1581014288860,0.36272255,0.3717773,0.38456047
1581014288863,0.37071204,0.34408042,0.39095205
1581014288865,0.37124467,0.30626354,0.38935417
1581014288868,0.35579833,0.27324033,0.39414784
1581014288870,0.3435478,0.24554345,0.39574575
1581014288873,0.3270362,0.21997711,0.41065946
1581014288875,0.3153183,0.1933455,0.4101268
1581014288878,0.30040458,0.16884442,0.39734364
1581014288881,0.29827404,0.1555286,0.39254996
1581014288884,0.27643612,0.14327806,0.37816888
1581014288886,0.25033715,0.13688648,0.36804888
1581014288888,0.23915187,0.13582122,0.3472762
1581014288890,0.22583607,0.13528858,0.33822146
1581014288893,0.22423817,0.14221281,0.330232
1581014288895,0.2082592,0.16085494,0.33076462
1581014288897,0.21252026,0.19121496,0.32863408
1581014288899,0.22050974,0.22264028,0.3323625
1581014288902,0.221575,0.24660872,0.32810146
1581014288904,0.21518342,0.26684874,0.330232
1581014288907,0.21038973,0.2711098,0.32384038
1581014288910,0.19600865,0.2615224,0.30466563
1581014288913,0.18748654,0.2561961,0.29614353
1581014288916,0.17257284,0.26738137,0.27537087
1581014288917,0.15286545,0.283893,0.26365295
1581014288919,0.13901702,0.2977414,0.25353295
1581014288922,0.12783173,0.31957933,0.24181503
1581014288924,0.111852765,0.35899413,0.23648871
1581014288928,0.111852765,0.38775626,0.24820662
1581014288930,0.1123854,0.41864893,0.26205507
1581014288932,0.11771172,0.44048685,0.26525086
1581014288936,0.11984225,0.4628574,0.2876214
1581014288937,0.12676647,0.44474792,0.3009372
1581014288939,0.1587244,0.37337518,0.3158509
1581014288941,0.18588865,0.28016454,0.32384038
1581014288944,0.23648871,0.20133498,0.3153183
1581014288948,0.2790993,0.11824436,0.314253
1581014288949,0.33822146,0.03834952,0.32330775
1581014288951,0.3882889,-0.026631612,0.30999196
1581014288954,0.4245079,-0.09427591,0.3057309
1581014288956,0.45806372,-0.16405073,0.3121225
1581014288959,0.4809669,-0.23009712,0.29614353
1581014288962,0.49694586,-0.2759035,0.29188246
1581014288964,0.4889564,-0.29933932,0.30253512
1581014288967,0.47990164,-0.3206446,0.29028457
1581014288969,0.45220476,-0.33289513,0.2790993
1581014288972,0.4261058,-0.3387541,0.28122982
1581014288974,0.386691,-0.3387541,0.27324033
1581014288976,0.34514567,-0.34194988,0.267914
1581014288979,0.29880667,-0.3334278,0.26525086
1581014288981,0.2444782,-0.3190467,0.2609898
1581014288984,0.19014971,-0.29454562,0.25885928
1581014288987,0.123038046,-0.25726137,0.25885928
1581014288989,0.06870956,-0.22690132,0.2412824
1581014288992,0.015446335,-0.1933455,0.23808661
1581014288995,-0.034621093,-0.13528858,0.2444782
1581014288997,-0.07882957,-0.08362326,0.22690132
1581014288999,-0.12144015,-0.02876214,0.21944448
1581014289002,-0.16298546,0.034621093,0.2247708
1581014289004,-0.1965413,0.099069595,0.20719394
1581014289007,-0.22050974,0.18482338,0.1949434
1581014289010,-0.2396845,0.28016454,0.18588865
1581014289012,-0.25246766,0.37230992,0.17576863
1581014289015,-0.22104238,0.531567,0.18961707
1581014289018,-0.21678132,0.67005134,0.19387813
1581014289020,-0.20240025,0.8111989,0.23755397
1581014289022,-0.15233281,1.0045444,0.31851408
1581014289025,-0.11771172,1.1781825,0.32384038
1581014289027,-0.070307456,1.2985574,0.3206446
1581014289029,-0.022370555,1.381648,0.3121225
1581014289032,0.00958738,1.387507,0.28655612
1581014289034,0.05486112,1.3603427,0.2615224
1581014289037,0.07882957,1.2650015,0.22370553
1581014289039,0.12676647,1.1419635,0.2082592
1581014289042,0.16618125,1.000816,0.20080236
1581014289044,0.21145499,0.8516789,0.18269286
1581014289048,0.25885928,0.7222493,0.16990969
