1424719483198,1000.8699
1424719483234,1000.8699
1424719483258,1000.8699
1424719483287,1000.8699
1424719483318,1000.8699
1424719483347,1000.8699
1424719483406,1000.8699
1424719483436,1000.8699
1424719483466,1000.8699
1424719483495,1000.8699
1424719483524,1000.8699
1424719483555,1000.8699
1424719483584,1000.8699
1424719483614,1000.8699
1424719483674,1000.8699
1424719483703,1000.8699
1424719483733,1000.8699
1424719483762,1000.8699
1424719483792,1000.8758
1424719483822,1000.8799
1424719483851,1000.8799
1424719483881,1000.8799
1424719483941,1000.8799
1424719483977,1000.8799
1424719484001,1000.8799
1424719484030,1000.8799
1424719484060,1000.8799
1424719484089,1000.8799
1424719484118,1000.8799
1424719484178,1000.8799
1424719484208,1000.8799
1424719484237,1000.8828
1424719484267,1000.8899
1424719484297,1000.8843
1424719484327,1000.8799
1424719484356,1000.8799
1424719484386,1000.8893
1424719484446,1000.89075
1424719484475,1000.8999
1424719484504,1000.9067
1424719484534,1000.91986
1424719484564,1000.91986
1424719484594,1000.91986
1424719484623,1000.91125
1424719484653,1000.9099
1424719484713,1000.9087
1424719484742,1000.8999
1424719484772,1000.896
1424719484802,1000.8899
1424719484832,1000.8899
1424719484861,1000.8899
1424719484894,1000.8899
1424719484950,1000.8899
1424719484979,1000.8899
1424719485009,1000.8899
1424719485039,1000.8943
1424719485068,1000.8999
1424719485098,1000.8999
1424719485128,1000.8999
1424719485157,1000.8999
1424719485217,1000.8999
1424719485246,1000.8999
1424719485277,1000.8999
1424719485306,1000.9048
1424719485336,1000.9099
1424719485366,1000.9247
1424719485396,1000.9299
1424719485455,1000.9299
1424719485485,1000.92847
1424719485515,1000.91986
1424719485545,1000.91986
1424719485573,1000.91986
1424719485604,1000.91986
1424719485633,1000.9278
1424719485663,1000.9299
1424719485722,1000.9299
1424719485753,1000.9261
1424719485782,1000.9099
1424719485811,1000.9099
1424719485841,1000.9099
1424719485872,1000.9027
1424719485900,1000.8999
1424719485931,1000.8999
1424719485990,1000.9099
1424719486021,1000.9099
1424719486048,1000.9099
1424719486079,1000.9099
1424719486109,1000.9099
1424719486138,1000.9175
1424719486168,1000.91986
1424719486227,1000.91986
1424719486257,1000.91986
1424719486286,1000.91986
1424719486316,1000.91986
1424719486346,1000.91986
1424719486375,1000.91986
1424719486404,1000.91986
1424719486436,1000.91986
1424719486494,1000.91986
1424719486523,1000.91986
1424719486553,1000.91986
1424719486584,1000.91986
1424719486613,1000.91986
1424719486643,1000.91986
1424719486672,1000.9283
1424719486702,1000.9299
1424719486761,1000.9498
1424719486791,1000.9498
1424719486843,1000.9498
1424719486850,1000.9498
1424719486880,1000.9562
1424719486911,1000.95984
1424719486940,1000.95984
1424719487000,1000.96027
1424719487031,1000.97986
1424719487059,1000.9711
1424719487089,1000.9498
1424719487118,1000.9498
1424719487147,1000.93616
1424719487178,1000.9299
1424719487207,1000.9204
1424719487267,1000.91986
1424719487297,1000.91986
1424719487326,1000.91986
1424719487355,1000.91986
1424719487387,1000.91986
1424719487415,1000.91986
1424719487446,1000.91986
1424719487486,1000.9298
1424719487534,1000.9299
1424719487563,1000.9299
1424719487593,1000.9299
1424719487625,1000.9299
1424719487652,1000.9299
1424719487681,1000.9299
1424719487711,1000.9299
1424719487771,1000.9299
1424719487821,1000.92816
1424719487830,1000.91986
1424719487859,1000.91986
1424719487889,1000.91986
1424719487919,1000.91986
1424719487949,1000.91986
1424719487979,1000.9293
1424719488038,1000.9299
1424719488074,1000.932
1424719488098,1000.9399
1424719488128,1000.9446
1424719488157,1000.9498
1424719488187,1000.9573
1424719488216,1000.95984
1424719488246,1000.9698
1424719488305,1000.97107
1424719488335,1000.97986
1424719488365,1000.97986
1424719488394,1000.96423
1424719488424,1000.9498
1424719488454,1000.9341
1424719488491,1000.9299
1424719488543,1000.91986
1424719488574,1000.91815
1424719488603,1000.9099
1424719488632,1000.9099
1424719488662,1000.9099
1424719488691,1000.9099
1424719488721,1000.9099
1424719488751,1000.9099
1424719488857,1000.91986
1424719488890,1000.91986
1424719488904,1000.91986
1424719488906,1000.91986
1424719488929,1000.91986
1424719488960,1000.91986
1424719488988,1000.91986
1424719489018,1000.91986
1424719489077,1000.91986
1424719489107,1000.91986
1424719489136,1000.91986
1424719489167,1000.9146
1424719489197,1000.9099
1424719489226,1000.91785
1424719489255,1000.91986
1424719489315,1000.92035
1424719489344,1000.9299
1424719489374,1000.93304
1424719489405,1000.9399
1424719489433,1000.9513
1424719489463,1000.95984
1424719489493,1000.95984
1424719489524,1000.95984
1424719489583,1000.97986
1424719489612,1000.97986
1424719489642,1000.9872
1424719489672,1000.9998
1424719489701,1000.9936
1424719489731,1000.98987
1424719489760,1000.95416
1424719489820,1000.94946
1424719489849,1000.9299
1424719489879,1000.9299
1424719489908,1000.9258
1424719489937,1000.91986
1424719489967,1000.91315
1424719489997,1000.9099
1424719490027,1000.9191
1424719490086,1000.91986
1424719490115,1000.91986
1424719490145,1000.9231
1424719490175,1000.9299
1424719490204,1000.9299
1424719490234,1000.9299
1424719490264,1000.9299
1424719490293,1000.9299
1424719490353,1000.92883
1424719490383,1000.91986
1424719490413,1000.9236
1424719490442,1000.9299
1424719490472,1000.9299
1424719490502,1000.91455
1424719490532,1000.9099
1424719490591,1000.9099
1424719490620,1000.9114
1424719490650,1000.91986
1424719490680,1000.924
1424719490709,1000.9299
1424719490739,1000.94336
1424719490769,1000.9498
1424719490801,1000.9498
1424719490858,1000.96985
1424719490888,1000.96985
1424719490918,1000.96985
1424719490947,1000.96985
1424719490977,1000.96985
1424719491006,1000.9844
1424719491036,1000.98987
1424719491066,1000.96045
1424719491125,1000.95984
1424719491155,1000.95483
1424719491185,1000.9399
1424719491215,1000.9298
1424719491244,1000.91986
1424719491274,1000.9122
1424719491304,1000.9099
1424719491363,1000.9099
1424719491393,1000.9099
1424719491425,1000.9127
1424719491452,1000.91986
1424719491482,1000.91986
1424719491511,1000.91986
1424719491541,1000.9279
1424719491572,1000.9299
1424719491630,1000.9299
1424719491660,1000.9299
1424719491690,1000.9299
1424719491720,1000.9299
1424719491749,1000.9359
1424719491779,1000.9399
1424719491809,1000.9313
1424719491839,1000.9299
1424719491898,1000.91986
1424719491927,1000.9224
1424719491957,1000.9299
1424719491988,1000.94
1424719492017,1000.9498
1424719492046,1000.9498
1424719492076,1000.96796
1424719492135,1000.97015
1424719492164,1000.97986
1424719492195,1000.97986
1424719492225,1000.97986
1424719492254,1000.97986
1424719492284,1000.97986
1424719492313,1000.97986
1424719492344,1001.0085
1424719492403,1001.0073
1424719492433,1000.97986
1424719492462,1000.9696
1424719492492,1000.9498
1424719492522,1000.93164
1424719492551,1000.91986
1424719492581,1000.91986
1424719492640,1000.91986
1424719492669,1000.9186
1424719492699,1000.9099
1424719492729,1000.9137
1424719492759,1000.91986
1424719492789,1000.9264
1424719492825,1000.9299
1424719492848,1000.9299
1424719492907,1000.9304
1424719492937,1000.9399
1424719492967,1000.9399
1424719492996,1000.9399
1424719493026,1000.9399
1424719493060,1000.9399
1424719493089,1000.9399
1424719493115,1000.9303
1424719493174,1000.9299
1424719493204,1000.9299
1424719493234,1000.9299
1424719493264,1000.9299
1424719493294,1000.9299
1424719493323,1000.9374
1424719493354,1000.9399
1424719493412,1000.9498
1424719493443,1000.9512
1424719493477,1000.95984
1424719493501,1000.9638
1424719493531,1000.96985
1424719493560,1000.96985
1424719493590,1000.9777
1424719493620,1000.97986
1424719493679,1000.9998
1424719493709,1000.99426
1424719493739,1000.96985
1424719493770,1000.95667
1424719493805,1000.9399
1424719493828,1000.92566
1424719493857,1000.91986
1424719493887,1000.91986
1424719493946,1000.9099
1424719493983,1000.91223
1424719494006,1000.91986
1424719494036,1000.91986
1424719494066,1000.91986
1424719494101,1000.91986
1424719494127,1000.91986
1424719494184,1000.91986
1424719494214,1000.91986
1424719494244,1000.9227
1424719494273,1000.9299
1424719494303,1000.9299
1424719494334,1000.9299
1424719494363,1000.9299
1424719494391,1000.9299
1424719494450,1000.9299
1424719494480,1000.9299
1424719494510,1000.9265
1424719494540,1000.91986
1424719494569,1000.9257
1424719494599,1000.9299
1424719494630,1000.9384
1424719494661,1000.9399
1424719494718,1000.95984
1424719494750,1000.9646
1424719494780,1000.97986
1424719494809,1000.97986
1424719494843,1000.97986
1424719494867,1000.97986
1424719494897,1000.9976
1424719494961,1001.0005
1424719494986,1001.01984
1424719495014,1001.0112
1424719495044,1000.98987
1424719495074,1000.98987
1424719495103,1000.96246
1424719495133,1000.9498
1424719495163,1000.9311
1424719495223,1000.9299
1424719495253,1000.9299
1424719495282,1000.9299
1424719495312,1000.9299
1424719495341,1000.9299
1424719495371,1000.9299
1424719495401,1000.9299
1424719495431,1000.9299
1424719495491,1000.9299
1424719495520,1000.9299
1424719495550,1000.9299
1424719495579,1000.9299
1424719495610,1000.9299
1424719495639,1000.9299
1424719495668,1000.9208
1424719495728,1000.91986
1424719495758,1000.9182
1424719495788,1000.9099
1424719495817,1000.9099
1424719495848,1000.9099
1424719495877,1000.91675
1424719495906,1000.91986
1424719495935,1000.9387
1424719495995,1000.9399
1424719496024,1000.9441
1424719496055,1000.95984
1424719496084,1000.9692
1424719496115,1000.97986
1424719496143,1000.9725
1424719496173,1000.96985
1424719496203,1000.97974
1424719496261,1000.97864
1424719496292,1000.96985
1424719496321,1000.96985
1424719496350,1000.9492
1424719496380,1000.9299
1424719496410,1000.9141
1424719496439,1000.9099
1424719496499,1000.8899
1424719496529,1000.8882
1424719496558,1000.8799
1424719496588,1000.8799
1424719496617,1000.8799
1424719496647,1000.8799
1424719496678,1000.8882
1424719496708,1000.8899
1424719496767,1000.8899
1424719496796,1000.8899
1424719496829,1000.8899
1424719496860,1000.8899
1424719496885,1000.8899
1424719496915,1000.8899
1424719496945,1000.8812
1424719497004,1000.87976
1424719497035,1000.8699
1424719497064,1000.8699
1424719497093,1000.8699
1424719497124,1000.8752
1424719497152,1000.8799
1424719497182,1000.8878
1424719497212,1000.8899
1424719497271,1000.8908
1424719497301,1000.9099
1424719497330,1000.9162
1424719497360,1000.9299
1424719497389,1000.9242
1424719497419,1000.91986
1424719497449,1000.91986
1424719497479,1000.91986
1424719497538,1000.91895
1424719497568,1000.9099
1424719497597,1000.8989
1424719497627,1000.8799
1424719497657,1000.86755
1424719497686,1000.8599
1424719497716,1000.851
1424719497775,1000.84973
1424719497816,1000.8399
1424719497835,1000.8399
1424719497865,1000.8399
1424719497894,1000.8399
1424719497924,1000.8399
1424719497954,1000.8399
1424719497984,1000.8491
1424719498043,1000.8499
1424719498074,1000.8499
1424719498102,1000.8499
1424719498132,1000.8499
1424719498162,1000.8499
1424719498191,1000.8499
1424719498222,1000.8499
1424719498251,1000.8305
1424719498310,1000.83105
1424719498340,1000.8399
1424719498371,1000.8399
1424719498400,1000.8399
1424719498430,1000.8399
1424719498460,1000.8552
1424719498495,1000.8599
1424719498548,1000.8799
1424719498577,1000.8844
1424719498607,1000.9099
1424719498637,1000.9057
1424719498669,1000.8999
1424719498698,1000.9066
1424719498726,1000.9099
1424719498757,1000.9099
1424719498814,1000.9299
1424719498844,1000.92395
1424719498878,1000.8999
1424719498903,1000.88586
1424719498934,1000.8699
1424719498963,1000.85547
1424719498994,1000.8499
1424719499023,1000.8598
1424719499082,1000.8599
1424719499111,1000.8599
1424719499141,1000.8599
1424719499171,1000.8599
1424719499200,1000.8599
1424719499230,1000.8676
1424719499260,1000.8699
1424719499319,1000.8699
1424719499350,1000.8699
1424719499379,1000.8699
1424719499408,1000.8699
1424719499438,1000.8699
1424719499468,1000.8699
1424719499497,1000.8699
1424719499528,1000.8699
1424719499587,1000.8599
1424719499616,1000.8599
1424719499646,1000.8599
1424719499675,1000.8599
1424719499705,1000.8599
1424719499735,1000.8599
1424719499764,1000.87726
1424719499794,1000.8799
1424719499853,1000.8899
1424719499883,1000.8926
1424719499913,1000.8999
1424719499946,1000.8999
1424719499973,1000.8999
1424719500003,1000.8999
1424719500032,1000.90906
1424719500091,1000.91034
1424719500120,1000.91986
1424719500150,1000.9104
1424719500180,1000.8899
1424719500209,1000.88416
1424719500239,1000.8799
1424719500269,1000.8799
1424719500298,1000.87024
1424719500358,1000.86896
1424719500388,1000.8599
1424719500417,1000.8635
1424719500447,1000.8699
1424719500477,1000.8699
1424719500507,1000.8699
1424719500536,1000.8788
1424719500596,1000.8799
1424719500625,1000.88135
1424719500655,1000.8899
1424719500684,1000.8899
1424719500714,1000.8899
1424719500744,1000.8899
1424719500773,1000.8899
1424719500804,1000.8807
1424719500863,1000.8799
1424719500893,1000.8779
1424719500922,1000.8699
1424719500952,1000.8699
1424719500983,1000.8699
1424719501011,1000.8771
1424719501041,1000.8799
1424719501071,1000.8993
1424719501130,1000.901
1424719501160,1000.9099
1424719501189,1000.9099
1424719501219,1000.9148
1424719501249,1000.91986
1424719501278,1000.91986
1424719501308,1000.91986
1424719501367,1000.9299
1424719501397,1000.9299
1424719501427,1000.9299
1424719501457,1000.91736
1424719501486,1000.8999
1424719501516,1000.8999
1424719501545,1000.8917
1424719501576,1000.8899
1424719501634,1000.8799
1424719501664,1000.8819
1424719501694,1000.8899
1424719501724,1000.8899
1424719501753,1000.8899
1424719501785,1000.8899
1424719501817,1000.8899
1424719501843,1000.8899
1424719501902,1000.8899
1424719501931,1000.8899
1424719501961,1000.8899
1424719501991,1000.8899
1424719502021,1000.8899
1424719502051,1000.8899
1424719502081,1000.8899
1424719502140,1000.8899
1424719502169,1000.8899
1424719502199,1000.8869
1424719502230,1000.8799
1424719502260,1000.8686
1424719502289,1000.8599
1424719502321,1000.8599
1424719502347,1000.8599
1424719502407,1000.8599
1424719502437,1000.8599
1424719502468,1000.8669
1424719502499,1000.8799
1424719502526,1000.8799
1424719502555,1000.8799
1424719502585,1000.8711
1424719502644,1000.8699
1424719502673,1000.8699
1424719502704,1000.8699
1424719502733,1000.8699
1424719502763,1000.8699
1424719502793,1000.8633
1424719502822,1000.8599
1424719502851,1000.8507
1424719502910,1000.8499
1424719502940,1000.8499
1424719502970,1000.853
1424719503000,1000.8599
1424719503030,1000.8599
1424719503059,1000.86707
1424719503089,1000.8699
1424719503119,1000.8699
1424719503178,1000.871
1424719503208,1000.8799
1424719503238,1000.88354
1424719503267,1000.8899
1424719503297,1000.8899
1424719503326,1000.8899
1424719503356,1000.8899
1424719503415,1000.8899
1424719503445,1000.8899
1424719503474,1000.8899
1424719503505,1000.88574
1424719503534,1000.8799
1424719503564,1000.8799
1424719503594,1000.8799
1424719503623,1000.8799
1424719503684,1000.8799
1424719503712,1000.8799
1424719503742,1000.8799
1424719503771,1000.88916
1424719503801,1000.8999
1424719503831,1000.9072
1424719503861,1000.9099
1424719503890,1000.9099
1424719503949,1000.9099
1424719503982,1000.9099
1424719504009,1000.9099
1424719504038,1000.915
1424719504069,1000.91986
1424719504098,1000.91986
1424719504128,1000.91986
1424719504187,1000.8899
1424719504217,1000.8899
1424719504246,1000.88684
1424719504276,1000.8799
1424719504306,1000.87427
1424719504335,1000.8699
1424719504365,1000.8699
1424719504395,1000.8699
1424719504454,1000.8699
1424719504485,1000.8721
1424719504514,1000.8799
1424719504543,1000.8799
1424719504573,1000.8799
1424719504602,1000.8799
1424719504632,1000.8799
1424719504691,1000.8799
1424719504721,1000.8799
1424719504751,1000.8799
1424719504781,1000.8799
1424719504810,1000.8799
1424719504840,1000.8799
1424719504870,1000.8799
1424719504901,1000.8613
1424719504959,1000.8599
1424719504988,1000.8599
1424719505018,1000.8599
1424719505048,1000.8599
1424719505077,1000.8657
1424719505107,1000.8699
1424719505137,1000.8699
1424719505167,1000.88947
1424719505228,1000.8909
1424719505256,1000.8999
1424719505287,1000.9036
1424719505315,1000.9099
1424719505345,1000.9162
1424719505374,1000.91986
1424719505405,1000.91986
1424719505464,1000.91986
1424719505500,1000.91516
1424719505524,1000.8899
1424719505553,1000.8856
1424719505582,1000.8799
1424719505611,1000.8799
1424719505641,1000.8799
1424719505671,1000.8799
1424719505730,1000.8799
1424719505760,1000.88196
1424719505789,1000.8899
1424719505819,1000.89465
1424719505849,1000.8999
1424719505879,1000.90717
1424719505908,1000.9099
1424719505939,1000.91986
1424719506006,1000.91986
1424719506027,1000.91986
1424719506057,1000.91986
1424719506087,1000.91986
1424719506116,1000.91986
1424719506146,1000.91986
1424719506175,1000.91986
1424719506235,1000.9099
1424719506264,1000.9116
1424719506294,1000.91986
1424719506324,1000.91986
1424719506354,1000.91986
1424719506383,1000.91986
1424719506413,1000.9364
1424719506443,1000.9399
1424719506502,1000.9498
1424719506536,1000.9498
1424719506561,1000.9498
1424719506591,1000.9498
1424719506621,1000.9498
1424719506652,1000.9498
1424719506681,1000.9586
1424719506740,1000.95984
1424719506770,1000.95984
1424719506814,1000.9516
1424719506833,1000.9299
1424719506859,1000.92456
1424719506888,1000.91986
1424719506918,1000.91986
1424719506948,1000.91986
1424719507007,1000.91986
1424719507037,1000.91986
1424719507066,1000.91986
1424719507096,1000.91986
1424719507126,1000.92566
1424719507155,1000.9299
1424719507185,1000.93835
1424719507215,1000.9399
1424719507274,1000.9299
1424719507314,1000.9299
1424719507334,1000.9299
1424719507368,1000.9299
1424719507395,1000.9299
1424719507435,1000.9299
1424719507458,1000.9209
1424719507516,1000.9196
1424719507542,1000.9099
1424719507571,1000.9099
1424719507600,1000.91406
1424719507630,1000.91986
1424719507673,1000.92566
1424719507703,1000.9299
1424719507732,1000.9452
1424719507784,1000.95056
1424719507809,1000.95984
1424719507847,1000.95984
1424719507873,1000.95984
1424719507898,1000.95984
1424719507931,1000.9526
1424719507957,1000.9498
1424719507986,1000.92993
1424719508046,1000.92737
1424719508081,1000.9099
1424719508107,1000.906
1424719508136,1000.8999
1424719508164,1000.8999
1424719508205,1000.8999
1424719508224,1000.8999
1424719508290,1000.8999
1424719508313,1000.8999
1424719508348,1000.8999
1424719508375,1000.9042
1424719508407,1000.9099
1424719508449,1000.9099
1424719508479,1000.9099
1424719508496,1000.9099
1424719508551,1000.91986
1424719508580,1000.91986
1424719508615,1000.91986
1424719508639,1000.91504
1424719508675,1000.9099
1424719508701,1000.9099
1424719508729,1000.9099
1424719508788,1000.9099
1424719508818,1000.9099
1424719508847,1000.9099
1424719508876,1000.9099
1424719508906,1000.9152
1424719508936,1000.91986
1424719508965,1000.9278
1424719508996,1000.9299
1424719509054,1000.9399
1424719509084,1000.9399
1424719509114,1000.93665
1424719509143,1000.9299
1424719509173,1000.94165
1424719509203,1000.9498
1424719509233,1000.9498
1424719509264,1000.9498
1424719509322,1000.9299
1424719509352,1000.92505
1424719509381,1000.9099
1424719509410,1000.9099
1424719509440,1000.9035
1424719509470,1000.8999
1424719509501,1000.8999
1424719509560,1000.8999
1424719509589,1000.8999
1424719509619,1000.8999
1424719509649,1000.8999
1424719509679,1000.8999
1424719509709,1000.8999
1424719509739,1000.8999
1424719509768,1000.9093
1424719509829,1000.9099
1424719509860,1000.9099
1424719509887,1000.9099
1424719509916,1000.9099
1424719509946,1000.9099
1424719509976,1000.9099
1424719510006,1000.9099
1424719510035,1000.89996
1424719510094,1000.89856
1424719510124,1000.8899
1424719510156,1000.8938
1424719510184,1000.8999
1424719510213,1000.9065
1424719510242,1000.9099
1424719510272,1000.92816
1424719510331,1000.9299
1424719510361,1000.9317
1424719510390,1000.9399
1424719510420,1000.9399
1424719510450,1000.9399
1424719510480,1000.94696
1424719510512,1000.9498
1424719510539,1000.9694
1424719510598,1000.96985
1424719510628,1000.96515
1424719510658,1000.9498
1424719510687,1000.935
1424719510717,1000.91986
1424719510747,1000.9123
1424719510776,1000.9099
1424719510836,1000.9099
1424719510867,1000.9099
1424719510895,1000.9099
1424719510926,1000.9099
1424719510955,1000.9154
1424719510985,1000.91986
1424719511014,1000.91986
1424719511044,1000.91986
1424719511103,1000.9399
1424719511132,1000.9419
1424719511161,1000.9498
1424719511191,1000.9452
1424719511221,1000.9399
1424719511250,1000.9399
1424719511280,1000.9484
1424719511310,1000.9498
1424719511369,1000.9399
1424719511399,1000.9424
1424719511428,1000.9498
1424719511458,1000.9447
1424719511488,1000.9399
1424719511518,1000.9399
1424719511547,1000.9489
1424719511607,1000.9502
1424719511636,1000.95984
1424719511666,1000.96594
1424719511695,1000.97986
1424719511725,1000.97986
1424719511755,1000.97986
1424719511785,1000.9881
1424719511815,1000.98987
1424719511874,1000.99084
1424719511903,1000.9998
1424719511933,1000.9998
1424719511963,1000.9998
1424719511997,1000.9813
1424719512023,1000.96985
1424719512052,1000.95233
1424719512111,1000.9498
1424719512141,1000.94836
1424719512171,1000.9399
1424719512200,1000.93585
1424719512230,1000.9299
1424719512259,1000.9366
1424719512289,1000.9399
1424719512319,1000.9399
1424719512379,1000.9404
1424719512408,1000.9498
1424719512438,1000.9498
1424719512467,1000.9498
1424719512500,1000.9498
1424719512527,1000.9498
1424719512556,1000.9498
1424719512586,1000.9498
1424719512645,1000.9498
1424719512675,1000.9498
1424719512705,1000.9461
1424719512737,1000.9399
1424719512764,1000.9399
1424719512794,1000.9321
1424719512829,1000.9299
1424719512884,1000.9299
1424719512913,1000.9299
1424719512943,1000.9299
1424719512973,1000.9383
1424719513005,1000.9498
1424719513032,1000.9498
1424719513061,1000.958
1424719513091,1000.95984
1424719513150,1000.95984
1424719513180,1000.9619
1424719513209,1000.96985
1424719513239,1000.97925
1424719513269,1000.98987
1424719513299,1000.9677
1424719513329,1000.95984
1424719513360,1000.95984
1424719513418,1000.9498
1424719513449,1000.9473
1424719513478,1000.9399
1424719513514,1000.9347
1424719513537,1000.9299
1424719513566,1000.9299
1424719513596,1000.9299
1424719513656,1000.9299
1424719513686,1000.9299
1424719513715,1000.9299
1424719513745,1000.9299
1424719513774,1000.9299
1424719513810,1000.9299
1424719513834,1000.9299
1424719513864,1000.9299
1424719513923,1000.9299
1424719513952,1000.9299
1424719513982,1000.9299
1424719514014,1000.9299
1424719514041,1000.9237
1424719514071,1000.91986
1424719514100,1000.911
1424719514162,1000.9099
1424719514190,1000.9099
1424719514219,1000.9126
1424719514252,1000.91986
1424719514282,1000.91986
1424719514311,1000.92664
1424719514338,1000.9299
1424719514374,1000.9299
1424719514443,1000.9299
1424719514468,1000.9299
1424719514468,1000.9299
1424719514525,1000.9299
1424719514546,1000.9299
1424719514576,1000.9299
1424719514605,1000.9299
1424719514637,1000.9299
1424719514696,1000.92755
1424719514734,1000.9099
1424719514770,1000.90656
1424719514792,1000.8999
1424719514816,1000.8999
1424719514856,1000.8999
1424719514873,1000.8999
1424719514931,1000.8999
1424719514961,1000.8999
1424719514991,1000.8999
1424719515022,1000.90424
1424719515051,1000.9099
1424719515080,1000.9099
1424719515110,1000.9099
1424719515140,1000.9099
1424719515204,1000.9099
1424719515231,1000.9099
1424719515264,1000.9099
1424719515292,1000.905
1424719515320,1000.8999
1424719515363,1000.8999
1424719515378,1000.8999
1424719515443,1000.8799
1424719515470,1000.8799
1424719515504,1000.88257
1424719515527,1000.8899
1424719515555,1000.8899
1424719515596,1000.8899
1424719515645,1000.8979
1424719515647,1000.8999
1424719515718,1000.9099
1424719515738,1000.9099
1424719515770,1000.9099
1424719515794,1000.9099
1424719515833,1000.9157
1424719515864,1000.91986
1424719515890,1000.91986
1424719515929,1000.91986
1424719515974,1000.9099
1424719516020,1000.9099
1424719516041,1000.9099
1424719516059,1000.9099
1424719516088,1000.9099
1424719516121,1000.9099
1424719516160,1000.9099
1424719516199,1000.9099
1424719516253,1000.91986
1424719516274,1000.91986
1424719516304,1000.91986
1424719516337,1000.9254
1424719516358,1000.9299
1424719516399,1000.9299
1424719516448,1000.9299
1424719516476,1000.9299
1424719516510,1000.9299
1424719516535,1000.9299
1424719516564,1000.9299
1424719516593,1000.9238
1424719516623,1000.91986
1424719516675,1000.9134
1424719516689,1000.9099
1424719516739,1000.9099
1424719516773,1000.9099
1424719516806,1000.9138
1424719516841,1000.91986
1424719516863,1000.9265
1424719516895,1000.9299
1424719516960,1000.93445
1424719516980,1000.9399
1424719517011,1000.94165
1424719517038,1000.9498
1424719517068,1000.9498
1424719517097,1000.9498
1424719517140,1000.94275
1424719517159,1000.9399
1424719517188,1000.9496
1424719517255,1000.94885
1424719517279,1000.9399
1424719517309,1000.9399
1424719517338,1000.92993
1424719517369,1000.91986
1424719517396,1000.91223
1424719517432,1000.9099
1424719517488,1000.9099
1424719517531,1000.9099
1424719517544,1000.9099
1424719517574,1000.9099
1424719517603,1000.9099
1424719517632,1000.9099
1424719517662,1000.918
1424719517692,1000.91986
1424719517752,1000.91986
1424719517782,1000.91986
1424719517812,1000.91986
1424719517841,1000.91986
1424719517873,1000.91986
1424719517898,1000.91986
1424719517929,1000.9285
1424719517958,1000.9299
1424719518018,1000.91986
1424719518048,1000.91724
1424719518079,1000.9099
1424719518109,1000.90466
1424719518136,1000.8999
1424719518167,1000.9077
1424719518200,1000.9099
1424719518257,1000.9099
1424719518285,1000.9099
1424719518315,1000.91296
1424719518347,1000.91986
1424719518374,1000.9256
1424719518405,1000.9299
1424719518433,1000.92004
1424719518464,1000.91986
1424719518525,1000.9209
1424719518551,1000.9299
1424719518581,1000.9335
1424719518612,1000.9399
1424719518643,1000.9336
1424719518674,1000.9299
1424719518700,1000.9122
1424719518760,1000.9097
1424719518791,1000.8999
1424719518823,1000.8999
1424719518848,1000.904
1424719518879,1000.9099
1424719518909,1000.9099
1424719518939,1000.9099
1424719518966,1000.9099
1424719519028,1000.9099
1424719519058,1000.9099
1424719519085,1000.9099
1424719519115,1000.9144
1424719519146,1000.91986
1424719519177,1000.91986
1424719519204,1000.91986
1424719519235,1000.9297
1424719519293,1000.9286
1424719519323,1000.91986
1424719519354,1000.9161
1424719519385,1000.9099
1424719519412,1000.9099
1424719519446,1000.9099
1424719519481,1000.9099
1424719519534,1000.9099
1424719519561,1000.9099
1424719519594,1000.9099
1424719519621,1000.9149
1424719519653,1000.91986
1424719519680,1000.91986
1424719519712,1000.91986
1424719519740,1000.91986
1424719519799,1000.9299
1424719519830,1000.9299
1424719519858,1000.9299
1424719519891,1000.9299
1424719519918,1000.9299
1424719519948,1000.91486
1424719519984,1000.9099
1424719520040,1000.9098
1424719520066,1000.8899
1424719520098,1000.8899
1424719520126,1000.8899
1424719520156,1000.8899
1424719520186,1000.8899
1424719520213,1000.8899
1424719520244,1000.8899
1424719520303,1000.8999
1424719520335,1000.8999
1424719520362,1000.90314
1424719520394,1000.9099
1424719520421,1000.9099
1424719520451,1000.9099
1424719520485,1000.9099
1424719520515,1000.9099
1424719520569,1000.9099
1424719520601,1000.9074
1424719520629,1000.8999
1424719520661,1000.8999
1424719520689,1000.8999
1424719520722,1000.8999
1424719520748,1000.8999
1424719520807,1000.8999
1424719520839,1000.8999
1424719520866,1000.90283
1424719520898,1000.9099
1424719520926,1000.9099
1424719520960,1000.91675
1424719520986,1000.91986
1424719521018,1000.91986
1424719521078,1000.91986
1424719521104,1000.91986
1424719521138,1000.92334
1424719521164,1000.9299
1424719521192,1000.9299
1424719521223,1000.9299
1424719521252,1000.9299
1424719521284,1000.91
1424719521347,1000.9086
1424719521374,1000.8999
1424719521402,1000.89594
1424719521431,1000.8899
1424719521462,1000.8969
1424719521491,1000.8999
1424719521524,1000.8999
1424719521581,1000.8999
1424719521611,1000.8999
1424719521640,1000.8999
1424719521673,1000.9043
1424719521704,1000.9099
1424719521728,1000.9099
1424719521761,1000.9099
1424719521791,1000.9099
1424719521849,1000.9099
1424719521876,1000.9099
1424719521905,1000.9099
1424719521940,1000.9099
1424719521969,1000.9099
1424719521997,1000.9022
1424719522024,1000.8999
1424719522085,1000.8899
1424719522113,1000.89136
1424719522148,1000.8999
1424719522174,1000.8999
1424719522203,1000.9053
1424719522231,1000.9099
1424719522263,1000.9261
1424719522291,1000.9299
1424719522354,1000.9299
1424719522381,1000.93195
1424719522409,1000.9399
1424719522440,1000.9399
1424719522471,1000.93384
1424719522516,1000.9299
1424719522564,1000.9399
1424719522565,1000.9399
1424719522620,1000.9099
1424719522659,1000.9073
1424719522692,1000.8999
1424719522717,1000.8948
1424719522744,1000.8899
1424719522783,1000.8899
1424719522806,1000.8899
1424719522857,1000.8899
1424719522887,1000.8899
1424719522919,1000.89294
1424719522945,1000.8999
1424719522979,1000.8999
1424719523004,1000.8999
1424719523045,1000.8999
1424719523067,1000.8999
1424719523124,1000.90076
1424719523162,1000.9099
1424719523186,1000.9099
1424719523219,1000.9099
1424719523245,1000.9099
1424719523272,1000.9099
1424719523302,1000.90106
1424719523383,1000.8999
1424719523383,1000.8999
1424719523418,1000.8999
1424719523464,1000.90393
1424719523477,1000.9099
1424719523526,1000.9099
1424719523546,1000.9099
1424719523571,1000.9192
1424719523629,1000.9213
1424719523663,1000.9399
1424719523693,1000.9399
1424719523722,1000.94696
1424719523748,1000.95984
1424719523790,1000.95984
1424719523816,1000.95984
1424719523836,1000.95984
1424719523895,1000.95984
1424719523926,1000.95984
1424719523956,1000.95984
1424719523986,1000.94446
1424719524035,1000.9299
1424719524041,1000.91437
1424719524071,1000.9099
1424719524136,1000.9099
1424719524163,1000.9099
1424719524191,1000.9099
1424719524244,1000.9067
1424719524251,1000.8999
1424719524293,1000.8999
1424719524320,1000.9078
1424719524344,1000.9099
1424719524400,1000.9099
1424719524443,1000.9121
1424719524466,1000.91986
1424719524489,1000.91986
1424719524523,1000.91986
1424719524547,1000.91986
1424719524577,1000.91986
1424719524637,1000.91986
1424719524671,1000.91986
1424719524703,1000.91986
1424719524728,1000.91986
1424719524757,1000.9144
1424719524790,1000.9099
1424719524818,1000.9099
1424719524846,1000.9099
1424719524905,1000.90924
1424719524939,1000.8999
1424719524968,1000.90326
1424719524997,1000.9099
1424719525048,1000.9158
1424719525077,1000.91986
1424719525079,1000.92847
1424719525114,1000.9299
1424719525174,1000.9299
1424719525203,1000.9299
1424719525227,1000.926
1424719525263,1000.91986
1424719525286,1000.91345
1424719525317,1000.9099
1424719525346,1000.9007
1424719525406,1000.8981
1424719525435,1000.8899
1424719525468,1000.8899
1424719525498,1000.8899
1424719525529,1000.8899
1424719525559,1000.8899
1424719525589,1000.8899
1424719525615,1000.8899
1424719525673,1000.8899
1424719525703,1000.8899
1424719525732,1000.89417
1424719525761,1000.8999
1424719525791,1000.8999
1424719525821,1000.9072
1424719525882,1000.9099
1424719525911,1000.9099
1424719525942,1000.91125
1424719525972,1000.91986
1424719526002,1000.91986
1424719526033,1000.91986
1424719526064,1000.91986
1424719526088,1000.91064
1424719526147,1000.9099
1424719526177,1000.9099
1424719526207,1000.908
1424719526238,1000.8999
1424719526267,1000.8999
1424719526297,1000.8999
1424719526327,1000.907
1424719526358,1000.9099
1424719526390,1000.9099
1424719526447,1000.91986
1424719526479,1000.91986
1424719526504,1000.91986
1424719526533,1000.92566
1424719526563,1000.9299
1424719526594,1000.9299
1424719526624,1000.9299
1424719526686,1000.9299
1424719526716,1000.9299
1424719526741,1000.9299
1424719526771,1000.9299
1424719526802,1000.9188
1424719526832,1000.9099
1424719526862,1000.9018
1424719526894,1000.8999
1424719526949,1000.8999
1424719526979,1000.8999
1424719527010,1000.8965
1424719527039,1000.8899
1424719527070,1000.8899
1424719527102,1000.8899
1424719527156,1000.8899
1424719527156,1000.8899
1424719527217,1000.8899
1424719527248,1000.8934
1424719527280,1000.8999
1424719527308,1000.8999
1424719527340,1000.8999
1424719527365,1000.8999
1424719527397,1000.8999
1424719527431,1000.8999
1424719527486,1000.8999
1424719527536,1000.8999
1424719527543,1000.8999
1424719527574,1000.8999
1424719527604,1000.8929
1424719527638,1000.8899
1424719527698,1000.8999
1424719527726,1000.8999
1424719527758,1000.8999
1424719527785,1000.8999
1424719527811,1000.8999
1424719527852,1000.8999
1424719527875,1000.8999
1424719527903,1000.8999
1424719527966,1000.8899
1424719527994,1000.8912
1424719528028,1000.8999
1424719528053,1000.8999
1424719528077,1000.8999
1424719528108,1000.8932
1424719528139,1000.8899
1424719528171,1000.8899
1424719528230,1000.8899
1424719528258,1000.88794
1424719528289,1000.8799
1424719528325,1000.8799
1424719528346,1000.8799
1424719528379,1000.8871
1424719528423,1000.8899
1424719528460,1000.8899
1424719528493,1000.8899
1424719528530,1000.89233
1424719528555,1000.8999
1424719528588,1000.9042
1424719528613,1000.9099
1424719528651,1000.9176
1424719528675,1000.91986
1424719528731,1000.91986
1424719528761,1000.91986
1424719528795,1000.91986
1424719528821,1000.91986
1424719528852,1000.9263
1424719528887,1000.9299
1424719528919,1000.9299
1424719528943,1000.9299
1424719529012,1000.91986
1424719529042,1000.91986
1424719529063,1000.91986
1424719529088,1000.91986
1424719529120,1000.91986
1424719529145,1000.91986
1424719529177,1000.91986
1424719529209,1000.91986
1424719529265,1000.91986
1424719529299,1000.92255
1424719529330,1000.9299
1424719529357,1000.92456
1424719529386,1000.91986
1424719529430,1000.91986
1424719529448,1000.9291
1424719529488,1000.9299
1424719529545,1000.9299
1424719529562,1000.9267
1424719529592,1000.91986
1424719529620,1000.91986
1424719529651,1000.91986
1424719529684,1000.91986
1424719529712,1000.91986
1424719529775,1000.922
1424719529804,1000.9299
1424719529831,1000.9299
1424719529860,1000.9299
1424719529891,1000.9362
1424719529926,1000.9399
1424719529954,1000.94855
1424719530009,1000.9498
1424719530041,1000.9498
1424719530066,1000.9498
1424719530097,1000.9457
1424719530126,1000.9399
1424719530161,1000.9399
1424719530190,1000.9399
1424719530218,1000.9399
1424719530277,1000.939
1424719530308,1000.9299
1424719530346,1000.9299
1424719530374,1000.9299
1424719530401,1000.9299
1424719530440,1000.9299
1424719530466,1000.9299
1424719530514,1000.9299
1424719530553,1000.9325
1424719530571,1000.9498
1424719530603,1000.95374
1424719530629,1000.95984
1424719530660,1000.95984
1424719530687,1000.95984
1424719530719,1000.95984
1424719530777,1000.96985
1424719530812,1000.97345
1424719530841,1000.98987
1424719530868,1000.99493
1424719530899,1000.9998
1424719530927,1000.9998
1424719530961,1000.97485
1424719530988,1000.96985
1424719531050,1000.9399
1424719531075,1000.93713
1424719531107,1000.9299
1424719531157,1000.92004
1424719531200,1000.9099
1424719531220,1000.9099
1424719531227,1000.9099
1424719531286,1000.9099
1424719531314,1000.9099
1424719531347,1000.9099
1424719531382,1000.9099
1424719531408,1000.9099
1424719531443,1000.9099
1424719531475,1000.9099
1424719531499,1000.9099
1424719531570,1000.9099
1424719531581,1000.9099
1424719531609,1000.9099
1424719531642,1000.9099
1424719531669,1000.9099
1424719531704,1000.9099
1424719531733,1000.90137
1424719531766,1000.8999
1424719531818,1000.9099
1424719531845,1000.9099
1424719531878,1000.9151
1424719531910,1000.91986
1424719531944,1000.93097
1424719531974,1000.9399
1424719531996,1000.94885
1424719532029,1000.9498
1424719532085,1000.95984
1424719532116,1000.95984
1424719532144,1000.96484
1424719532184,1000.96985
1424719532214,1000.9818
1424719532250,1000.98987
1424719532266,1000.9713
1424719532329,1000.9646
1424719532353,1000.9399
1424719532388,1000.93286
1424719532424,1000.91986
1424719532448,1000.91986
1424719532476,1000.9124
1424719532502,1000.9099
1424719532560,1000.9099
1424719532587,1000.9099
1424719532620,1000.9099
1424719532648,1000.91455
1424719532679,1000.91986
1424719532705,1000.92755
1424719532738,1000.9299
1424719532797,1000.9305
1424719532825,1000.9399
1424719532861,1000.9399
1424719532885,1000.9399
1424719532918,1000.9353
1424719532945,1000.9299
1424719532975,1000.92145
1424719533005,1000.91986
1424719533032,1000.91986
1424719533092,1000.91986
1424719533126,1000.9223
1424719533154,1000.9299
1424719533190,1000.9299
1424719533214,1000.9299
1424719533245,1000.9452
1424719533280,1000.9498
1424719533332,1000.95984
1424719533360,1000.95984
1424719533394,1000.96277
1424719533421,1000.96985
1424719533458,1000.9747
1424719533482,1000.97986
1424719533509,1001.0043
1424719533547,1001.0098
1424719533598,1000.98987
1424719533632,1000.98346
1424719533662,1000.95984
1424719533694,1000.95984
1424719533721,1000.94934
1424719533747,1000.9399
1424719533776,1000.9312
1424719533819,1000.9299
1424719533841,1000.9396
1424719533893,1000.9399
1424719533925,1000.9399
1424719533952,1000.9399
1424719533984,1000.9399
1424719534011,1000.9399
1424719534046,1000.9491
1424719534105,1000.9498
1424719534131,1000.9498
1424719534164,1000.9498
1424719534191,1000.9498
1424719534224,1000.9441
1424719534251,1000.9399
1424719534278,1000.9399
1424719534310,1000.9302
1424719534371,1000.93195
1424719534397,1000.9399
1424719534429,1000.9442
1424719534461,1000.9498
1424719534488,1000.9561
1424719534515,1000.95984
1424719534550,1000.95984
1424719534609,1000.97986
1424719534636,1000.9814
1424719534664,1000.98987
1424719534696,1000.98987
1424719534723,1000.98987
1424719534756,1001.01135
1424719534783,1001.01984
1424719534815,1001.001
1424719534874,1000.9998
1424719534901,1000.995
1424719534934,1000.97986
1424719534961,1000.97064
1424719534996,1000.95984
1424719535027,1000.95984
1424719535060,1000.95984
1424719535116,1000.95984
1424719535144,1000.95984
1424719535182,1000.95984
1424719535205,1000.95984
1424719535236,1000.9649
1424719535261,1000.96985
1424719535294,1000.9779
1424719535340,1000.97986
1424719535381,1000.98987
1424719535418,1000.9882
1424719535464,1000.97986
1424719535479,1000.97986
1424719535500,1000.9751
1424719535531,1000.96985
1424719535557,1000.96155
1424719535618,1000.95984
1424719535645,1000.95984
1424719535682,1000.95984
1424719535712,1000.95984
1424719535743,1000.9644
1424719535767,1000.96985
1424719535797,1000.96985
1424719535822,1000.98737
1424719535887,1000.98987
1424719535887,1000.9995
1424719535954,1000.9998
1424719535973,1000.9998
1424719536000,1001.00604
1424719536036,1001.0098
1424719536073,1001.0098
1424719536093,1001.01904
1424719536151,1001.01764
1424719536180,1000.97986
1424719536209,1000.9734
1424719536247,1000.95984
1424719536274,1000.94977
1424719536306,1000.9399
1424719536338,1000.94836
1424719536363,1000.9498
1424719536420,1000.9488
1424719536467,1000.9399
1424719536515,1000.9436
1424719536520,1000.9498
1424719536539,1000.9555
1424719536565,1000.95984
1424719536633,1000.95984
1424719536654,1000.95984
1424719536698,1000.95984
1424719536752,1000.95984
1424719536758,1000.95874
1424719536788,1000.9498
1424719536804,1000.9446
1424719536842,1000.9399
1424719536877,1000.9304
1424719536923,1000.9277
1424719536949,1000.91986
1424719537006,1000.91986
1424719537013,1000.91986
1424719537039,1000.91986
1424719537072,1000.92725
1424719537099,1000.9299
1424719537132,1000.94977
1424719537199,1000.95123
1424719537230,1000.95984
1424719537256,1000.95984
1424719537285,1000.95984
1424719537308,1000.95984
1424719537337,1000.96893
1424719537414,1000.96985
1424719537414,1000.96985
1424719537465,1000.9634
1424719537494,1000.9299
1424719537512,1000.92175
1424719537568,1000.9099
1424719537587,1000.9099
1424719537606,1000.9099
1424719537633,1000.9099
1424719537668,1000.9099
1424719537744,1000.9099
1424719537764,1000.9099
1424719537786,1000.9148
1424719537813,1000.91986
1424719537860,1000.9275
1424719537880,1000.9299
1424719537905,1000.9299
1424719537964,1000.9299
1424719537994,1000.9299
1424719538023,1000.9299
1424719538055,1000.9299
1424719538083,1000.9299
1424719538110,1000.9299
1424719538138,1000.9299
1424719538201,1000.9299
1424719538229,1000.9299
1424719538270,1000.93274
1424719538302,1000.9399
1424719538324,1000.95166
1424719538344,1000.95984
1424719538406,1000.9656
1424719538426,1000.96985
1424719538475,1000.98987
1424719538504,1000.98987
1424719538526,1000.9936
1424719538578,1000.9998
1424719538592,1001.00635
1424719538617,1001.0098
1424719538642,1001.0098
1424719538711,1001.0048
1424719538712,1000.9743
1424719538759,1000.96063
1424719538824,1000.9399
1424719538832,1000.9399
1424719538879,1000.9326
1424719538890,1000.91986
1424719538920,1000.91986
1424719538973,1000.91986
1424719539001,1000.91986
1424719539026,1000.9241
1424719539060,1000.9299
1424719539086,1000.9299
1424719539118,1000.9299
1424719539179,1000.9299
1424719539211,1000.9299
1424719539238,1000.9299
1424719539267,1000.9299
1424719539299,1000.9299
1424719539337,1000.9299
1424719539354,1000.9231
1424719539387,1000.91986
1424719539429,1000.91986
1424719539450,1000.91986
1424719539509,1000.91986
1424719539535,1000.91986
1424719539588,1000.9291
1424719539621,1000.9399
1424719539627,1000.9616
1424719539651,1000.96985
1424719539726,1000.9707
1424719539726,1000.97833
1424719539784,1000.97986
1424719539826,1000.97986
1424719539846,1000.98254
1424719539863,1000.98987
1424719539893,1000.99756
1424719539935,1000.9998
1424719539992,1000.95984
1424719540007,1000.95984
1424719540037,1000.9482
1424719540082,1000.9299
1424719540107,1000.9299
1424719540126,1000.9299
1424719540156,1000.92163
1424719540183,1000.91986
1424719540245,1000.9299
1424719540282,1000.93176
1424719540309,1000.9399
1424719540343,1000.9399
1424719540368,1000.9399
1424719540409,1000.9399
1424719540440,1000.9474
1424719540495,1000.9498
1424719540517,1000.9498
1424719540547,1000.9498
1424719540606,1000.9498
1424719540618,1000.9498
1424719540628,1000.942
1424719540660,1000.9399
1424719540688,1000.9305
1424719540753,1000.93054
1424719540784,1000.9399
1424719540810,1000.94324
1424719540845,1000.9498
1424719540873,1000.95496
1424719540904,1000.95984
1424719540944,1000.95984
1424719540984,1000.9721
1424719541004,1000.97986
1424719541045,1000.98987
1424719541078,1000.99365
1424719541105,1000.9998
1424719541134,1001.0073
1424719541167,1001.0098
1424719541196,1001.0098
1424719541230,1000.992
1424719541258,1000.98987
1424719541316,1000.95984
1424719541343,1000.9512
1424719541380,1000.9399
1424719541404,1000.9399
1424719541432,1000.9399
1424719541465,1000.9303
1424719541500,1000.9299
1424719541552,1000.9321
1424719541586,1000.9399
1424719541612,1000.9447
1424719541638,1000.9498
1424719541666,1000.9574
1424719541726,1000.95984
1424719541743,1000.95984
1424719541804,1000.95984
1424719541844,1000.95984
1424719541844,1000.95984
1424719541878,1000.95984
1424719541913,1000.95984
1424719541935,1000.9518
1424719541985,1000.9498
1424719542026,1000.9498
1424719542065,1000.9522
1424719542087,1000.95984
1424719542112,1000.95984
1424719542145,1000.96576
1424719542172,1000.96985
1424719542204,1000.9954
1424719542263,1001.0011
1424719542292,1001.0098
1424719542326,1001.0132
1424719542364,1001.01984
1424719542404,1001.0236
1424719542412,1001.0298
1424719542444,1001.0298
1424719542470,1001.0028
1424719542526,1000.9998
1424719542563,1000.96985
1424719542611,1000.96686
1424719542620,1000.95984
1424719542650,1000.95984
1424719542677,1000.95984
1424719542723,1000.95984
1424719542744,1000.95984
1424719542804,1000.9605
1424719542840,1000.96985
1424719542857,1000.9733
1424719542888,1000.97986
1424719542918,1000.97986
1424719542946,1000.97986
1424719542980,1000.97986
1424719543004,1000.97986
1424719543064,1000.97986
1424719543115,1000.97986
1424719543127,1000.97504
1424719543151,1000.96985
1424719543179,1000.9765
1424719543221,1000.97986
1424719543260,1000.97986
1424719543301,1000.97986
1424719543346,1000.97986
1424719543386,1000.97986
1424719543404,1000.97986
1424719543438,1000.97986
1424719543461,1000.9741
1424719543480,1000.96985
1424719543518,1000.96985
1424719543593,1000.96985
1424719543626,1000.96985
1424719543631,1000.96985
1424719543656,1000.975
1424719543684,1000.97986
1424719543715,1000.97986
1424719543766,1000.97986
1424719543813,1000.95984
1424719543813,1000.95984
1424719543871,1000.95984
1424719543894,1000.95984
1424719543927,1000.95984
1424719543955,1000.95984
1424719543984,1000.95984
1424719544049,1000.95984
1424719544049,1000.95984
1424719544121,1000.95984
1424719544129,1000.95984
1424719544163,1000.95984
1424719544189,1000.95984
1424719544221,1000.95984
1424719544280,1000.95984
1424719544308,1000.9597
1424719544343,1000.9498
1424719544368,1000.9498
1424719544398,1000.9498
1424719544437,1000.9498
1424719544459,1000.9498
1424719544486,1000.9498
1424719544518,1000.9498
1424719544589,1000.94806
1424719544604,1000.9399
1424719544638,1000.9399
1424719544665,1000.9399
1424719544698,1000.934
1424719544726,1000.9299
1424719544754,1000.9299
1424719544786,1000.9299
1424719544842,1000.9299
1424719544879,1000.9299
1424719544906,1000.9299
1424719544933,1000.9299
1424719544961,1000.9299
1424719545007,1000.9299
1424719545020,1000.9214
1424719545078,1000.91986
1424719545111,1000.91986
1424719545138,1000.91986
1424719545173,1000.91986
1424719545205,1000.91986
1424719545234,1000.91986
1424719545262,1000.91986
1424719545289,1000.9104
1424719545336,1000.9099
1424719545378,1000.9099
1424719545426,1000.9099
1424719545470,1000.9099
1424719545470,1000.9099
1424719545498,1000.9099
1424719545528,1000.9099
1424719545553,1000.9099
1424719545616,1000.9099
1424719545643,1000.9099
1424719545675,1000.9099
1424719545721,1000.9099
1424719545737,1000.9099
