1581013778715,994.8324
1581013778814,994.7998
1581013778927,994.7914
1581013779061,994.7761
1581013779221,994.77576
1581013779222,994.768
1581013780114,994.76874
1581013780116,994.7756
1581013780118,994.77386
1581013780119,994.7806
1581013780121,994.77966
1581013780123,994.77966
1581013780125,994.77966
1581013780126,994.7808
1581013780128,994.7928
1581013785785,994.7949
1581013785787,994.7951
1581013785788,994.7927
1581013785791,994.7905
1581013785792,994.79016
1581013785794,994.7884
1581013785796,994.79016
1581013785797,994.7953
1581013785799,994.7923
1581013785800,994.79944
1581013785802,994.79443
1581013785804,994.7978
1581013785806,994.8048
1581013785808,994.8031
1581013785810,994.7978
1581013785812,994.80286
1581013785814,994.7974
1581013785816,994.79865
1581013785819,994.8
1581013785820,994.8
1581013785822,994.80133
1581013785824,994.799
1581013785826,994.8024
1581013785828,994.80835
1581013785829,994.80255
1581013785831,994.795
1581013785833,994.793
1581013785835,994.79553
1581013785837,994.80316
1581013785839,994.81085
1581013785842,994.83405
1581013785844,994.8468
1581013785846,994.8496
1581013785848,994.8419
1581013785849,994.829
1581013785851,994.83014
1581013785853,994.8394
1581013785855,994.838
1581013785856,994.8256
1581013785858,994.8256
1581013785859,994.82764
1581013785861,994.8131
1581013785863,994.8156
1581013785865,994.8196
1581013785867,994.8203
1581013785868,994.8278
1581013785870,994.8271
1581013785871,994.82587
1581013785873,994.82513
1581013785875,994.8257
1581013785876,994.8214
1581013785878,994.82434
1581013785880,994.83905
1581013785882,994.86414
1581013785884,994.882
1581013785886,994.8868
1581013785888,994.871
1581013785890,994.8704
1581013798888,994.8242
1581013798890,994.77606
1581013798892,994.77606
1581013798894,994.7551
1581013798896,994.7668
1581013798898,994.7655
1581013798900,994.7856
1581013798901,994.7863
1581013798903,994.7777
1581013798904,994.77045
1581013798906,994.7512
1581013798908,994.76263
1581013798910,994.7827
1581013798911,994.816
1581013798913,994.8256
1581013798915,994.78235
1581013798916,994.7235
1581013798918,994.7108
1581013798920,994.72217
1581013798922,994.7352
1581013798923,994.7467
1581013798925,994.7475
1581013798926,994.73676
1581013798928,994.73676
1581013798930,994.7345
1581013798932,994.7592
1581013798933,994.7858
1581013798935,994.7716
1581013798937,994.7179
1581013798938,994.6642
1581013798940,994.6691
1581013798942,994.6751
1581013798944,994.70184
1581013798946,994.6993
1581013798947,994.69196
1581013798948,994.69836
1581013798950,994.7161
1581013798952,994.7595
1581013798953,994.78864
1581013798955,994.77295
1581013798957,994.7362
1581013798958,994.6874
1581013798960,994.6874
1581013798962,994.6364
1581013798964,994.6151
1581013798966,994.62665
1581013798968,994.6257
1581013798969,994.6357
1581013798971,994.63763
1581013798972,994.63684
1581013798974,994.63794
1581013798976,994.651
1581013798978,994.6914
1581013798980,994.742
1581013798982,994.7225
1581013798984,994.6764
1581013798985,994.61926
1581013798987,994.5966
1581013798989,994.6133
1581013798990,994.62964
1581013798992,994.64954
1581013798993,994.6423
1581013798995,994.6423
1581013798997,994.6228
1581013798999,994.6017
1581013799001,994.6222
1581013799002,994.65717
1581013799004,994.684
1581013799006,994.6444
1581013799007,994.6009
1581013799008,994.55646
1581013799010,994.56573
1581013799011,994.5792
1581013799013,994.59717
1581013799015,994.6139
1581013799017,994.60516
1581013799019,994.5843
1581013799021,994.58514
1581013799023,994.61584
1581013799024,994.6694
1581013799026,994.6552
1581013799028,994.6092
1581013799030,994.6092
1581013799031,994.5613
1581013799033,994.5251
1581013799035,994.52466
1581013799037,994.5344
1581013799038,994.5732
1581013799040,994.5607
1581013799041,994.5484
1581013799043,994.5427
1581013799045,994.5506
1581013799046,994.5841
1581013799048,994.6345
1581013799049,994.5914
1581013799051,994.55695
1581013799053,994.499
1581013799055,994.4747
1581013799056,994.4849
1581013799058,994.4986
1581013799060,994.5202
1581013799062,994.5207
1581013799064,994.5207
1581013799065,994.4917
1581013799067,994.4764
1581013799069,994.4976
1581013799070,994.52496
1581013799072,994.5476
1581013799074,994.4926
1581013799076,994.43933
1581013799078,994.4074
1581013799079,994.4058
1581013799080,994.4189
1581013799081,994.4445
1581013799083,994.43207
1581013799084,994.41974
1581013799086,994.418
1581013799088,994.42975
1581013799089,994.4722
1581013799091,994.49915
1581013799093,994.4343
1581013799094,994.4343
1581013799096,994.3867
1581013799097,994.36053
1581013799099,994.3649
1581013799101,994.3938
1581013799102,994.42444
1581013799104,994.4102
1581013799106,994.3949
1581013799108,994.3877
1581013799109,994.40607
1581013799111,994.4473
1581013799112,994.4682
1581013799114,994.429
1581013799115,994.4148
1581013818646,994.37177
1581013818648,994.3457
1581013818649,994.3577
1581013818650,994.3717
1581013818651,994.4041
1581013818653,994.4041
1581013818654,994.4024
1581013818655,994.3958
1581013818656,994.36914
1581013818658,994.35754
1581013818659,994.3656
1581013818661,994.36975
1581013818662,994.3654
1581013818663,994.3546
1581013818665,994.34906
1581013818666,994.33105
1581013818666,994.3475
1581013818668,994.3624
1581013818669,994.3852
1581013818671,994.4021
1581013818672,994.4046
1581013818673,994.39734
1581013818674,994.3747
1581013818676,994.33624
1581013818677,994.33624
1581013818678,994.351
1581013818679,994.3848
1581013818680,994.43005
1581013818681,994.37964
1581013818682,994.34357
1581013818683,994.2864
1581013818685,994.26105
1581013818686,994.28436
1581013818687,994.2983
1581013818688,994.31683
1581013818690,994.3132
1581013818691,994.30597
1581013818692,994.2969
1581013818693,994.31946
1581013818694,994.35785
1581013818695,994.39795
1581013818696,994.3405
1581013818697,994.28076
1581013818698,994.23474
1581013818700,994.23474
1581013818701,994.22766
1581013818702,994.2463
1581013818703,994.2692
1581013818705,994.2722
1581013818705,994.2679
1581013818707,994.2559
1581013818709,994.27747
1581013818710,994.3103
1581013818712,994.34216
1581013818713,994.2951
1581013818715,994.2261
1581013818716,994.1674
1581013818717,994.16284
1581013818718,994.1892
1581013818720,994.235
1581013818722,994.24384
1581013818723,994.24817
1581013818724,994.2305
1581013818725,994.22107
1581013818726,994.22107
1581013818727,994.2217
1581013818728,994.2378
1581013818729,994.2381
1581013818731,994.23114
1581013818732,994.2141
1581013818733,994.1945
1581013818734,994.1798
1581013818736,994.1877
1581013818737,994.20374
1581013818738,994.21265
1581013818739,994.222
1581013818739,994.21796
1581013818741,994.20856
1581013818742,994.2041
1581013818744,994.218
1581013818745,994.25165
1581013818747,994.2489
1581013818748,994.23615
1581013818749,994.23615
1581013818751,994.2115
1581013818752,994.19995
1581013818754,994.2161
1581013818756,994.22156
1581013818757,994.2342
1581013818759,994.23016
1581013818761,994.2105
1581013818762,994.22125
1581013818763,994.2291
1581013818765,994.2575
1581013818766,994.24475
1581013818768,994.25586
1581013818769,994.23474
1581013818770,994.2287
1581013818772,994.238
1581013818773,994.2392
1581013818775,994.2378
1581013818776,994.2424
1581013818777,994.2247
1581013818779,994.2247
1581013818780,994.23285
1581013818781,994.25055
1581013818783,994.2637
1581013818784,994.25256
1581013818787,994.24524
1581013818789,994.2222
1581013818791,994.225
1581013818792,994.2331
1581013818795,994.2408
1581013818796,994.24164
1581013818797,994.2468
1581013818799,994.23395
1581013818801,994.2349
1581013818802,994.2479
1581013818803,994.2504
1581013818805,994.23926
1581013818806,994.2339
1581013818807,994.2339
1581013818809,994.20746
1581013818809,994.18097
1581013818811,994.1939
1581013818812,994.2171
1581013818813,994.249
1581013818814,994.2643
1581013818815,994.2565
1581013818816,994.24774
1581013818818,994.22144
1581013818820,994.2482
1581013818821,994.2593
1581013818822,994.2964
1581013818824,994.2668
1581013818825,994.2219
1581013818827,994.18176
1581013818828,994.1784
1581013818830,994.18286
1581013818831,994.1996
1581013818832,994.1996
1581013818834,994.2127
1581013818835,994.21594
1581013818837,994.1985
1581013818838,994.22534
1581013818839,994.2471
1581013818841,994.2966
1581013818843,994.2484
1581013818844,994.19196
1581013818846,994.13184
1581013818847,994.1314
1581013818848,994.13617
1581013818850,994.175
1581013818851,994.18
1581013818852,994.1744
1581013818854,994.1418
1581013818855,994.14136
1581013818857,994.14606
1581013818858,994.1508
1581013818860,994.1474
1581013818862,994.1474
1581013818863,994.15247
1581013818865,994.1243
1581013818867,994.1209
1581013818869,994.1153
1581013818870,994.1323
1581013818872,994.1575
1581013818873,994.17896
1581013818875,994.1857
1581013818877,994.17834
1581013818879,994.1457
1581013818880,994.1644
1581013818882,994.17413
1581013818883,994.1787
1581013818885,994.177
1581013818886,994.14246
1581013818888,994.0788
1581013818890,994.0346
1581013818891,994.03217
1581013818893,994.03534
1581013818895,994.03534
1581013818896,994.0604
1581013818897,994.07074
1581013818899,994.07355
1581013818901,994.0613
1581013818904,994.06757
1581013818905,994.09656
1581013818908,994.1353
1581013818910,994.1045
1581013818912,994.08405
1581013818914,994.02094
1581013818916,993.9915
1581013818917,993.9943
1581013818919,994.00934
1581013818920,994.02484
1581013818922,994.0089
1581013818924,993.9862
1581013818925,994.00165
1581013818927,994.00165
1581013818928,994.0305
1581013818930,994.0849
1581013831560,994.0509
1581013831560,993.9964
1581013831561,993.9459
1581013831562,993.92285
1581013831562,993.93933
1581013831562,993.95996
1581013831563,993.9851
1581013831563,993.987
1581013831564,993.97864
1581013831564,993.9532
1581013831565,993.9757
1581013831565,994.012
1581013831565,994.0397
1581013831566,993.983
1581013831566,993.92084
1581013831567,993.8842
1581013831567,993.8842
1581013831567,993.88727
1581013831568,993.89825
1581013831568,993.9166
1581013831569,993.9134
1581013831569,993.91504
1581013831569,993.91125
1581013831570,993.92426
1581013831570,993.9323
1581013831571,993.983
1581013831571,993.9774
1581013831571,993.90857
1581013831572,993.8481
1581013831572,993.8015
1581013831572,993.79443
1581013831573,993.80194
1581013831573,993.833
1581013831573,993.8403
1581013831574,993.8403
1581013831574,993.8595
1581013831575,993.83716
1581013831575,993.84015
1581013831575,993.86414
1581013831576,993.9213
1581013831576,993.9133
1581013831576,993.8785
1581013831577,993.8296
1581013831577,993.7852
1581013831577,993.7857
1581013831578,993.7955
1581013831578,993.8279
1581013831578,993.8239
1581013831579,993.8068
1581013831579,993.7946
1581013831579,993.8044
1581013831580,993.8602
1581013831580,993.9144
1581013831580,993.9144
1581013831581,993.9017
1581013831581,993.8453
1581013831582,993.80383
1581013831582,993.7383
1581013831582,993.7208
1581013831583,993.7199
1581013831583,993.7338
1581013831583,993.78094
1581013831584,993.8079
1581013831584,993.7967
1581013831585,993.7777
1581013831585,993.75146
1581013831585,993.77454
1581013831586,993.8062
1581013831586,993.87
1581013831586,993.8232
1581013831587,993.76904
1581013831587,993.76904
1581013831587,993.72784
1581013831588,993.72186
1581013831589,993.7394
1581013831590,993.77124
1581013831592,993.76154
1581013831592,993.7593
1581013831594,993.7337
1581013831596,993.75867
1581013831599,993.8152
1581013831600,993.87573
1581013831600,993.80023
1581013831601,993.7289
1581013831601,993.68695
1581013831602,993.6967
1581013831602,993.6989
1581013831603,993.7252
1581013831603,993.72406
1581013831604,993.72406
1581013831604,993.73505
1581013831605,993.72296
1581013831605,993.7105
1581013831606,993.7164
1581013831606,993.71515
1581013831607,993.7161
1581013831608,993.7169
1581013831609,993.7108
1581013831609,993.7017
1581013831610,993.7072
1581013831610,993.7373
1581013831610,993.73645
1581013831610,993.73004
1581013831610,993.72253
1581013831611,993.7186
1581013831611,993.7121
1581013831612,993.7121
1581013831612,993.6962
1581013831612,993.69366
1581013831612,993.7085
1581013831613,993.7074
1581013831613,993.70154
1581013831614,993.699
1581013831614,993.69476
1581013831615,993.68866
1581013831615,993.6846
1581013831615,993.6874
1581013831616,993.6811
1581013831616,993.6784
1581013831616,993.6817
1581013831617,993.6874
1581013831617,993.68665
1581013831617,993.68665
1581013831618,993.68396
1581013831618,993.68506
1581013831618,993.6811
1581013831619,993.67694
1581013831619,993.67645
1581013831620,993.67035
1581013831620,993.66943
