1457127304144,-0.48991394,0.035124753,0.410196
1457127304144,0.36132678,0.035124753,-0.38423425
1457127304144,0.30482176,-0.29901853,-0.47403142
1457127304154,-0.14721853,-0.044898596,-0.11911872
1457127304162,-0.06872234,0.14630222,-0.17104226
1457127304171,-0.07819075,0.1255328,-0.15974127
1457127304184,-0.094989546,0.122478485,-0.1685988
1457127304191,-0.048258353,0.081855945,-0.21135938
1457127304204,-0.0070249503,0.061391957,-0.23335053
1457127304211,0.04734206,0.0015271631,-0.28130344
1457127304222,0.119729586,-0.08735373,-0.3857614
1457127304231,0.1414153,-0.1704314,-0.56382865
1457127304247,0.10170906,-0.18845193,-0.6737844
1457127304251,-0.055283304,-0.15851954,-0.8881981
1457127304262,-0.23243423,-0.025045475,-0.9941832
1457127304271,-0.3042109,0.11575896,-0.93187493
1457127304282,-0.15332718,0.100792766,-0.8524625
1457127304293,0.11636983,-0.04153884,-0.8151997
1457127304304,0.30787608,-0.19822577,-0.8011498
1457127304311,0.33078352,-0.34513888,-0.8231409
1457127304322,0.226631,-0.5161811,-0.8912524
1457127304331,0.07391469,-0.73731434,-1.0201449
1457127304344,-0.07880162,-0.960891,-1.1957687
1457127304352,-0.18081611,-1.1230757,-1.3628404
1457127304365,-0.22327125,-1.2366967,-1.4672983
1457127304372,-0.22052236,-1.3588698,-1.45783
1457127304385,-0.1731803,-1.4709635,-1.3414601
1457127304395,-0.14630222,-1.423316,-1.258077
1457127304404,-0.160963,-1.3588698,-1.0259482
1457127304414,-0.2602286,-1.4504995,-0.752586
1457127304429,-0.3368922,-1.7150042,-0.49541172
1457127304432,-0.3820962,-1.5561792,-0.24984388
1457127304446,-0.36774087,-1.2061534,-0.112399206
1457127304453,-0.25045475,-1.0968086,-0.07880162
1457127304463,-0.07727446,-1.2073752,-0.11026118
1457127304472,0.052839845,-1.3435981,-0.17165314
1457127304485,0.11484267,-1.4153748,-0.21502456
1457127304493,0.12064589,-1.4327844,-0.19394971
1457127304503,0.07086037,-1.4367551,-0.06047566
1457127304513,0.005192355,-1.3805555,0.1881465
1457127304523,-0.015882496,-1.1917981,0.60048056
1457127304533,0.010995574,-0.83658,1.2186762
1457127304549,0.034208454,-0.31490102,1.8380935
1457127304552,0.09193522,-0.0842994,2.0906863
1457127304578,0.19547687,0.08552113,2.4853053
1457127304585,0.398895,-0.04886922,2.7162123
1457127304586,0.68477994,-0.2321288,2.7861564
1457127304595,1.0323622,-0.48441613,2.843883
1457127304609,1.4825699,-0.80756384,3.028059
1457127304611,2.060143,-1.110553,3.390913
1457127304622,2.717434,-1.3390167,3.9865067
1457127304632,3.407101,-1.5021176,4.8117857
1457127304642,4.0808854,-1.7681495,5.678909
1457127304652,4.5570545,-2.1255057,6.249457
1457127304664,4.517043,-2.4685066,6.3053513
1457127304672,3.7931678,-3.026532,6.021299
1457127304682,2.8576276,-3.7290268,5.816048
1457127304692,2.4874432,-3.9067886,5.949522
1457127304703,1.924531,-3.311806,6.144999
1457127304712,1.412015,-2.8341093,6.624528
1457127304725,0.9245446,-1.7907515,7.0081515
1457127304732,0.5500842,-0.9388999,7.2155404
1457127304744,0.32711834,-0.4999932,7.2234817
1457127304752,0.17470746,-0.41599923,7.1431527
1457127304762,-0.030848695,-0.6035349,7.1184125
1457127304772,-0.29168814,-0.9868528,7.095505
1457127304787,-0.5009095,-1.4382823,7.004181
1457127304792,-0.54611355,-1.8881844,6.933626
1457127304803,-0.40225476,-2.2983804,6.9623365
1457127304812,-0.14874569,-2.504853,6.9861603
1457127304822,0.0693332,-2.3130412,6.8197
1457127304832,0.10567969,-1.7336355,6.45654
1457127304844,-0.17440203,-0.97127575,6.1556892
1457127304852,-0.39553526,-0.2125811,6.055813
1457127304862,-0.94989544,0.13591751,5.839261
1457127304873,-1.5937474,0.65026605,5.542686
1457127304884,-2.0705278,0.7501425,5.1822753
1457127304893,-2.2519548,0.30482176,4.8502703
1457127304906,-2.1600194,-0.66431594,4.541172
1457127304913,-1.8839084,-1.7504344,4.147775
1457127304930,-1.597718,-2.440712,3.72414
1457127304949,-1.4251486,-2.499355,3.379612
1457127304951,-1.3567317,-1.926669,3.0491338
1457127305006,-1.3384057,-0.9761627,2.4239132
1457127305006,-1.5393804,0.0106901415,1.7782288
1457127305007,-1.9837849,0.8949176,1.4810427
1457127305007,-2.3194554,1.5864171,1.3726143
1457127305007,-2.7030787,2.017077,1.5421293
1457127305007,-2.9831605,1.5454891,1.7415768
1457127305027,-3.1725287,0.8371908,1.8359555
1457127305027,-2.2892175,-0.7122689,1.1548407
1457127305041,-1.1334605,-1.2131784,0.6249151
1457127305050,-0.6096435,-1.3503176,0.7812967
1457127305052,-0.36835176,-2.269059,1.0088439
1457127305063,-0.20738874,-3.2314773,1.1212431
1457127305072,-0.2843578,-3.6224308,1.210124
1457127305085,-0.56779927,-3.5240817,1.1936307
1457127305092,-0.9755518,-3.0240884,0.94959
1457127305104,-1.3765849,-2.2547035,0.75747293
1457127305112,-1.6108516,-1.5118915,0.8371908
1457127305125,-1.6820174,-1.0262536,0.9984592
1457127305132,-1.7507398,-0.79168135,1.1355985
1457127305148,-1.8469511,-0.7058548,1.3481796
1457127305153,-1.8762726,-0.66523224,1.4969252
1457127305163,-1.8338175,-0.66767573,1.8139644
1457127305173,-1.5980235,-0.6899723,2.1019874
1457127305184,-1.1435398,-0.6640105,2.368019
1457127305193,-0.56596667,-0.5357288,2.5799894
1457127305206,-0.10751228,-0.20891592,2.5185974
1457127305214,0.09101892,0.29810223,2.0372355
1457127305224,0.16340645,0.7180721,1.3304645
1457127305233,0.19120082,0.85154617,0.72204274
1457127305244,0.15882497,0.768163,0.4089743
1457127305254,0.17073683,0.5681047,0.2742785
1457127305266,0.20219639,0.410196,0.29443705
1457127305274,0.13530666,0.36743546,0.40133846
1457127305286,-0.018325957,0.42119157,0.57726765
1457127305293,-0.19853121,0.53878313,0.95294976
1457127305304,-0.30298916,0.64568454,1.4676038
1457127305313,-0.52503866,0.7318166,1.74738
1457127305329,-0.61911196,0.88025683,2.2656991
1457127305333,-0.51251596,0.52106804,2.6832256
1457127305344,-0.25778514,-0.49693888,3.1969633
1457127305353,0.089186326,-1.7632625,3.6328156
1457127305364,0.32834008,-2.4553728,3.26874
1457127305373,0.33933565,-2.1820107,2.3426683
1457127305385,0.2312125,-1.5161675,1.491122
1457127305393,0.23396139,-0.9016371,0.93737274
1457127305404,0.47219884,-0.4260785,0.677755
1457127305413,0.9654725,0.13164146,0.5842926
1457127305424,1.6337591,0.8246681,0.69913524
1457127305433,2.3331997,1.2666291,1.212873
1457127305446,2.899472,1.2409728,1.8936822
1457127305453,3.164893,0.9718866,2.1853704
1457127305465,3.9901717,0.6814202,2.2898283
1457127305473,4.8850894,0.11148291,3.0207286
1457127305485,4.9220467,-2.3173172,3.678936
1457127305493,4.1013494,-3.1144965,3.0976977
1457127305509,2.3790147,-1.3729197,1.1096367
1457127305513,0.7110472,-0.84421575,-0.5543602
1457127305524,-0.10873401,-0.47739118,-0.70249504
1457127305535,-0.21655174,0.267559,-0.48502702
1457127305549,0.033292156,0.54000485,-0.22418754
1457127305554,0.39492437,0.5045747,0.1001819
1457127305566,0.77182823,0.3381139,0.32711834
1457127305574,0.9483683,0.04337143,0.35216382
1457127305584,0.79443026,-0.18509217,0.2611449
1457127305594,0.42180246,-0.12308934,0.22266038
1457127305604,0.038179077,0.039095376,0.24220806
1457127305614,-0.119729586,0.08399397,0.25625798
1457127305629,-0.36163223,0.061086524,0.2706133
1457127305641,-0.5366451,-0.01038471,0.25473082
1457127305647,-0.689056,-0.062002823,0.24862215
1457127305657,-0.8332202,-0.07452556,0.29352075
1457127305666,-0.852157,0.010995574,0.3924809
1457127305675,-0.75411314,0.18661933,0.50243664
1457127305691,-0.6768387,0.15088372,0.54702985
1457127305693,-0.6780604,-0.04795292,0.5375614
1457127305707,-0.7449502,-0.08002335,0.5320636
1457127305716,-0.81245077,0.040011674,0.5299256
1457127305726,-0.8775079,0.14385876,0.5305365
1457127305736,-0.9825767,0.17440203,0.5525276
1457127305749,-1.1221595,0.22204952,0.6084218
1457127305755,-1.2483032,0.31337386,0.63346726
1457127305767,-1.287093,0.42485678,0.6096435
1457127305775,-1.2812898,0.5027421,0.5177083
1457127305787,-1.1557571,0.68569624,0.4392121
1457127305796,-0.97341377,0.75961095,0.39461896
1457127305811,-0.8237518,0.6759224,0.40775254
1457127305814,-0.78954333,0.56138515,0.45020768
1457127305830,-0.929126,0.44715336,0.441961
1457127305835,-1.2654073,0.39950588,0.38973203
1457127305849,-1.7229455,0.50518554,0.30604348
1457127305855,-2.1071796,0.68569624,0.19883664
1457127305876,-2.2339342,0.8072584,0.11056661
1457127305876,-2.1474967,0.70646566,0.07269296
1457127305886,-1.990199,0.39675698,0.03604105
1457127305897,-1.8216002,0.1591304,-0.0580322
1457127305905,-1.591304,0.1432479,-0.15149458
1457127305915,-1.4379768,0.25259277,-0.17989981
1457127305931,-1.0650436,0.31031954,-0.19761491
1457127305934,-0.6640105,0.39920044,-0.16707164
1457127305947,-0.28008172,0.4202753,-0.09743301
1457127305957,0.077579886,0.36651915,-0.027183503
1457127305968,0.3979787,0.28344148,0.017715093
1457127305975,0.6759224,0.17928895,0.031154128
1457127305988,0.91629785,0.07574729,0.009468411
1457127305996,1.1417072,-0.03145956,-0.019547688
1457127306008,1.3622295,-0.1591304,-0.06352998
1457127306016,1.5741998,-0.3115413,-0.1740966
1457127306077,1.7278323,-0.47128254,-0.35277468
1457127306077,1.7980819,-0.6068946,-0.5815437
1457127306078,1.7650951,-0.7333437,-0.8042041
1457127306078,1.5515977,-0.79504114,-0.9630291
1457127306079,1.3591752,-0.6948592,-1.067487
1457127306079,0.8491027,-0.5693264,-1.1044444
1457127306107,0.3491095,-0.19058995,-1.1365148
1457127306108,0.03268129,0.22479841,-1.1007792
1457127306108,-0.08093964,0.48502702,-0.97066486
1457127306131,-0.046731193,0.4156938,-0.7495316
1457127306132,0.116675265,0.10323623,-0.48502702
1457127306133,0.33475417,-0.081855945,-0.11575896
1457127306152,0.5687156,-0.11728613,0.42149702
1457127306154,0.73273283,-0.019547688,0.7443393
1457127306167,0.6914995,0.12461651,0.36071593
1457127306174,0.5195409,-0.03359759,-0.19181168
1457127306185,0.40225476,-0.47433686,-0.37232238
1457127306193,0.4288274,-1.1991285,-0.29168814
1457127306205,0.52290064,-1.8316795,-0.18845193
1457127306213,0.57940567,-2.1084013,-0.18478674
1457127306228,0.69974613,-2.172237,-0.21319197
1457127306233,0.79290307,-2.173764,-0.28496864
1457127306244,0.820392,-2.1649065,-0.31581733
1457127306253,0.7486154,-2.1798725,-0.27030787
1457127306264,0.5030475,-2.2180517,-0.16065755
1457127306273,0.0720821,-2.1945333,-0.03726278
1457127306285,-0.3555236,-1.9654589,0.048563786
1457127306293,-0.5674938,-1.4175128,0.10415252
1457127306304,-0.537256,-0.86529064,0.17562376
1457127306313,-0.38820487,-0.711658,0.22785273
1457127306324,-0.31703907,-0.78038037,0.24007004
1457127306333,-0.41172317,-0.65668017,0.26236662
1457127306346,-0.5708536,-0.33169982,0.30085114
1457127306353,-0.70157874,-0.029932396,0.312763
1457127306365,-0.7812967,0.16737708,0.29657507
1457127306373,-0.8042041,0.24923302,0.28344148
1457127306384,-0.79137594,0.26847526,0.24770586
1457127306394,-0.66431594,0.3390302,0.15607607
1457127306410,-0.5519168,0.398895,0.054367006
1457127306414,-0.66859204,0.30268374,0.087964594
1457127306425,-0.9932669,0.18051068,0.19211712
1457127306434,-1.2654073,0.23854288,0.33475417
1457127306445,-1.2864822,0.5537493,0.52381694
1457127306455,-1.0595458,0.829555,0.66828656
1457127306467,-0.84635377,0.6930266,0.66248333
1457127306474,-0.81031275,0.38148534,0.5558874
1457127306485,-0.8164214,0.2678644,0.47128254
1457127306494,-0.86590147,0.3555236,0.41325033
1457127306507,-1.1557571,0.54275376,0.40622538
1457127306515,-1.7715092,0.745561,0.46914452
1457127306527,-2.1630738,1.0662653,0.5027421
1457127306534,-2.794403,1.3274102,0.5332854
1457127306551,-2.776077,2.0402899,0.5345071
1457127306554,-1.9935588,2.4825563,0.4981606
1457127306566,-0.79351395,2.143526,0.36468655
1457127306575,0.2761111,1.3906348,0.18509217
1457127306603,1.0604621,0.8940013,0.016493361
1457127306604,1.6123788,0.7470882,-0.12156218
1457127306607,1.9000963,0.45906523,-0.26908615
1457127306615,1.9358319,-0.025961773,-0.4129449
1457127306625,1.8374827,-0.33292156,-0.54428095
1457127306635,1.5968018,-0.47036624,-0.65484756
1457127306648,1.1691961,-0.559858,-0.7199047
1457127306655,0.6918049,-0.50243664,-0.7516697
1457127306665,0.29229903,-0.4089743,-0.7473936
1457127306675,0.1423316,-0.2996294,-0.7199047
1457127306685,-0.044593163,-0.19822577,-0.61391956
1457127306695,-0.15118915,0.06261369,-0.54153204
1457127306708,-0.23579398,0.26939157,-0.5534439
1457127306715,-0.20280726,0.42241332,-0.5696318
1457127306727,-0.01282817,0.41386122,-0.52442783
1457127306735,0.1740966,0.14782938,-0.44135013
1457127306746,0.3200934,-0.03634648,-0.3408628
1457127306755,0.41599923,0.109650314,-0.16646078
1457127306770,0.30879238,0.30634892,-0.021991149
1457127306775,0.047036625,0.37934732,-0.06780604
1457127306785,-0.10720685,0.51068336,-0.19853121
1457127306796,0.027183503,0.4718934,-0.18020524
1457127306810,0.38820487,-0.050396383,-0.034513887
1457127306815,0.7742717,-0.75991637,0.09437868
1457127306828,0.9245446,-1.2733486,0.09132435
1457127306835,1.104139,-1.4046847,0.03359759
1457127306846,1.1499538,-1.4498887,-0.119729586
1457127306855,1.1575897,-1.3692545,-0.267559
1457127306866,1.1768318,-1.361924,-0.3747658
1457127306875,1.1997393,-1.4746287,-0.3979787
1457127306915,1.1893547,-1.6267341,-0.34513888
1457127306916,1.0754282,-1.7611245,-0.24831672
1457127306916,0.75319684,-1.8625281,-0.14905111
1457127306917,0.26939157,-1.8781052,-0.044898596
1457127306930,-0.04428773,-1.6346754,0.04153884
1457127306934,-0.086132,-1.0506883,0.10323623
1457127306950,0.0018325958,-0.7629707,0.15668693
1457127306954,0.07147124,-0.86009824,0.19425514
1457127306966,-0.06291912,-0.78801614,0.2489276
1457127306975,-0.19853121,-0.40286562,0.3286455
1457127306984,-0.47494772,-0.017715093,0.36743546
1457127306997,-0.63163465,0.08368854,0.42363504
1457127307007,-0.6542367,0.112399206,0.4437936
1457127307014,-0.6239988,0.04734206,0.4279111
1457127307025,-0.5525276,0.048258353,0.38820487
1457127307034,-0.40225476,0.10354166,0.34238997
1457127307047,-0.20280726,0.16401732,0.3005457
1457127307054,-0.17104226,0.16798794,0.31520647
1457127307068,-0.46120325,0.124005646,0.36377025
1457127307075,-0.83658,0.25045475,0.42913285
1457127307088,-1.0360274,0.54550266,0.54061574
1457127307097,-1.1438452,0.66920286,0.64721173
1457127307121,-1.3787229,0.5006041,0.729984
1457127307121,-1.7098118,0.38148534,0.7654142
1457127307158,-2.035403,0.48930305,0.7199047
1457127307158,-2.1902573,0.7629707,0.67073005
1457127307158,-2.4914138,0.9465357,0.55955255
1457127307159,-2.730873,1.3591752,0.50854534
1457127307165,-2.7104092,1.8249599,0.5317582
1457127307174,-2.2510383,2.2510383,0.54733527
1457127307188,-1.3655893,2.364354,0.50518554
1457127307197,-0.37751472,2.1679606,0.4196644
1457127307231,0.3830125,1.8521434,0.32528573
1457127307231,0.94134337,1.6536123,0.22510384
1457127307231,1.3891076,1.5922203,0.122783914
1457127307250,1.7281377,1.462106,0.03634648
1457127307251,1.9553796,1.1658363,-0.038789943
1457127307254,2.0705278,0.7489208,-0.13255776
1457127307267,2.1175644,0.34574974,-0.27030787
1457127307275,2.1566598,0.09407325,-0.453262
1457127307286,2.155438,-0.09987647,-0.5491679
1457127307295,2.0115793,-0.20738874,-0.711658
1457127307310,1.6300939,-0.3408628,-0.82924956
1457127307315,1.0619892,-0.30268374,-0.92087936
1457127307325,0.4578435,-0.21533,-0.9779953
1457127307335,0.08674286,-0.103847094,-0.9502009
1457127307346,-0.09865474,0.08093964,-0.81581056
1457127307355,-0.30085114,0.22815818,-0.6243043
1457127307368,-0.44776422,0.28893927,-0.3933972
1457127307375,-0.33261612,0.34574974,-0.12522738
1457127307386,0.021991149,0.1740966,0.25900686
1457127307395,0.5018258,-0.18570304,0.8350528
1457127307406,0.97310835,-0.26419923,1.1994339
1457127307415,0.9593639,-0.17348573,0.6252206
1457127307432,0.5403103,-0.19792034,-0.116675265
1457127307438,0.37965274,-0.47952923,-0.25809056
1457127307459,0.34147367,-0.8491027,-0.25289822
1457127307465,0.52534413,-1.7186694,-0.12308934
1457127307466,0.7272351,-2.2375994,-0.061391957
1457127307476,0.8356637,-2.5277603,-0.15210545
1457127307499,0.8029824,-2.6337454,-0.2602286
1457127307500,0.7296785,-2.4569001,-0.31764993
1457127307520,0.6939429,-2.1642957,-0.33505958
1457127307520,0.6582073,-1.9825631,-0.3005457
1457127307525,0.50823987,-1.926669,-0.2406809
1457127307534,0.20830505,-1.8829921,-0.16829337
1457127307548,-0.14844026,-1.7186694,-0.07849618
1457127307555,-0.45753807,-1.3381003,0.06414085
1457127307565,-0.6001751,-0.890947,0.19700404
1457127307575,-0.5320636,-0.6759224,0.26419923
1457127307586,-0.45173484,-0.6264423,0.30726522
1457127307596,-0.30390546,-0.5549711,0.3295618
1457127307608,-0.2452624,-0.32803464,0.37965274
1457127307615,-0.27763826,-0.14477506,0.4364632
1457127307627,-0.37384954,-0.03848451,0.4868596
1457127307635,-0.5128214,0.027794369,0.49266282
1457127307645,-0.62949663,0.10934488,0.4364632
1457127307655,-0.61819565,0.24007004,0.3231477
1457127307670,-0.41172317,0.3680463,0.19303341
1457127307675,-0.3136793,0.3827071,0.16371189
1457127307686,-0.5946773,0.25809056,0.26358834
1457127307695,-0.9416488,0.3912592,0.4700608
1457127307706,-1.1490375,0.8891144,0.6942484
1457127307715,-1.320996,1.1239921,0.77091193
1457127307727,-1.6114625,0.90469146,0.7104363
1457127307735,-1.8057177,0.6560693,0.6753115
1457127307754,-2.2568417,0.7425067,0.66828656
1457127307755,-2.7259862,0.9599747,0.5873469
1457127307765,-3.02531,1.7296649,0.4392121
1457127307775,-2.9434543,2.6801713,0.37843102
1457127307788,-2.339003,3.4730744,0.43188173
1457127307811,-1.1661417,3.850589,0.4841107
1457127307811,0.23701571,3.4691038,0.41599923
1457127307814,1.4547756,2.4553728,0.22968534
1457127307825,2.4000895,1.6765196,0.004886922
1457127307834,3.1535919,1.244638,-0.22479841
1457127307850,3.7323866,0.8032878,-0.49113566
1457127307855,3.943746,0.26725355,-0.7861836
1457127307866,3.3762522,-0.15424347,-0.98440933
1457127307875,2.079996,-0.064751714,-0.95417154
1457127307886,0.713796,0.11911872,-0.75625116
1457127307895,0.22937989,-0.042760566,-0.6719518
1457127307910,-0.17654006,-0.13713925,-0.6203337
1457127307915,-0.16523905,-0.35124752,-0.6649268
1457127307925,-0.19822577,-0.70188415,-0.71959925
1457127307935,-0.4129449,-0.91232723,-0.76174897
1457127307946,-0.6630942,-0.72265357,-0.7583892
1457127307955,-0.75747293,-0.07452556,-0.6921103
1457127307968,-0.4841107,0.52290064,-0.54061574
1457127307975,0.008246681,0.4813618,-0.2556471
1457127307988,0.47433686,-0.13622294,0.1881465
1457127307996,0.97127575,-0.56169057,0.72082096
1457127308012,1.2550226,-0.56382865,0.77824235
1457127308016,0.9877691,-0.64965516,0.21960606
1457127308040,0.50640726,-0.62888575,-0.11148291
1457127308040,0.30298916,-0.8579602,-0.083383106
1457127308071,0.33505958,-1.6181821,-0.030848695
1457127308072,0.5537493,-1.9422461,0.055588737
1457127308074,0.8347474,-2.3426683,0.049480084
1457127308095,1.0073168,-2.5384505,-0.0421497
1457127308095,1.0201449,-2.5289822,-0.17379116
1457127308096,0.9596693,-2.3542747,-0.29565877
1457127308124,0.8762862,-2.1633792,-0.33292156
1457127308125,0.7761043,-2.0405953,-0.27488935
1457127308125,0.59589905,-1.9596558,-0.18203785
1457127308143,0.3005457,-1.8723019,-0.10170906
1457127308147,-0.04886922,-1.7553213,-0.0027488936
1457127308155,-0.34972036,-1.5180001,0.129198
1457127308167,-0.5525276,-1.1517864,0.23243423
1457127308175,-0.59040123,-0.82527894,0.26511553
1457127308186,-0.47525316,-0.5329799,0.2666427
1457127308196,-0.39645153,-0.33750305,0.2733622
1457127308210,-0.26083946,-0.2968805,0.29657507
1457127308220,-0.21380283,-0.27763826,0.3173445
1457127308226,-0.27947086,-0.30482176,0.33505958
1457127308240,-0.4071417,-0.2959642,0.33475417
1457127308251,-0.48716503,-0.1572978,0.28863382
1457127308256,-0.4352415,0.06627888,0.21227567
1457127308267,-0.41874814,0.1994475,0.16432275
1457127308275,-0.68630713,0.22540927,0.1591304
1457127308286,-1.1047498,0.31856623,0.22693644
1457127308295,-1.4566082,0.5195409,0.4089743
1457127308306,-1.6035212,0.8200866,0.6401868
1457127308317,-1.5045611,0.9428705,0.79381937
1457127308328,-1.4123205,0.67103547,0.78984874
1457127308335,-1.5381587,0.24740042,0.72418076
1457127308351,-1.6997325,0.052839845,0.7079928
1457127308355,-2.176513,0.119729586,0.70921457
1457127308366,-2.737898,0.6395759,0.66828656
1457127308375,-3.147483,1.5216653,0.56107974
1457127308390,-3.0601294,2.4263568,0.4783075
1457127308396,-2.402533,3.2027664,0.49571714
1457127308406,-1.284955,3.5417967,0.56046885
1457127308415,-0.10567969,3.0644054,0.5491679
1457127308426,0.8045095,2.0888536,0.42424592
1457127308435,1.4660766,1.5567901,0.23884831
1457127308448,2.0207422,1.4459181,0.09285152
1457127308456,2.5289822,1.2660183,-0.027488936
1457127308467,2.9239066,0.9089675,-0.19272798
1457127308476,3.1316006,0.44257188,-0.37598756
1457127308487,2.9727757,0.05375614,-0.5137377
1457127308496,2.698192,-0.1777618,-0.5907067
1457127308509,1.9740111,-0.17165314,-0.6114761
1457127308516,1.4227052,-0.032986723,-0.6264423
1457127308528,1.0177015,-0.13072516,-0.61666846
1457127308536,0.6059783,-0.28771752,-0.6386596
1457127308550,0.24617869,-0.31123585,-0.71929383
1457127308556,-0.09407325,-0.29749137,-0.79717916
1457127308572,-0.43768495,-0.11911872,-0.8268061
1457127308576,-0.52290064,0.33078352,-0.7305948
1457127308587,-0.24678956,0.7293731,-0.47739118
1457127308601,0.14508049,0.4361578,-0.15790866
1457127308607,0.5516113,-0.14996742,0.20861048
1457127308617,1.0961977,-0.35735616,0.6921103
1457127308638,1.5635096,-0.29260445,1.0103711
1457127308639,1.4110987,-0.3145956,0.5421429
1457127308671,0.86651236,-0.49357912,-0.029626964
1457127308676,0.679893,-0.6731735,-0.12583824
1457127308678,0.65057147,-0.93401295,-0.13897185
1457127308701,0.84879726,-1.7116444,-0.116980694
1457127308702,0.99021256,-2.3380868,-0.13347405
1457127308703,1.010982,-2.7000244,-0.20922135
1457127308707,0.9324858,-2.7269025,-0.29840767
1457127308715,0.81031275,-2.5076017,-0.3454443
1457127308726,0.66828656,-2.2495112,-0.30390546
1457127308742,0.45051312,-2.0286834,-0.23518312
1457127308750,0.15454891,-1.8463402,-0.18478674
1457127308755,-0.100792766,-1.6126842,-0.083383106
1457127308766,-0.25534168,-1.2330315,0.04734206
1457127308775,-0.37843102,-0.9755518,0.14752395
1457127308786,-0.49021935,-0.94714653,0.22785273
1457127308795,-0.5329799,-0.80848014,0.2828306
1457127308808,-0.5290093,-0.4605924,0.3005457
1457127308815,-0.49968776,-0.2950479,0.33505958
1457127308826,-0.464563,-0.105068825,0.37507126
1457127308835,-0.45173484,-0.11026118,0.41783184
1457127308847,-0.46731192,-0.21197024,0.45662177
1457127308856,-0.49602258,-0.2770274,0.46303585
1457127308868,-0.47861293,-0.18967366,0.398895
1457127308875,-0.3231477,0.093462385,0.25961772
1457127308888,-0.12370021,0.33567044,0.15424347
1457127308896,-0.23854288,0.30573806,0.15515977
1457127308906,-0.70921457,0.26083946,0.24373524
1457127308916,-1.1969905,0.54336464,0.4447099
1457127308937,-1.4312572,0.9111055,0.700357
1457127308937,-1.4337007,1.0210613,0.8891144
1457127308951,-1.5399913,0.84757555,0.9272934
1457127308977,-1.6737708,0.59223384,0.9016371
1457127308977,-2.037541,0.46486846,0.84971356
1457127308977,-2.4614816,0.26053402,0.8020661
1457127308992,-2.8991663,0.38881573,0.70921457
1457127308995,-3.2345314,0.9999864,0.6264423
1457127309006,-3.1881058,1.9709567,0.6072
1457127309017,-2.586098,3.0311134,0.6249151
1457127309026,-1.4624114,3.6893206,0.6450737
1457127309035,-0.15699236,3.5958583,0.6536258
1457127309048,1.0891727,2.9550607,0.53786683
1457127309056,2.3057108,2.2446244,0.2764165
1457127309068,3.3582318,1.4871514,0.015882496
1457127309083,4.108985,0.96974856,-0.25350907
1457127309089,4.467563,0.65301496,-0.57940567
1457127309096,4.0665298,0.29657507,-0.883922
1457127309112,3.542102,0.28527406,-1.0387764
1457127309121,2.2562308,0.4783075,-1.0216721
1457127309127,0.98715824,0.7101309,-0.840856
1457127309149,0.086132,0.4025602,-0.6942484
1457127309150,-0.30268374,0.096516706,-0.68783426
1457127309158,-0.6243043,-0.100792766,-0.7360926
1457127309168,-1.0430524,-0.057726767,-0.80939645
1457127309177,-1.17897,0.6081163,-0.77213365
1457127309186,-0.7425067,1.4541647,-0.5030475
1457127309196,-0.06566802,1.106277,-0.17898351
1457127309206,0.49418998,-0.18600847,0.13408493
1457127309216,1.1404854,-0.870483,0.5885687
1457127309229,1.738217,-0.5858198,1.1206323
1457127309236,1.6630806,-0.20708331,1.0580186
1457127309254,0.9767735,-0.37812558,0.3866777
1457127309257,0.6844745,-0.5671884,0.0030543262
1457127309267,0.4886922,-0.7134906,-0.06383542
1457127309279,0.6075055,-1.5030339,-0.10781772
1457127309291,0.7852673,-2.3805418,-0.11178834
1457127309298,0.9599747,-2.869234,-0.14049901
1457127309307,1.02717,-3.0008755,-0.18875736
1457127309330,0.9443977,-2.7843237,-0.22724187
1457127309331,0.7703011,-2.410169,-0.19058995
1457127309336,0.5360342,-2.1591032,-0.057421334
1457127309348,0.28680122,-2.0680842,0.049785517
1457127309356,0.07788532,-1.8891008,0.089186326
1457127309367,-0.1337795,-1.4639386,0.18020524
1457127309376,-0.39064834,-1.1236867,0.33841935
1457127309387,-0.61361414,-0.9831876,0.4529566
1457127309398,-0.7272351,-0.69027776,0.4813618
1457127309409,-0.74220127,-0.24862215,0.4718934
1457127309416,-0.7293731,0.053450707,0.4636467
1457127309432,-0.68233645,0.10629055,0.44990227
1457127309436,-0.63804877,0.05100725,0.43554693
1457127309448,-0.61575216,-0.06627888,0.40653083
1457127309457,-0.5549711,-0.090713486,0.34880406
1457127309472,-0.45448375,0.020158553,0.26816985
1457127309476,-0.5342017,0.2134974,0.2434298
1457127309487,-0.8237518,0.36835176,0.2770274
1457127309498,-1.0659598,0.43493605,0.36926803
1457127309507,-1.2589933,0.4999932,0.59040123
1457127309516,-1.4379768,0.63255095,0.8530733
1457127309529,-1.6013832,0.77366084,1.0005972
1457127309537,-1.9315559,0.9083566,0.9718866
1457127309547,-2.5912905,1.1768318,0.8200866
1457127309556,-3.3554828,1.6249015,0.65209866
1457127309573,-3.6355646,2.2482896,0.5564982
1457127309576,-3.8142426,2.5943446,0.3051272
1457127309589,-3.4574974,3.1746666,0.03481932
1457127309596,-2.6196957,3.4364223,-0.034513887
1457127309609,-1.3860532,3.2464433,0.10567969
1457127309617,-0.077579886,2.486527,0.25473082
1457127309628,0.9166033,1.8060231,0.31245756
1457127309636,1.6493362,1.643533,0.3576616
1457127309652,2.2800546,1.5085317,0.4098906
1457127309657,2.7806585,1.0348058,0.3210097
1457127309667,3.0842586,0.38698313,0.07269296
1457127309677,3.2131512,-0.08399397,-0.22357668
1457127309688,3.189022,-0.29657507,-0.47494772
1457127309699,2.89825,-0.47342056,-0.6621779
1457127309710,2.3322835,-0.5216789,-0.799928
1457127309722,2.0409007,-0.27305678,-0.8561276
1457127309732,1.5082263,-0.16646078,-0.9492846
1457127309740,0.88086766,-0.09987647,-0.9960158
1457127309747,0.20433442,0.05375614,-0.9941832
1457127309757,-0.29138273,0.34300083,-0.95081174
1457127309769,-0.50243664,0.6435465,-0.7797695
1457127309777,-0.4111123,0.7791586,-0.42455134
1457127309789,-0.15974127,0.45051312,0.051923547
1457127309797,0.20158553,0.0070249503,0.6936375
1457127309807,0.7360926,-0.27855456,1.1453724
1457127309817,1.1047498,-0.67347896,0.6740898
1457127309836,1.0283916,-0.86834496,-0.061391957
1457127309837,0.79717916,-0.7089091,-0.29657507
1457127309848,0.73364913,-1.1160508,-0.2666427
1457127309857,0.75869465,-1.8011361,-0.19058995
1457127309875,0.76174897,-2.2699752,-0.15302174
1457127309879,0.7467828,-2.4578164,-0.16187929
1457127309889,0.7272351,-2.656653,-0.2171626
1457127309901,0.72326446,-2.5677722,-0.27550024
1457127309908,0.68294734,-2.431549,-0.2724459
1457127309917,0.53969944,-2.341141,-0.18692477
1457127309929,0.28955013,-2.252871,-0.09987647
1457127309937,9.162979E-4,-2.1691825,-0.045814894
1457127309950,-0.23793201,-2.044566,0.018325957
1457127309957,-0.4728097,-1.7666223,0.083383106
1457127309970,-0.7324274,-1.3564262,0.15332718
1457127309979,-0.9202685,-0.9663888,0.2144137
1457127309988,-0.9456194,-0.66767573,0.24404067
1457127309997,-0.8436049,-0.42302418,0.25411993
1457127310012,-0.70829827,-0.32284227,0.24190263
1457127310016,-0.6444628,-0.40194935,0.204029
1457127310028,-0.5143485,-0.4578435,0.1777618
1457127310037,-0.37323865,-0.49938235,0.118202426
1457127310049,-0.22296582,-0.42058071,0.064751714
1457127310058,-0.15057829,-0.30115658,0.056199603
1457127310072,-0.35338554,-0.24404067,0.098043874
1457127310077,-0.7840455,-0.10415252,0.13133603
1457127310088,-1.1908818,0.21319197,0.21013765
1457127310097,-1.4645494,0.4111123,0.39370266
1457127310108,-1.591304,0.45570546,0.6649268
1457127310117,-1.7400496,0.559858,0.9114109
1457127310148,-2.0680842,0.6591236,0.90408057
1457127310149,-2.6083946,0.5723807,0.7370089
1457127310150,-3.2531629,0.5714644,0.5338962
1457127310157,-3.7971385,1.0528263,0.3182608
1457127310169,-3.8939605,2.0992384,0.17501289
1457127310182,-3.6572502,3.4052682,0.17684549
1457127310192,-2.5705209,3.8814378,0.33261612
1457127310197,-0.92087936,3.8777726,0.5476407
1457127310207,0.65576386,2.8689287,0.6087272
1457127310217,1.8863518,1.9828686,0.49266282
1457127310227,2.889698,1.4459181,0.3390302
1457127310237,3.6285396,0.90285885,0.11728613
1457127310250,4.130671,0.46303585,-0.22693644
1457127310257,4.4070873,0.20616703,-0.67011917
1457127310268,4.1044035,-0.016798794,-1.10139
1457127310277,3.0815098,0.029626964,-1.3487904
1457127310288,1.8194622,0.47311515,-1.3100005
1457127310297,0.60048056,0.57726765,-1.1108584
1457127310310,-0.14721853,0.3894266,-0.95417154
1457127310317,-0.43585235,0.23335053,-0.8384125
1457127310329,-0.537256,0.05467244,-0.7809912
1457127310337,-0.7089091,0.022907447,-0.6783658
1457127310347,-0.7293731,0.09162979,-0.5644395
1457127310357,-0.53023106,0.17837265,-0.36010507
1457127310372,-0.04734206,0.13347405,0.014049901
1457127310377,0.6789767,-0.13591751,0.5290093
1457127310387,1.3967434,-0.505491,1.0671816
1457127310398,1.7724255,-0.8436049,1.1154399
1457127310415,1.5885551,-1.1007792,0.42577308
1457127310418,1.1169671,-1.1527027,-0.10995574
1457127310435,0.78038037,-1.2910637,-0.22571471
1457127310444,0.6740898,-1.89918,-0.18600847
1457127310448,0.74097955,-2.513405,-0.07666359
1457127310464,0.88300574,-2.8371637,-0.03481932
1457127310468,0.9624182,-2.9107728,-0.071776666
1457127310477,0.9651671,-2.833804,-0.092240654
1457127310489,0.90469146,-2.7608054,-0.08857546
1457127310497,0.743423,-2.562885,-0.043982297
1457127310510,0.49388456,-2.2644775,-0.0018325958
1457127310517,0.20830505,-1.8393153,0.115453534
1457127310527,-0.10170906,-1.4489723,0.30268374
1457127310537,-0.46944994,-1.1414018,0.4447099
1457127310552,-0.79320854,-0.73761976,0.52564955
1457127310559,-0.9334021,-0.21655174,0.57910025
1457127310568,-0.9111055,0.16065755,0.6068946
1457127310577,-0.79443026,0.29016098,0.63071835
1457127310587,-0.5983425,0.24312437,0.65576386
1457127310597,-0.35979962,0.12370021,0.66614854
1457127310609,-0.14263703,0.021685716,0.6239988
1457127310617,-0.03604105,-0.020463986,0.5225952
1457127310628,-0.08277224,0.07574729,0.42058071
1457127310637,-0.38759398,0.17623462,0.38912117
1457127310648,-0.72387534,0.33200526,0.41813725
1457127310660,-1.0338894,0.29168814,0.6579019
1457127310670,-1.5076154,0.19761491,1.0384709
1457127310678,-2.108096,0.18661933,1.3558154
1457127310690,-2.6529877,0.27152961,1.4535538
1457127310698,-3.0998356,0.5561928,1.269378
1457127310712,-3.474296,0.9877691,0.9126327
1457127310718,-3.6716056,1.4434745,0.57696223
1457127310733,-3.6016614,2.1099286,0.3387248
1457127310737,-3.2021556,3.1251867,0.20250183
1457127310760,-2.3979516,4.0549235,0.26419923
1457127310761,-1.2250903,4.1551056,0.464563
1457127310769,0.070249505,3.3148603,0.61300325
1457127310778,0.6994407,2.39337,0.57635134
1457127310790,1.9220876,2.0772474,0.50793445
1457127310798,2.968805,1.6807957,0.3866777
1457127310810,3.7436876,1.5717562,0.32742378
1457127310818,4.3203444,1.4498887,0.18081611
1457127310828,4.6746464,0.9086621,-0.20005837
1457127310838,4.564385,0.0571159,-0.68386364
1457127310850,3.723529,-0.3594942,-1.0656544
1457127310858,2.6120598,0.160963,-1.20371
1457127310870,1.5384641,0.53969944,-1.0595458
1457127310878,0.4129449,0.35308012,-0.8518516
1457127310888,-0.49480084,0.30115658,-0.82558435
1457127310898,-1.2012665,0.48930305,-0.9645562
1457127310913,-1.6319265,1.1355985,-1.0445796
1457127310919,-1.4123205,1.892766,-0.7828238
1457127310930,-0.5833763,1.8380935,-0.086132
1457127310938,-0.08735373,0.6383542,0.34055737
1457127310949,0.8872818,-0.19730948,1.0216721
1457127310959,1.8393153,-1.4144585,1.1313224
1457127310978,2.511267,-1.5317446,0.63041294
1457127310978,2.5240953,-1.2748758,0.11759156
1457127310988,2.0412061,-1.0867293,-0.0852157
1457127310998,1.4492778,-1.1163563,-0.15271631
1457127311011,0.9621128,-1.5354098,-0.17562376
1457127311018,0.6795876,-2.1902573,-0.17287487
1457127311031,0.66767573,-2.7143798,-0.15241088
1457127311038,0.766025,-2.8393016,-0.10751228
1457127311050,0.7809912,-2.8313603,-0.016493361
1457127311057,0.6747007,-2.7989845,0.0720821
1457127311068,0.4908302,-2.687807,0.10842858
1457127311078,0.20799962,-2.5515842,0.14019357
1457127311092,-0.002443461,-2.366492,0.1826487
1457127311098,-0.56413406,-2.2327125,0.31581733
1457127311109,-1.183246,-1.7907515,0.45478916
1457127311118,-1.6291776,-1.1337659,0.5525276
1457127311128,-1.7626517,-0.54153204,0.61544675
1457127311138,-1.636508,-0.14630222,0.6398814
1457127311150,-1.3973542,0.031154128,0.6236934
1457127311158,-1.1847731,-0.0015271631,0.60231316
1457127311168,-1.0201449,-0.15210545,0.5748242
1457127311178,-0.8396343,-0.2321288,0.48197266
1457127311189,-0.6178902,-0.046120327,0.2764165
1457127311198,-0.26908615,0.29901853,-0.016493361
1457127311210,0.22204952,0.45112398,-0.19211712
1457127311223,0.37812558,0.28680122,-0.07788532
1457127311230,-0.16157386,0.031154128,0.119729586
1457127311238,-0.52106804,0.15790866,0.27000242
1457127311249,-1.0528263,0.39858958,0.36285394
1457127311258,-1.5424347,0.39584067,0.6563747
1457127311277,-2.302962,0.23884831,0.9611965
1457127311278,-3.2119296,-0.0070249503,0.9841039
1457127311289,-4.021937,-0.0720821,0.72601336
1457127311301,-4.5146,0.5317582,0.4196644
1457127311309,-4.6486845,1.7757853,0.16646078
1457127311320,-4.2830815,3.2733214,-0.054367006
1457127311330,-3.1270192,4.426024,-0.116980694
1457127311338,-1.0925325,4.45107,0.0067195175
1457127311349,1.0629056,2.9739974,0.13255776
1457127311358,2.4904976,1.5567901,0.25870144
1457127311369,3.3597589,1.3655893,0.39767328
1457127311378,3.995975,1.3765849,0.43951756
1457127311391,4.3435574,1.0207558,0.13347405
1457127311399,4.352415,0.35338554,-0.15088372
1457127311411,3.9336667,0.035430185,-0.7104363
1457127311418,3.0812044,0.019547688,-1.0439687
1457127311429,2.3359487,0.6969972,-1.16492
1457127311438,1.7256943,0.94897914,-1.1572843
1457127311453,0.88697636,0.788627,-1.1362094
1457127311458,0.04428773,0.6582073,-1.205848
1457127311469,-0.48930305,0.6032294,-1.3289373
1457127311478,-0.70463306,0.8341365,-1.2895365
1457127311489,-0.57543504,1.1236867,-0.89919364
1457127311500,-0.25900686,0.7996226,-0.24801129
1457127311512,0.10629055,0.026572637,0.5109888
1457127311520,0.51068336,-0.46731192,1.1154399
1457127311531,0.93645644,-0.6945538,1.0888673
1457127311540,1.2055426,-0.9260717,0.46670106
1457127311577,1.235475,-1.1252137,0.08124508
1457127311579,1.1603385,-1.3869696,0.056199603
1457127311580,0.999681,-1.6154331,0.047036625
1457127311581,0.8384125,-2.1233675,-0.10629055
1457127311592,0.7635816,-2.5638015,-0.3368922
1457127311600,0.7687739,-3.07815,-0.4569272
1457127311609,0.8078693,-3.4578028,-0.46273044
1457127311618,0.8206975,-3.4290922,-0.43279803
1457127311635,0.75777835,-3.1856623,-0.33414328
1457127311639,0.6356053,-2.9074132,-0.18387043
1457127311654,0.45356745,-2.6145031,-0.018936822
1457127311659,0.172264,-2.370768,0.20708331
1457127311669,-0.2003638,-1.9868392,0.31429017
1457127311678,-0.6817256,-1.4477507,0.24617869
1457127311691,-1.1407908,-1.0106765,0.3042109
1457127311699,-1.2867876,-0.6404922,0.42210788
1457127311710,-1.3600914,-0.34330627,0.45753807
1457127311719,-1.2366967,-0.2312125,0.48716503
1457127311729,-1.063211,-0.11148291,0.47586402
1457127311739,-0.9242391,-0.16187929,0.43218717
1457127311751,-0.8268061,-0.2489276,0.37751472
1457127311758,-0.7333437,-0.12675454,0.32620203
1457127311771,-0.5873469,0.19150625,0.28160888
1457127311781,-0.5198463,0.3390302,0.2773328
1457127311795,-0.7959574,0.16554448,0.3368922
1457127311801,-1.2208142,0.06719518,0.4089743
1457127311819,-1.5381587,0.22815818,0.49266282
1457127311820,-1.6743816,0.5131268,0.6533204
1457127311843,-1.4001031,0.82344633,0.73914695
1457127311844,-0.5946773,0.79320854,0.67011917
1457127311851,0.016798794,0.4859433,0.7415904
1457127311860,-0.014660766,0.33414328,0.7333437
1457127311882,-0.6282749,0.24923302,0.6084218
1457127311882,-1.6493362,0.034513887,0.34055737
1457127311895,-2.9883528,0.301462,0.3042109
1457127311900,-4.1352525,1.2266175,0.364992
1457127311910,-4.3808203,2.581822,0.29626966
1457127311919,-3.6447275,3.9159517,0.12095132
1457127311937,-2.1267273,4.361883,0.024740042
1457127311939,-0.19181168,3.6685512,0.03604105
1457127311952,1.6282613,2.349693,0.06505715
1457127311960,2.9852984,1.29198,0.12950343
1457127311971,3.9180896,0.9120218,0.12644911
1457127311981,4.5451427,0.98807454,-0.0033597588
1457127311994,4.82553,1.2403619,-0.20189096
1457127311999,4.481002,1.2724323,-0.5320636
1457127312010,3.2391129,0.9850202,-0.97127575
1457127312021,2.4715607,0.93767816,-1.1026118
1457127312031,1.0900891,0.9095783,-1.0326678
1457127312040,0.089186326,0.55924714,-0.79901177
1457127312052,-0.43066,0.43799037,-0.6722572
1457127312060,-0.7086037,0.5864306,-0.6081163
1457127312071,-0.9114109,0.73945236,-0.44715336
1457127312080,-0.9941832,0.82527894,-0.06688975
1457127312091,-0.80878556,0.39920044,0.4343252
1457127312104,-0.15668693,-0.31490102,0.63255095
1457127312114,0.6575964,-0.64996064,0.31978795
1457127312121,1.2168436,-0.5183192,-0.019547688
1457127312140,1.4611896,-0.22632557,-0.1432479
1457127312147,1.3017539,-0.28985557,-0.21624629
1457127312150,0.8723156,-0.8750645,-0.34055737
1457127312161,0.552833,-1.5424347,-0.4981606
1457127312181,0.49541172,-2.0824397,-0.54825157
1457127312182,0.5421429,-2.4740043,-0.49266282
1457127312191,0.7324274,-2.5757134,-0.26542094
1457127312199,0.98837996,-2.5650232,-0.05955936
1457127312212,1.2113458,-2.4193318,0.044593163
1457127312222,1.2993103,-2.331978,0.1685988
1457127312232,1.1725558,-2.2870796,0.37690386
1457127312240,0.77824235,-2.2110267,0.61483586
1457127312250,0.1518,-2.0567832,0.6609562
1457127312259,-0.5155703,-1.7278323,0.4437936
1457127312270,-0.9966267,-1.1979067,0.30940324
1457127312279,-1.183246,-0.60231316,0.34422258
1457127312291,-1.099252,-0.21533,0.40011674
1457127312299,-0.9978484,-0.07238753,0.43279803
1457127312311,-0.7675522,-0.04886922,0.45142943
1457127312319,-0.5815437,-0.041233405,0.5112942
1457127312330,-0.46700647,-0.05955936,0.5766568
1457127312341,-0.3903429,0.08552113,0.58459806
1457127312356,-0.40530908,0.43157628,0.52534413
1457127312360,-0.6407976,0.62980205,0.44226643
1457127312376,-0.9779953,0.6533204,0.3594942
1457127312380,-1.187522,0.63407815,0.35216382
1457127312400,-1.2669345,0.5821546,0.47952923
1457127312401,-1.1728612,0.6062838,0.6236934
1457127312414,-0.82436264,0.6392705,0.6637051
1457127312423,-0.60139686,0.5983425,0.70371675
1457127312435,-1.0855075,0.6377433,0.73853606
1457127312442,-2.196977,0.9034697,0.6059783
1457127312472,-3.3942728,1.5128077,0.38545597
1457127312473,-3.8792996,2.5179865,0.27305678
1457127312474,-4.374406,3.1257975,0.022907447
1457127312536,-3.9767327,4.2788057,-0.23884831
1457127312537,-2.4324653,4.5830164,-0.38240165
1457127312537,-0.29657507,3.3402112,-0.26847526
1457127312537,1.2370021,1.7272215,-0.030543262
1457127312538,2.0949624,1.2501358,0.1469131
1457127312538,2.754086,1.2840388,0.28955013
1457127312539,3.3625078,1.1230757,0.40958515
1457127312550,3.8838813,0.7663304,0.41263947
1457127312559,4.1548,0.25717425,0.1872302
1457127312572,3.6615262,-0.3585779,-0.29229903
1457127312595,2.4278839,-0.6954701,-0.72326446
1457127312595,1.2819008,-0.3894266,-0.7703011
1457127312599,0.50426924,-0.30543262,-0.61208695
1457127312614,0.2657264,-0.37507126,-0.5516113
1457127312622,0.0729984,-0.34574974,-0.50640726
1457127312630,-0.0125227375,-0.30604348,-0.48747048
1457127312646,-0.2302962,-0.26633725,-0.44532076
1457127312654,-0.5207626,-0.19394971,-0.37507126
1457127312659,-0.7131852,-0.004581489,-0.3005457
1457127312675,-0.700357,0.33108896,-0.19517145
1457127312679,-0.44135013,0.37720928,-0.05467244
1457127312690,0.016187929,-0.095294975,0.03970624
1457127312699,0.63163465,-0.68600166,0.10262536
1457127312714,1.3228287,-0.9334021,0.11881329
1457127312719,1.7623463,-0.81581056,0.1001819
1457127312733,1.7073684,-0.7883216,0.049785517
1457127312739,1.282817,-1.1640037,-0.071776666
1457127312750,0.8854492,-1.6584991,-0.2706133
1457127312760,0.78038037,-1.9391917,-0.37751472
1457127312774,0.7715228,-2.0867157,-0.50762904
1457127312782,0.9111055,-2.4706445,-0.4615087
1457127312790,1.0253373,-2.7391198,-0.31978795
1457127312801,1.0082331,-2.7769935,-0.19547687
1457127312812,0.8167268,-2.6401596,-0.112399206
1457127312819,0.47739118,-2.4627032,-0.050701816
1457127312834,0.050701816,-2.3057108,0.076052725
1457127312846,-0.38820487,-1.997224,0.2883284
1457127312852,-0.7315111,-1.3997977,0.39370266
1457127312860,-0.8863655,-0.81061816,0.29626966
1457127312871,-0.77854776,-0.56016344,0.19853121
1457127312880,-0.50426924,-0.42852196,0.19211712
1457127312898,-0.26328292,-0.31948254,0.2434298
1457127312899,-0.09315695,-0.29138273,0.3323107
1457127312912,-0.018936822,-0.321926,0.38087448
1457127312922,0.13927728,-0.36041048,0.49113566
1457127312936,0.3368922,-0.43371433,0.60048056
1457127312940,0.38698313,-0.43157628,0.6075055
1457127312958,-0.108123146,-0.4343252,0.4092797
1457127312959,-0.8915578,-0.24465153,0.2012801
1457127312972,-1.402852,0.22204952,0.20555615
1457127312986,-1.6249015,0.43371433,0.31612277
1457127312993,-1.6905695,0.514654,0.46609017
1457127313005,-1.4905112,0.5849035,0.6536258
1457127313017,-0.9993755,0.41416663,0.7272351
1457127313021,-0.69027776,0.17806722,0.6973027
1457127313040,-1.0864239,0.17898351,0.70341134
1457127313041,-2.0143282,0.23823744,0.6575964
1457127313066,-3.0094275,0.35705075,0.5207626
1457127313067,-3.4599407,0.95142263,0.44959682
1457127313081,-4.1263947,1.4633276,0.29840767
1457127313082,-4.1935897,2.7635543,0.07360926
1457127313095,-3.4773505,4.0372086,-0.15088372
1457127313099,-2.0073032,4.492303,-0.21502456
1457127313111,-0.27397305,3.6850445,-0.07360926
1457127313120,0.98746365,2.4846945,0.15790866
1457127313135,1.8347337,2.0540345,0.2929099
1457127313142,2.6789496,1.9480493,0.3118467
1457127313150,3.4636059,1.5784758,0.32620203
1457127313162,4.07722,1.2559389,0.2510656
1457127313171,4.3854017,0.8197812,-0.092240654
1457127313179,3.936721,0.049785517,-0.6783658
1457127313192,2.6105325,-0.45478916,-1.0488557
1457127313200,1.0916162,0.016187929,-1.0519099
1457127313212,0.46944994,0.4605924,-0.9975429
1457127313220,-0.24190263,0.535118,-1.0177015
1457127313230,-0.2950479,0.54275376,-1.1215485
1457127313240,-0.16462818,0.36346483,-1.1866057
1457127313254,-0.21533,0.07086037,-1.1597277
1457127313259,-0.42638394,0.029626964,-1.0467176
1457127313275,-0.6026186,0.2406809,-0.8185594
1457127313288,-0.61850107,0.4978552,-0.47342056
1457127313291,-0.35338554,0.50426924,-0.01740966
1457127313301,0.310625,0.20311269,0.5332854
1457127313319,1.1575897,-0.2666427,1.0778717
1457127313320,1.7583756,-0.59864795,1.4068227
1457127313336,1.8096883,-0.54825157,1.217149
1457127313342,1.3084733,-0.48838675,0.55955255
1457127313357,0.8729264,-0.8268061,0.13103059
1457127313371,0.8142834,-1.2788464,-0.03970624
1457127313373,0.8924741,-1.6255124,-0.12614368
1457127313381,1.0503827,-1.7696766,-0.26297748
1457127313396,1.1863003,-2.005776,-0.30940324
1457127313400,1.2220359,-2.169488,-0.2687807
1457127313411,1.1414018,-2.261423,-0.17623462
1457127313422,0.9633345,-2.288912,-0.10720685
1457127313437,0.63621616,-2.232407,-0.03634648
1457127313440,0.122783914,-2.0463986,0.08582657
1457127313456,-0.40194935,-1.7327193,0.258396
1457127313461,-0.6365216,-1.2421945,0.40378192
1457127313473,-0.50946164,-0.7657196,0.43799037
1457127313484,-0.25534168,-0.6072,0.40866885
1457127313492,-0.08368854,-0.6075055,0.4034765
1457127313500,-0.047036625,-0.50915617,0.4538729
1457127313516,-0.09621128,-0.3371976,0.5561928
1457127313520,-0.124005646,-0.16584991,0.6188065
1457127313531,-0.14752395,-0.08857546,0.7440339
1457127313540,-0.099571034,0.0106901415,0.84513205
1457127313558,0.021991149,0.025961773,0.9083566
1457127313560,0.13713925,-0.013439035,0.90316427
1457127313574,-0.042455133,-0.10720685,0.7528914
1457127313582,-0.61636305,-0.11362094,0.51251596
1457127313599,-1.094976,0.17165314,0.36468655
1457127313601,-1.2330315,0.43066,0.37720928
1457127313621,-1.2950343,0.51893,0.52412236
1457127313622,-1.3692545,0.6417139,0.71959925
1457127313636,-1.2464706,0.6044512,0.78038037
1457127313645,-1.1187997,0.39278635,0.7296785
1457127313654,-1.6249015,0.36285394,0.7507534
1457127313667,-2.7119362,0.6215554,0.7483099
1457127313684,-3.2476652,1.094976,0.68966687
1457127313685,-3.9553525,1.4352279,0.4370741
1457127313726,-4.071111,2.238821,0.058643065
1457127313726,-3.6435058,2.9626966,-0.30879238
1457127313727,-2.7284296,3.484681,-0.5131268
1457127313728,-1.3744467,3.506061,-0.52442783
1457127313740,0.046120327,2.7088819,-0.37140608
1457127313741,1.0097603,1.8924606,-0.09560041
1457127313752,1.5787812,1.7125608,0.2443461
1457127313760,2.0949624,1.7366899,0.54305923
1457127313781,2.6826148,1.6181821,0.72051555
1457127313781,3.2528574,1.3301591,0.65118235
1457127313795,3.5705073,0.79412484,0.112704635
1457127313800,3.4816265,0.115453534,-0.559858
1457127313811,2.9727757,-0.26328292,-0.9407325
1457127313820,2.5995371,-0.076052725,-1.10139
1457127313831,1.74738,0.1386664,-1.1386528
1457127313846,0.79779,0.4098906,-1.1801916
1457127313853,0.038789943,0.43768495,-1.2834278
1457127313860,-0.23335053,0.50885075,-1.4651603
1457127313871,-0.33292156,0.4877759,-1.5625933
1457127313880,-0.5647449,0.43463063,-1.5302174
1457127313894,-0.88606006,0.5879578,-1.368949
1457127313900,-1.138042,0.85062987,-0.9764681
1457127313914,-1.1756102,0.816116,-0.2932153
1457127313921,-0.7254025,0.1731803,0.56382865
1457127313932,0.35063666,-0.65668017,1.3176364
1457127313940,1.5131133,-1.0451905,1.6050484
1457127313957,1.998751,-0.8197812,1.2379184
1457127313960,1.6936239,-0.5177083,0.5540548
1457127313975,1.359786,-0.9120218,-0.026572637
1457127313980,0.7174612,-1.6749926,-0.24740042
1457127313991,0.47586402,-1.9312505,-0.61178154
1457127314001,0.5919284,-2.223244,-0.8536842
1457127314011,0.806953,-2.588236,-0.8888089
1457127314020,0.9611965,-2.9373455,-0.70707655
1457127314033,0.98349303,-2.9422324,-0.37110063
1457127314040,0.8597928,-2.6245825,-0.04734206
1457127314051,0.6478226,-2.2278256,0.15974127
1457127314060,0.39522982,-1.9862283,0.3200934
1457127314071,0.13988814,-1.8613064,0.46395215
1457127314081,-0.047036625,-1.6166549,0.5320636
1457127314093,-0.06811147,-1.2165382,0.50640726
1457127314101,0.025350908,-0.81336707,0.4370741
1457127314114,0.06872234,-0.65393126,0.34605515
1457127314121,0.015882496,-0.6239988,0.29749137
1457127314131,-0.027183503,-0.42821655,0.30787608
1457127314141,-0.09682214,-0.2782491,0.3811799
1457127314155,-0.124005646,-0.07147124,0.49663344
1457127314160,-0.12858713,-0.10140363,0.6273586
1457127314171,-0.121256754,-0.23457226,0.7370089
1457127314181,-0.22785273,-0.33169982,0.7504479
1457127314191,-0.66614854,-0.25961772,0.6398814
1457127314201,-1.215011,0.10323623,0.56230146
1457127314213,-1.5274686,0.5458081,0.593761
1457127314221,-1.6377298,0.64965516,0.61269784
1457127314231,-1.5796975,0.46883908,0.54550266
1457127314241,-1.2837334,0.24037547,0.52320606
1457127314251,-0.7684685,0.09285152,0.5833763
1457127314261,-0.15577064,0.018325957,0.55741453
1457127314273,0.11178834,0.096516706,0.52839845
1457127314281,-0.10842858,0.35155296,0.56413406
1457127314297,-1.2858714,0.48533243,0.5748242
1457127314301,-2.8044822,0.70524395,0.44532076
1457127314311,-4.024991,1.0790935,0.33933565
1457127314321,-4.5249844,1.8979583,0.14538592
1457127314345,-4.0430117,3.0402763,-0.11178834
1457127314345,-2.649017,3.7925568,-0.16401732
1457127314351,-0.84879726,3.3759468,6.1086525E-4
1457127314361,0.5143485,2.4199426,0.15974127
1457127314372,1.287704,2.1930063,0.28069258
1457127314381,2.0146337,2.5396724,0.37507126
1457127314394,2.8243356,2.3893993,0.46670106
1457127314402,3.4956763,1.8823812,0.514654
1457127314412,3.9739838,1.5198327,0.31245756
1457127314422,4.0323215,0.91690874,-0.2574797
1457127314433,3.778507,0.029321533,-0.56230146
1457127314442,2.7177396,-0.2098322,-0.8940013
1457127314455,1.3692545,0.086437434,-0.8542951
1457127314462,0.2648101,0.4392121,-0.6844745
1457127314474,-0.15332718,0.32406402,-0.58276546
1457127314482,-0.06352998,0.25870144,-0.5323691
1457127314492,0.0076358155,0.16798794,-0.44532076
1457127314502,-0.17012598,0.11881329,-0.41630468
1457127314517,-0.550695,0.4098906,-0.5271767
1457127314522,-0.8912524,1.07665,-0.5864306
1457127314533,-0.80848014,1.387275,-0.38056904
1457127314542,-0.15210545,0.65179324,-0.004886922
1457127314571,0.86070913,-0.48655418,0.33108896
1457127314571,1.8915442,-1.0571023,0.46578476
1457127314592,2.418721,-0.9221011,0.3549127
1457127314595,2.3188446,-0.66859204,0.24312437
1457127314596,1.5247196,-0.7583892,0.03634648
1457127314601,0.73548174,-1.4327844,-0.11484267
1457127314612,0.45875978,-2.0638082,-0.25992316
1457127314623,0.57910025,-2.4596488,-0.3368922
1457127314633,0.86651236,-2.8716774,-0.31764993
1457127314642,1.097114,-3.1093042,-0.23976462
1457127314656,1.1704178,-3.016758,-0.14446963
1457127314661,1.0708468,-2.703995,-0.059864793
1457127314671,0.8032878,-2.381458,0.06566802
1457127314685,0.37598756,-2.1633792,0.24129178
1457127314696,-0.11178834,-1.9801197,0.40408736
1457127314701,-0.4529566,-1.609019,0.48472157
1457127314712,-0.56596667,-1.1026118,0.40653083
1457127314721,-0.54825157,-0.84299403,0.26053402
1457127314731,-0.5161811,-0.7089091,0.20586158
1457127314741,-0.43401974,-0.44165558,0.21380283
1457127314754,-0.37232238,-0.30543262,0.27885997
1457127314761,-0.36102137,-0.13775012,0.39278635
1457127314771,-0.38912117,-0.093462385,0.50946164
1457127314781,-0.41447207,-0.13927728,0.6038403
1457127314791,-0.39828414,-0.24465153,0.66645396
1457127314801,-0.3118467,-0.31978795,0.6844745
1457127314814,-0.23609942,-0.26908615,0.61208695
1457127314821,-0.44012842,-0.14202617,0.42913285
1457127314834,-0.8579602,0.01863139,0.2284636
1457127314841,-1.1869112,0.22999077,0.14385876
1457127314853,-1.4932601,0.3585779,0.2837469
1457127314863,-1.7403551,0.43890667,0.59681535
1457127314878,-1.7198911,0.45998153,0.84299403
1457127314882,-1.649947,0.26725355,0.93676186
1457127314894,-1.6786577,0.054061573,0.9575313
1457127314903,-2.2174408,0.00580322,0.9624182
1457127314923,-3.2479706,0.06963864,0.8686504
1457127314924,-4.2824707,0.5421429,0.66981375
1457127314935,-4.80079,1.4010195,0.39614612
1457127314943,-4.575075,2.3658812,0.05222898
1457127314954,-3.467882,3.2107077,-0.17806722
1457127314962,-1.7024814,3.5521815,-0.15882497
1457127314973,-0.04642576,2.937651,-0.036957346
1457127314983,0.9425651,2.1383338,0.12583824
1457127314999,1.4590516,2.1410828,0.3585779
1457127315002,2.0463986,2.6062565,0.5864306
1457127315014,2.8127291,2.6844473,0.7504479
1457127315022,3.552487,2.300213,0.6759224
1457127315032,4.1331143,1.6450601,0.21410827
1457127315042,4.3237042,0.66859204,-0.086437434
1457127315057,4.3713517,0.17104226,-0.5748242
1457127315062,3.7329974,-0.4297437,-0.82924956
1457127315074,2.667954,-0.16035213,-0.9034697
1457127315084,1.6957619,0.4034765,-0.8848383
1457127315092,0.8338311,0.5137377,-0.88117313
1457127315102,0.24678956,0.49846604,-0.96852684
1457127315115,-0.08155051,0.3747658,-1.0848967
1457127315122,-0.50854534,0.06566802,-1.1346822
1457127315133,-1.0848967,0.14569137,-1.1624765
1457127315154,-1.4770721,0.83260936,-1.1001683
1457127315155,-1.2983941,1.5442673,-0.7305948
1457127315172,-0.5928447,1.3744467,-0.030543262
1457127315176,0.301462,0.3652974,0.75441855
1457127315181,1.16492,-0.56779927,1.2568552
1457127315203,1.5048665,-0.9114109,1.2968669
1457127315203,1.7171422,-0.8179486,0.91813046
1457127315216,1.3393221,-0.2950479,0.2678644
1457127315222,0.90224797,-0.11301007,-0.1328632
1457127315237,0.66767573,-0.6411031,-0.35124752
1457127315242,0.6908886,-1.2541064,-0.6795876
1457127315258,0.9098838,-1.7440202,-1.0183123
1457127315262,1.1087204,-2.2201898,-1.1096367
1457127315273,1.133155,-2.6212227,-0.95722586
1457127315282,1.0048733,-2.7989845,-0.72173727
1457127315296,0.7959574,-2.706744,-0.46486846
1457127315302,0.54428095,-2.4480424,-0.23823744
1457127315313,0.29443705,-2.2003367,-0.08979719
1457127315322,0.1020145,-2.1227567,0.020158553
1457127315333,0.005497787,-2.047315,0.18478674
1457127315342,-0.01863139,-1.7660115,0.29626966
1457127315356,-0.04428773,-1.5741998,0.528093
1457127315363,-0.071776666,-1.1505647,0.6930266
1457127315375,-0.13988814,-0.7257079,0.70371675
1457127315383,-0.2556471,-0.46120325,0.5500842
1457127315394,-0.35735616,-0.42210788,0.3631594
1457127315402,-0.3652974,-0.46609017,0.28527406
1457127315418,-0.27000242,-0.5006041,0.30818152
1457127315422,-0.12308934,-0.5849035,0.36346483
1457127315433,0.034513887,-0.743423,0.4184427
1457127315442,0.2406809,-0.90010995,0.47342056
1457127315453,0.2932153,-0.9077458,0.5119051
1457127315463,-0.18234327,-0.6646214,0.42149702
1457127315475,-0.8915578,-0.21288654,0.27885997
1457127315483,-1.3674219,0.28496864,0.3145956
1457127315494,-1.473407,0.66737026,0.47678033
1457127315505,-1.3878858,0.73945236,0.5510005
1457127315513,-1.1285735,0.59986967,0.6930266
1457127315523,-1.1068878,0.22357668,0.8167268
1457127315539,-1.3292428,0.040317107,0.81397796
1457127315543,-1.6630806,-0.16554448,0.6826419
1457127315600,-2.1346686,-0.4896085,0.51068336
1457127315600,-2.8499918,-0.5647449,0.3885103
1457127315600,-3.67466,0.024740042,0.28680122
1457127315601,-4.1563272,1.484708,0.13530666
1457127315601,-3.849062,3.3270776,0.027183503
1457127315601,-2.682004,4.4929137,0.14294247
1457127315613,-1.0259482,4.4235806,0.3915646
1457127315622,0.6310238,3.5295794,0.49449542
1457127315633,2.1190915,2.6251934,0.35369098
1457127315642,3.3276885,1.8002199,0.14874569
1457127315654,3.7910297,1.2266175,0.05497787
1457127315668,4.5109344,1.1236867,-0.15454891
1457127315672,4.917771,0.9746355,-0.4156938
1457127315683,4.301102,0.6227771,-0.7199047
1457127315692,2.3383923,0.6035349,-0.7812967
1457127315706,0.43951756,0.8604037,-0.58276546
1457127315724,-0.2284636,0.600786,-0.514654
1457127315724,-0.10323623,0.47525316,-0.49480084
1457127315738,0.06963864,0.44226643,-0.40286562
1457127315742,0.012217305,0.03390302,-0.28771752
1457127315753,-0.32711834,-0.41630468,-0.258396
1457127315762,-0.84696466,-0.64873886,-0.3594942
1457127315777,-1.3054191,-0.45020768,-0.44898596
1457127315782,-1.312444,0.09468412,-0.2919936
1457127315793,-0.5329799,0.21227567,0.12370021
1457127315802,0.09712757,-0.39645153,0.34788775
1457127315813,1.4214834,-0.79412484,0.62980205
1457127315822,2.3041837,-1.2168436,0.61391956
1457127315838,2.3698518,-0.81245077,0.37843102
1457127315842,1.6798794,-0.35521814,0.11209377
1457127315853,0.8915578,-0.7770206,-0.11942416
1457127315862,0.57757306,-1.5870279,-0.42119157
1457127315873,0.6844745,-2.1206186,-0.65668017
1457127315882,0.9459248,-2.5454755,-0.6536258
1457127315895,1.0711522,-2.7586675,-0.46120325
1457127315902,0.9401216,-2.6352727,-0.20647246
1457127315914,0.65209866,-2.3218987,0.0076358155
1457127315922,0.27152961,-2.0638082,0.16920967
1457127315933,-0.18051068,-1.9233092,0.34147367
1457127315942,-0.60139686,-1.7281377,0.54153204
1457127315957,-0.7641924,-1.2962561,0.6282749
1457127315962,-0.960891,-0.99112886,0.6759224
1457127315973,-0.98746365,-0.4120286,0.50762904
1457127315982,-0.8353582,-0.14813483,0.2968805
1457127315998,-0.5384777,-0.11484267,0.23976462
1457127316002,-0.23426682,-0.07788532,0.29352075
1457127316015,-0.0067195175,-0.06658431,0.3921755
1457127316022,0.1441642,-0.13622294,0.5183192
1457127316033,0.26267207,-0.2611449,0.6246097
1457127316042,0.3930918,-0.37812558,0.68416905
1457127316053,0.47250426,-0.4633413,0.70005155
1457127316062,0.13897185,-0.45020768,0.6105598
1457127316075,-0.63224554,-0.19761491,0.40622538
1457127316082,-1.2437216,0.29016098,0.30970868
1457127316094,-1.5274686,0.61758476,0.46517387
1457127316102,-1.5971072,0.8384125,0.58459806
1457127316113,-1.4984524,0.93584555,0.7104363
1457127316122,-1.0503827,0.8353582,0.68752885
1457127316137,-0.766025,0.50579643,0.7339546
1457127316142,-1.0708468,0.38515055,0.79198676
1457127316156,-1.7993035,0.1740966,0.6963864
1457127316162,-2.6236663,-0.096516706,0.5039638
1457127316173,-3.4590244,0.15974127,0.35643986
1457127316201,-4.0915756,1.2483032,0.204029
1457127316202,-4.140139,2.809064,-0.024129177
1457127316202,-3.3496795,4.0311,-0.14630222
1457127316213,-1.774869,4.3551636,0.018936822
1457127316222,-0.0027488936,3.580892,0.22143865
1457127316233,1.4905112,2.2901337,0.23182335
1457127316242,2.6126707,1.4526376,0.17470746
1457127316256,3.0610456,1.1368202,0.112399206
1457127316263,3.8255436,1.0662653,0.06994407
1457127316280,4.407698,1.0433578,-0.06505715
1457127316283,4.555833,0.8213083,-0.31337386
1457127316294,3.670384,0.3109304,-0.6783658
1457127316303,1.9517145,0.18478674,-0.88056225
1457127316318,0.4456262,0.38698313,-0.82619524
1457127316323,-0.25137106,0.15607607,-0.82802784
1457127316334,-0.34972036,0.055588737,-0.89827734
1457127316343,-0.40286562,9.162979E-4,-0.91507614
1457127316355,-0.6224717,-0.11301007,-0.90102625
1457127316364,-0.8042041,0.067500606,-0.8414669
1457127316376,-0.68936145,0.34666604,-0.6282749
1457127316384,-0.29749137,0.1872302,-0.28221974
1457127316394,0.30757064,-0.3436117,0.124311075
1457127316404,0.6609562,-0.62796944,0.5491679
1457127316415,1.2666291,-0.49449542,0.72387534
1457127316424,1.5351044,-0.3680463,0.8906415
1457127316441,1.4294246,-0.267559,0.72418076
1457127316444,1.0619892,-0.47403142,0.3136793
1457127316456,0.8356637,-0.90010995,-0.054061573
1457127316464,0.9294315,-1.4486669,-0.31703907
1457127316475,1.1261301,-1.8219056,-0.48563787
1457127316484,1.2782356,-2.0967948,-0.47403142
1457127316507,1.318858,-2.4065037,-0.35002577
1457127316508,1.1976013,-2.5442538,-0.22052236
1457127316514,0.9428705,-2.406809,-0.12522738
1457127316524,0.61911196,-2.2024746,-0.07819075
1457127316535,0.267559,-2.0980167,-0.054367006
1457127316544,-0.10415252,-1.9874501,0.040011674
1457127316556,-0.4841107,-1.738828,0.2593123
1457127316564,-0.63499445,-1.255328,0.3744604
1457127316574,-0.79504114,-0.94989544,0.4633413
1457127316584,-0.77763146,-0.43463063,0.35063666
1457127316594,-0.59650993,-0.15363261,0.25350907
1457127316604,-0.35735616,-0.043066,0.26725355
1457127316617,-0.19456059,-0.09162979,0.34116822
1457127316624,-0.106595986,-0.1572978,0.46395215
1457127316637,-0.013744468,-0.15851954,0.59589905
1457127316644,0.1328632,-0.17256944,0.6960809
1457127316655,0.310625,-0.30115658,0.75777835
1457127316664,0.47739118,-0.5693264,0.77854776
1457127316679,0.38881573,-0.8536842,0.711658
1457127316684,-0.22907446,-0.9239337,0.5348125
1457127316695,-0.9841039,-0.41874814,0.37751472
1457127316705,-1.3942999,0.2275473,0.3735441
1457127316718,-1.4834863,0.54550266,0.44348818
1457127316724,-1.5192219,0.72295904,0.6469063
1457127316737,-1.1856894,1.1313224,0.70188415
1457127316744,-0.5665775,1.031446,0.6600399
1457127316755,-0.46853364,0.5766568,0.7770206
1457127316764,-1.1297953,0.30604348,0.84513205
1457127316778,-2.0344868,0.011301007,0.6704246
1457127316784,-2.9147434,-0.16187929,0.44409904
1457127316801,-3.7388008,0.3753767,0.31398472
1457127316804,-4.17954,1.5928311,0.17073683
1457127316817,-3.9025126,2.9294043,0.0030543262
1457127316824,-2.8411343,3.7595701,-0.03359759
1457127316839,-1.2409728,3.7934732,0.15149458
1457127316856,0.2950479,3.1035008,0.36713
1457127316859,1.4804319,2.2742512,0.40011674
1457127316865,1.9724839,1.7931949,0.3717115
1457127316875,2.7550023,1.6276505,0.3371976
1457127316884,3.3056972,1.4205672,0.32467487
1457127316899,3.6865718,1.294118,0.23457226
1457127316917,3.846313,0.9850202,-0.050396383
1457127316918,3.5228598,0.38087448,-0.5177083
1457127316925,2.558609,-0.11942416,-0.88270026
1457127316936,1.3610078,0.15210545,-0.96974856
1457127316948,0.34208453,0.49693888,-0.94897914
1457127316954,-0.11942416,0.5027421,-1.0177015
1457127316966,-0.17256944,0.50640726,-1.1264355
1457127316978,-0.25686884,0.3885103,-1.1523973
1457127316983,-0.5009095,0.32345316,-1.097114
1457127316997,-0.70829827,0.4868596,-0.9101892
1457127317004,-0.70952,0.59803706,-0.552833
1457127317015,-0.63163465,0.28313604,-0.050701816
1457127317025,-0.26145032,-0.25809056,0.23548855
1457127317040,0.4541783,-0.3930918,0.77182823
1457127317044,1.3139712,-0.22357668,1.0467176
1457127317060,1.8564194,0.03481932,0.9428705
1457127317068,1.756543,-0.1563815,0.535118
1457127317074,1.1670581,-0.7367035,0.021685716
1457127317084,0.6805039,-1.6358972,-0.45753807
1457127317096,0.6020077,-2.3787093,-0.8396343
1457127317105,0.7635816,-2.737287,-0.9755518
1457127317115,0.9083566,-3.0027082,-0.8533788
1457127317125,0.86834496,-3.1031954,-0.56230146
1457127317134,0.634689,-2.9996538,-0.19364429
1457127317147,0.31123585,-2.8173106,0.1554652
1457127317156,-0.031154128,-2.5848763,0.4361578
1457127317164,-0.20891592,-2.298075,0.66950834
1457127317176,-0.56077427,-1.9034561,0.7797695
1457127317184,-0.8200866,-1.6588045,0.91721416
1457127317196,-0.86742866,-1.1114693,0.77304995
1457127317204,-0.6921103,-0.65270954,0.4279111
1457127317219,-0.38759398,-0.46975538,0.17165314
1457127317224,-0.07941248,-0.42852196,0.1301143
1457127317235,0.14385876,-0.4196644,0.23060162
1457127317244,0.26725355,-0.46883908,0.38789943
1457127317254,0.32467487,-0.5531385,0.5458081
1457127317263,0.36254853,-0.66523224,0.6808093
1457127317276,0.27672195,-0.75686204,0.7501425
1457127317283,-0.28924468,-0.634689,0.602924
1457127317294,-1.097114,-0.1563815,0.29077184
1457127317309,-1.5528195,0.2855795,0.15027285
1457127317317,-1.6945401,0.35094208,0.29016098
1457127317328,-1.7168368,0.45081854,0.42577308
1457127317337,-1.6401732,0.5525276,0.70829827
1457127317345,-1.3793337,0.59681535,0.8390234
1457127317358,-1.1982121,0.43982297,0.7831292
1457127317367,-1.4581354,0.35613444,0.6924158
1457127317380,-2.1163425,0.22388211,0.6383542
1457127317387,-2.869845,0.112704635,0.5412266
1457127317400,-3.5329392,0.39095375,0.4111123
1457127317406,-3.944357,1.2944235,0.23335053
1457127317415,-3.8252382,2.624277,0.011911872
1457127317424,-3.0014863,3.8023307,-0.12064589
1457127317440,-1.5479325,4.0570617,-0.052534413
1457127317445,0.022907447,3.2809572,0.12186762
1457127317460,1.2605205,2.4620924,0.23762658
1457127317464,2.3564126,2.1001546,0.32711834
1457127317474,2.8716774,1.6129897,0.38698313
1457127317486,3.7180314,1.3839152,0.48899764
1457127317497,4.286747,1.1863003,0.46089783
1457127317506,4.5048256,0.9505063,0.15485434
1457127317538,4.032627,0.30176744,-0.44165558
1457127317538,2.8619037,-0.28130344,-0.88697636
1457127317539,1.6215417,-0.004886922,-0.9673051
1457127317544,0.56138515,0.28771752,-0.93218035
1457127317555,-0.058337633,0.21197024,-0.9850202
1457127317564,-0.22357668,0.09987647,-1.0659598
1457127317579,-0.42913285,-0.17531833,-1.0360274
1457127317585,-0.870483,-0.2950479,-0.9334021
1457127317597,-1.2974777,0.058948494,-0.79137594
1457127317608,-1.3261884,0.6374379,-0.5467244
1457127317618,-0.7870999,0.8060367,-0.19608775
1457127317628,-0.3491095,0.32559118,0.0030543262
1457127317639,0.65240407,-0.036651913,0.42210788
1457127317644,1.6013832,-0.7189884,0.7632761
1457127317661,2.3051,-1.0280862,0.8552113
1457127317668,2.339614,-0.81306165,0.6239988
1457127317678,1.5699236,-0.5910121,0.21533
1457127317686,0.8188649,-1.0769554,-0.08002335
1457127317697,0.6713409,-1.7669277,-0.25870144
1457127317704,0.88300574,-2.1612413,-0.3323107
1457127317719,1.1588113,-2.5344799,-0.2950479
1457127317730,1.3677273,-2.8075366,-0.22815818
1457127317737,1.427592,-2.8307495,-0.16371189
1457127317744,1.3313808,-2.6615398,-0.09560041
1457127317759,1.1004738,-2.5271494,0.007330383
1457127317764,0.73273283,-2.5705209,0.12950343
1457127317774,0.49938235,-2.6077838,0.32650748
1457127317785,-0.080634214,-2.350915,0.46853364
1457127317794,-0.75411314,-2.0912971,0.76083267
1457127317804,-1.2623531,-1.3475688,0.7861836
1457127317816,-1.4065173,-0.54092115,0.49663344
1457127317824,-1.2263119,-0.09560041,0.30634892
1457127317835,-0.8881981,0.03634648,0.29718593
1457127317844,-0.5876524,9.162979E-4,0.3390302
1457127317857,-0.43188173,-0.14905111,0.4092797
1457127317866,-0.3912592,-0.312763,0.4877759
1457127317878,-0.34391713,-0.4370741,0.56505036
1457127317887,-0.19394971,-0.46181414,0.59956425
1457127317897,0.0693332,-0.41386122,0.5476407
1457127317905,0.25473082,-0.4297437,0.41447207
1457127317918,-0.022907447,-0.6426302,0.26145032
1457127317928,-0.34116822,-0.5183192,0.21533
1457127317948,-0.95569867,0.20311269,0.2556471
1457127317949,-1.2082914,0.4813618,0.4447099
1457127317956,-1.174083,0.48533243,0.6374379
1457127317969,-1.2348641,0.22479841,0.7644979
1457127317980,-1.7037032,0.20219639,0.84940815
1457127317988,-2.4355197,0.17256944,0.81581056
1457127318015,-3.1655037,0.036651913,0.63621616
1457127318016,-3.7384953,0.15302174,0.39828414
1457127318017,-4.050342,0.81183994,0.19608775
1457127318031,-3.955658,1.9807305,0.022907447
1457127318037,-3.2919528,3.1493158,-0.11026118
1457127318052,-2.0366247,3.5549302,-0.08735373
1457127318059,-0.5674938,2.9782734,0.10170906
1457127318064,0.5674938,2.125811,0.31245756
1457127318077,1.3747523,1.8649716,0.49021935
1457127318095,1.7589865,1.9941696,0.58032197
1457127318096,2.511267,1.9920316,0.77121735
1457127318104,3.1505375,1.8307631,0.85154617
1457127318119,3.6205983,1.5836681,0.57726765
1457127318124,3.8383718,1.1016954,-0.013439035
1457127318135,3.832874,0.4700608,-0.5155703
1457127318144,3.5573738,0.094989546,-0.8231409
1457127318155,2.8915308,0.1133155,-1.0228939
1457127318164,1.9630154,0.39645153,-1.1154399
1457127318177,0.8222246,0.50976706,-1.1328496
1457127318186,-0.14172074,0.5390886,-1.1407908
1457127318195,-0.7687739,0.6582073,-1.1872166
1457127318204,-1.2095132,0.958753,-1.1905763
1457127318217,-1.1930199,1.5836681,-0.95386606
1457127318225,-0.7703011,1.4813483,-0.44898596
1457127318237,-0.51343226,0.29046643,-0.16493362
1457127318244,0.14508049,-0.27122417,0.33658674
1457127318258,1.0839803,-0.76144356,0.68233645
1457127318265,1.8658879,-0.7870999,0.8167268
1457127318279,1.9593502,-0.54702985,0.67011917
1457127318285,1.4926492,-0.34147367,0.35246924
1457127318301,1.1233811,-0.6737844,0.10903945
1457127318305,1.07665,-1.278541,-0.14752395
1457127318316,1.1249083,-1.8048013,-0.4810564
1457127318325,1.1795808,-2.2977695,-0.7156286
1457127318336,1.1667526,-2.7107146,-0.73945236
1457127318346,1.0195341,-2.802039,-0.569021
1457127318358,0.8011498,-2.5851817,-0.30818152
1457127318365,0.5739079,-2.3423629,-0.09773844
1457127318377,0.35613444,-2.2201898,0.03145956
1457127318386,0.24709499,-2.090381,0.08460484
1457127318395,0.030848695,-1.9614882,0.2098322
1457127318405,-0.18478674,-1.4920384,0.3903429
1457127318419,-0.39736784,-0.9425651,0.56779927
1457127318426,-0.54305923,-0.5726862,0.59406644
1457127318437,-0.5885687,-0.43463063,0.48563787
1457127318445,-0.559858,-0.4578435,0.41996986
1457127318456,-0.5180137,-0.41172317,0.43401974
1457127318474,-0.48563787,-0.22143865,0.4718934
1457127318481,-0.45478916,-0.07360926,0.4822781
1457127318486,-0.39064834,-0.06780604,0.44532076
1457127318495,-0.25289822,-0.17531833,0.3555236
1457127318507,0.03176499,-0.38820487,0.18570304
1457127318519,0.4382958,-0.657291,-0.02076942
1457127318525,0.6630942,-0.88239485,-0.13439035
1457127318537,0.53878313,-0.9450085,-0.013439035
1457127318546,-0.1872302,-0.6267477,0.101098195
1457127318555,-0.9654725,-0.34880406,0.3643811
1457127318567,-1.4618006,0.22449298,0.89766645
1457127318576,-1.6276505,0.88025683,1.6368134
1457127318585,-1.1798862,1.2809844,1.9089539
1457127318599,-0.7968737,0.71837753,1.5164729
1457127318606,-1.2907583,0.18387043,0.91965765
1457127318622,-2.1606305,0.0888809,0.5693264
1457127318627,-2.964529,-0.32986724,0.42455134
1457127318636,-3.849062,-0.4792238,0.3145956
1457127318646,-4.5857654,0.46395215,0.0729984
1457127318662,-4.5888195,2.1297817,-0.26328292
1457127318666,-3.5500433,3.6010506,-0.47067168
1457127318677,-1.6340646,3.9791763,-0.37598756
1457127318686,-0.5842926,3.0246992,-0.17989981
1457127318698,1.1942415,1.738828,-0.1151481
1457127318714,2.415972,1.3319917,-0.0012217305
1457127318726,3.280041,1.0800097,0.086437434
1457127318727,3.9162571,1.1847731,0.03481932
1457127318737,4.3252316,1.2351695,-0.16371189
1457127318746,4.2397103,0.9663888,-0.5305365
1457127318756,3.2837062,0.5708536,-1.0186177
1457127318766,1.8484782,0.81061816,-1.2260065
1457127318778,0.5497787,1.1414018,-1.1148291
1457127318786,-0.17165314,1.0070114,-1.0366384
1457127318798,-0.28802297,1.0067059,-1.024421
1457127318806,-0.20189096,0.8228355,-0.9263771
1457127318817,-0.19730948,0.4251622,-0.77304995
1457127318826,-0.3417791,0.22540927,-0.6924158
1457127318841,-0.571159,0.28893927,-0.70157874
1457127318846,-0.6640105,0.5919284,-0.68569624
1457127318856,-0.72418076,0.6930266,-0.37812558
1457127318866,-0.5323691,0.22418754,0.39767328
1457127318876,-0.028099801,-1.1349876,1.1050552
1457127318886,0.59223384,-1.7489072,1.0085385
1457127318902,0.8268061,-0.75411314,0.41783184
1457127318906,0.79229224,0.105374254,0.08674286
1457127318917,0.9828822,-0.14355333,-0.0983493
1457127318926,1.1441506,-0.75900006,-0.4905248
1457127318936,1.1707232,-1.4239268,-1.0238101
1457127318946,1.2476922,-2.2015584,-1.3927728
1457127318958,1.2819008,-2.8127291,-1.3594806
1457127319001,1.1688906,-2.9898798,-0.9960158
1457127319002,0.9502009,-2.8680124,-0.5338962
1457127319002,0.6792821,-2.7663033,-0.15210545
1457127319003,0.5381723,-2.7296515,-0.014966198
1457127319005,0.24556783,-2.6972754,0.16829337
1457127319021,-0.08827003,-2.5778513,0.27305678
1457127319027,-0.4129449,-2.3875668,0.36865717
1457127319036,-0.63255095,-1.994475,0.5137377
1457127319046,-0.68294734,-1.3295482,0.6239988
1457127319056,-0.59589905,-0.59773165,0.6200282
1457127319066,-0.46975538,-0.105374254,0.54458636
1457127319078,-0.34513888,0.0012217305,0.4709771
1457127319086,-0.2134974,-0.11728613,0.48441613
1457127319098,-0.056199603,-0.21380283,0.5757405
1457127319106,0.1423316,-0.29260445,0.7104363
1457127319117,0.3539964,-0.48441613,0.7974846
1457127319126,0.30176744,-0.78801614,0.6133087
1457127319139,-0.3472769,-1.119716,0.2761111
1457127319146,-0.77366084,-0.85918194,0.19394971
1457127319157,-1.4379768,-0.44990227,0.26389378
1457127319165,-1.8258762,0.2443461,0.47678033
1457127319176,-2.055867,0.43890667,0.5934556
1457127319186,-2.1169536,0.44135013,0.5213735
1457127319200,-1.9929478,0.3848451,0.45723262
1457127319205,-1.6450601,0.5158757,0.5742133
1457127319216,-0.91965765,0.9034697,0.64476824
1457127319226,0.14752395,0.98440933,0.5626069
1457127319249,0.66706485,0.788627,0.58459806
1457127319249,-0.07880162,0.5323691,0.46303585
1457127319258,-1.6465873,0.109650314,0.11178834
1457127319268,-3.4168746,0.05222898,-0.100792766
1457127319276,-4.603175,0.9783007,-0.26358834
1457127319285,-4.626999,2.5604417,-0.4364632
1457127319296,-4.159687,3.7259727,-0.38728857
1457127319305,-2.4834726,3.5564575,-0.25503623
1457127319318,-0.6081163,2.9938505,0.03176499
1457127319325,0.8555168,1.9761491,0.13408493
1457127319338,2.0522017,1.7950275,0.10995574
1457127319345,3.0650163,1.7504344,0.06536258
1457127319356,3.8902953,1.6267341,-0.059253927
1457127319365,4.520708,1.4489723,-0.29046643
1457127319381,4.4443502,1.0668762,-0.6188065
1457127319385,3.042109,0.799928,-0.83658
1457127319396,1.1139128,0.8900307,-0.6936375
1457127319405,-0.03940081,0.5726862,-0.5357288
1457127319418,-0.2434298,0.35277468,-0.5335908
1457127319426,-0.09682214,0.65668017,-0.5363397
1457127319438,-0.038789943,0.6478226,-0.48991394
1457127319445,-0.102319926,0.30604348,-0.46303585
1457127319456,-0.45173484,-0.12644911,-0.47433686
1457127319478,-1.0280862,-0.27763826,-0.56199604
1457127319479,-1.4107933,0.020158553,-0.5839872
1457127319488,-1.0268645,0.8921687,-0.26053402
1457127319501,0.08002335,0.61850107,0.25259277
1457127319507,1.187522,-0.6585127,0.5335908
1457127319522,1.8310685,-1.1166617,0.44135013
1457127319527,1.9165897,-0.45570546,0.20158553
1457127319555,1.5106697,0.10323623,0.022296581
1457127319556,1.0595458,-0.18692477,-0.12980886
1457127319566,0.91721416,-0.82558435,-0.31337386
1457127319567,1.0326678,-1.3432927,-0.52595496
1457127319579,1.1921035,-1.7275269,-0.63407815
1457127319587,1.2654073,-2.0332649,-0.54275376
1457127319598,1.2550226,-2.2852468,-0.35155296
1457127319606,1.2299771,-2.3811526,-0.2565634
1457127319618,1.138042,-2.3350325,-0.09621128
1457127319629,0.958753,-2.0916026,0.017104227
1457127319638,0.659429,-1.7595973,0.13164146
1457127319645,0.24984388,-1.4294246,0.30024028
1457127319659,-0.21166481,-1.1166617,0.48349985
1457127319668,-0.59589905,-0.7791586,0.63316184
1457127319679,-0.73884153,-0.3839288,0.643852
1457127319687,-0.6188065,-0.027183503,0.4868596
1457127319703,-0.44348818,0.10720685,0.32436943
1457127319708,-0.33536503,0.030848695,0.26816985
1457127319716,-0.25228736,-0.019547688,0.34788775
1457127319726,-0.18020524,0.014966198,0.5128214
1457127319741,-0.109650314,-0.007330383,0.6747007
1457127319746,-0.04734206,-0.16371189,0.75594574
1457127319757,-0.028710667,-0.35308012,0.7415904
1457127319766,-0.07544186,-0.41722095,0.59803706
1457127319777,-0.37843102,-0.3924809,0.441961
1457127319786,-0.8151997,0.010079277,0.39920044
1457127319798,-1.0589349,0.56230146,0.43768495
1457127319805,-1.1111639,0.7483099,0.54061574
1457127319816,-1.029308,0.74006325,0.625526
1457127319826,-0.75777835,0.77304995,0.6102544
1457127319838,-0.31581733,0.6899723,0.53969944
1457127319848,-0.0580322,0.5555819,0.56230146
1457127319872,-0.46670106,0.6258314,0.68661255
1457127319873,-1.5806139,0.5861252,0.6743952
1457127319879,-3.0497448,0.40683624,0.4868596
1457127319887,-4.3001857,0.8054258,0.30543262
1457127319897,-4.7439795,2.0891593,0.109650314
1457127319907,-4.6077566,3.5555413,0.0018325958
1457127319940,-3.592804,4.012163,-0.110872045
1457127319940,-1.672549,4.0497313,0.04062254
1457127319940,0.23823744,3.052799,0.2950479
1457127319946,1.382999,2.1068742,0.37720928
1457127319960,2.0344868,1.9654589,0.30482176
1457127319967,2.5393667,1.8680259,0.22266038
1457127319978,3.0292807,1.5632042,0.13897185
1457127319987,3.483459,1.2782356,-0.028710667
1457127320000,3.6688566,0.88697636,-0.32528573
1457127320008,3.0952542,0.36560285,-0.6649268
1457127320017,1.7971655,0.24312437,-0.84207773
1457127320026,0.5170974,0.548557,-0.86529064
1457127320039,-0.1469131,0.5864306,-0.9211848
1457127320053,-0.19394971,0.48624873,-1.0268645
1457127320059,-0.122783914,0.28680122,-1.0858129
1457127320067,-0.043066,0.014049901,-1.0876455
1457127320077,-0.16187929,-0.05955936,-1.0531317
1457127320087,-0.38728857,-0.08093964,-0.93279123
1457127320106,-0.5366451,-0.045814894,-0.70402217
1457127320107,-0.4905248,-0.17623462,-0.38087448
1457127320118,-0.10415252,-0.52381694,0.013439035
1457127320126,0.6200282,-0.7663304,0.43096542
1457127320141,1.2889256,-0.71685034,0.7910705
1457127320147,1.5384641,-0.64568454,0.9401216
1457127320175,1.3338243,-0.72356987,0.7825184
1457127320175,0.91599244,-0.8338311,0.41325033
1457127320188,0.6731735,-1.2220359,0.11301007
1457127320188,0.7440339,-1.8365663,-0.032986723
1457127320201,0.93279123,-2.2110267,-0.119729586
1457127320221,1.0118983,-2.348166,-0.16401732
1457127320221,1.1169671,-2.4080307,-0.17654006
1457127320227,1.1591167,-2.4178047,-0.18784106
1457127320240,1.1279627,-2.4135287,-0.18417588
1457127320246,1.0403035,-2.393981,-0.16798794
1457127320259,0.8924741,-2.329229,-0.10445796
1457127320271,0.591623,-2.1453588,0.04550946
1457127320281,0.079107046,-1.8579466,0.25442538
1457127320286,-0.57726765,-1.536937,0.46609017
1457127320297,-1.1081096,-1.2217305,0.6038403
1457127320306,-1.2220359,-0.820392,0.54519725
1457127320317,-0.98868537,-0.3747658,0.35124752
1457127320326,-0.6908886,-0.14935656,0.23793201
1457127320346,-0.47586402,-0.17287487,0.269697
1457127320347,-0.36957347,-0.37995818,0.3857614
1457127320357,-0.34208453,-0.5671884,0.49846604
1457127320367,-0.34055737,-0.58184916,0.5403103
1457127320377,-0.3200934,-0.5314528,0.59742624
1457127320387,-0.2302962,-0.35277468,0.62125
1457127320400,-0.06780604,-0.1414153,0.6102544
1457127320408,-0.016187929,-0.029321533,0.5366451
1457127320422,-0.34574974,-0.1432479,0.3857614
1457127320428,-0.82772243,-0.09407325,0.3042109
1457127320442,-1.0509937,0.34513888,0.39706242
1457127320447,-0.97219205,0.72509706,0.550695
1457127320468,-0.75777835,0.77946407,0.6658431
1457127320469,-0.74220127,0.52381694,0.75869465
1457127320500,-1.1239921,0.25167647,0.7611381
1457127320501,-1.8897116,0.09162979,0.63224554
1457127320501,-2.839607,0.13897185,0.42332962
1457127320515,-3.6508362,0.61727935,0.17806722
1457127320521,-3.8976257,1.6603317,0.043982297
1457127320528,-3.9358048,2.334727,-0.23671028
1457127320539,-3.2766812,3.4758232,-0.39492437
1457127320549,-1.951409,3.873802,-0.28496864
1457127320557,-0.32467487,3.404352,-0.081855945
1457127320566,1.0626001,2.2592852,0.025961773
1457127320580,1.988061,1.3759739,0.041233405
1457127320586,2.6575692,1.0842859,-0.0036651916
1457127320603,3.2464433,0.93859446,-0.10323623
1457127320608,3.771482,0.6762278,-0.2602286
1457127320617,3.9409971,0.27030787,-0.48838675
1457127320628,3.173445,-0.0421497,-0.77732605
1457127320649,1.8234328,0.101098195,-0.90102625
1457127320650,0.59559363,0.0852157,-0.81092364
1457127320658,-0.15088372,-0.3231477,-0.766025
1457127320667,-0.31978795,-0.4089743,-0.77366084
1457127320678,-0.5018258,-0.4260785,-0.77457714
1457127320692,-0.7583892,-0.6227771,-0.7180721
1457127320710,-1.1972959,-0.7284568,-0.6203337
1457127320710,-1.7654005,-0.5684101,-0.48533243
1457127320717,-2.0998492,-0.2452624,-0.24984388
1457127320727,-1.609019,0.111177474,0.12950343
1457127320739,-0.30634892,0.01038471,0.61453044
1457127320751,1.1301007,-0.91904676,1.024421
1457127320767,2.2540927,-1.5613716,1.1954633
1457127320767,2.629164,-1.0525209,0.99082345
1457127320779,1.8497,-0.16890424,0.4370741
1457127320787,0.6047566,0.22235495,0.017715093
1457127320810,0.014966198,-0.34300083,-0.07788532
1457127320811,0.16798794,-1.0134255,-0.084910266
1457127320822,0.36193767,-1.3182472,-0.013439035
1457127320827,0.68569624,-1.690875,0.04428773
1457127320837,0.8032878,-1.8255708,0.093462385
1457127320847,0.8268061,-1.7721201,0.0076358155
1457127320858,0.8491027,-1.4645494,-0.13927728
1457127320867,0.8924741,-1.1911873,-0.21868975
1457127320879,0.9627236,-1.0146471,-0.17501289
1457127320887,0.9984592,-0.8671232,-0.09407325
1457127320898,0.97066486,-0.77304995,0.016798794
1457127320907,0.8854492,-0.8362745,0.103847094
1457127320918,0.7290677,-0.9233228,0.060170226
1457127320927,0.5222898,-0.7296785,-0.038179077
1457127320940,0.33017266,-0.21135938,-0.058948494
1457127320947,0.23823744,0.2657264,-0.019242255
1457127320959,0.20830505,0.3866777,0.04642576
1457127320967,0.1853976,0.20219639,0.14874569
1457127320978,0.10842858,-0.038789943,0.21380283
1457127320987,0.042760566,-0.12095132,0.33353242
1457127321002,0.05681047,-0.21197024,0.37048978
1457127321007,0.15577064,-0.29260445,0.24556783
1457127321018,0.27550024,-0.36468655,-0.12644911
1457127321027,0.31306845,-0.36285394,-0.66614854
1457127321038,0.19792034,-0.24404067,-1.1166617
1457127321048,-0.07360926,-0.024740042,-1.2895365
1457127321063,-0.43860126,0.24037547,-1.142318
1457127321067,-0.75136423,0.50579643,-0.76052725
1457127321078,-0.83291477,0.61117065,-0.25992316
1457127321087,-0.59986967,0.43890667,0.2312125
1457127321099,-0.11789699,0.29046643,0.5983425
1457127321108,0.42730024,0.32345316,0.8045095
1457127321123,0.6750061,0.26419923,0.8750645
1457127321131,0.52106804,-0.061086524,0.79381937
1457127321140,-0.19547687,-0.2519819,0.39370266
1457127321149,-0.8359691,-0.16982053,0.03268129
1457127321158,-1.1905763,0.3032946,-0.04184427
1457127321167,-1.3289373,0.40591997,0.08307768
1457127321186,-1.385137,0.4783075,0.23823744
1457127321187,-1.4083499,0.61422503,0.3640757
1457127321198,-1.3475688,0.68294734,0.45906523
1457127321207,-1.2030991,0.69913524,0.50701815
1457127321218,-1.0134255,0.65668017,0.47952923
1457127321227,-0.7883216,0.64660084,0.44104472
1457127321240,-0.58093286,0.7675522,0.41416663
1457127321250,-0.47952923,0.9569204,0.38331795
1457127321258,-0.5564982,1.1533136,0.35369098
1457127321268,-0.8200866,1.3768903,0.27458394
1457127321278,-1.1792754,1.5656476,0.07574729
1457127321287,-1.3460416,1.6615535,-0.07086037
1457127321300,-1.5442673,1.7012597,-0.41141775
1457127321307,-1.5012014,1.7867808,-0.7086037
1457127321320,-1.3356569,1.6920967,-0.84757555
1457127321327,-1.1417072,1.4263704,-0.80573124
1457127321338,-0.8353582,1.1936307,-0.58459806
1457127321348,-0.44073927,0.9654725,-0.23976462
1457127321362,-0.08460484,0.6151413,0.074830994
1457127321368,0.16126843,0.3408628,0.25442538
1457127321379,0.3100141,0.312763,0.36346483
1457127321388,0.38728857,0.26358834,0.4972443
1457127321399,0.44073927,0.030543262,0.64568454
1457127321409,0.52412236,-0.21685717,0.7473936
1457127321421,0.64599,-0.3735441,0.7556403
1457127321429,0.75441855,-0.40744713,0.64476824
1457127321439,0.76174897,-0.41874814,0.44165558
1457127321449,0.70066243,-0.48716503,0.33628133
1457127321460,0.46639562,-0.5317582,0.18325958
1457127321469,0.20372356,-0.63804877,0.12034045
1457127321489,-0.05467244,-0.77274454,0.047036625
1457127321490,-0.4034765,-0.8026769,-0.13072516
1457127321508,-0.79717916,-0.4886922,-0.3463606
1457127321509,-1.0106765,0.14355333,-0.43310347
1457127321520,-0.8784242,0.6976081,-0.3827071
1457127321529,-0.36957347,0.85154617,-0.33628133
1457127321548,0.2782491,0.7874053,-0.2489276
1457127321549,0.7360926,0.63499445,-0.056505036
1457127321559,0.82863873,0.24801129,0.055588737
1457127321578,0.59742624,-0.14721853,-0.09773844
1457127321579,0.36651915,-0.15210545,-0.30024028
1457127321588,0.29260445,0.040927973,-0.3203988
1457127321607,0.27550024,0.020463986,-0.2275473
1457127321608,0.23090707,-0.16523905,-0.16462818
1457127321619,0.23915374,-0.2761111,-0.054061573
1457127321632,0.27458394,-0.4709771,-0.009468411
1457127321640,0.31520647,-0.56046885,-0.021685716
1457127321649,0.31673363,-0.6597345,-0.059864793
1457127321662,0.19456059,-0.8042041,-0.101098195
1457127321669,-0.006414085,-0.9053023,-0.14752395
1457127321681,-0.20677789,-0.96852684,-0.18784106
1457127321697,-0.27488935,-1.0528263,-0.2125811
1457127321699,-0.060170226,-1.207986,-0.25320363
1457127321713,0.40408736,-1.328021,-0.32498032
1457127321727,0.8750645,-1.3842206,-0.39675698
1457127321729,1.1786644,-1.5076154,-0.43188173
1457127321741,1.3396275,-1.5696182,-0.4196644
1457127321753,1.430341,-1.4095715,-0.39492437
1457127321760,1.4697418,-1.2504412,-0.3903429
1457127321769,1.5228871,-1.2119566,-0.3998113
1457127321782,1.4633276,-1.1148291,-0.40866885
1457127321789,1.3515394,-0.8219192,-0.40500367
1457127321800,1.2330315,-0.44073927,-0.39706242
1457127321809,1.0354166,-0.12522738,-0.35338554
1457127321820,0.77366084,0.12767084,-0.23884831
1457127321831,0.5140431,0.20372356,-0.07147124
1457127321842,0.33444872,0.094989546,0.11484267
1457127321849,0.2434298,0.004276057,0.31429017
1457127321863,0.17287487,0.038789943,0.46517387
1457127321870,0.08032878,0.1554652,0.5006041
1457127321882,-0.007330383,0.27580565,0.42241332
1457127321891,-0.056199603,0.29535335,0.3494149
1457127321908,-0.17256944,0.20097467,0.1966986
1457127321909,-0.2996294,-0.16920967,0.1282817
1457127321923,-0.35185838,-0.5128214,0.1872302
1457127321932,-0.22357668,-0.56107974,0.36651915
1457127321944,-0.046731193,-0.4120286,0.51159966
1457127321950,0.07147124,-0.49449542,0.45723262
1457127321980,0.0421497,-0.7470882,0.21991149
1457127321981,-0.11362094,-0.91599244,-0.05497787
1457127321982,-0.26847526,-0.9077458,-0.19150625
1457127321989,-0.41355577,-0.7800749,-0.14966199
1457127321999,-0.5503896,-0.7287622,-0.18478674
1457127322008,-0.63499445,-0.6921103,-0.33933565
1457127322021,-0.7021896,-0.37965274,-0.410196
1457127322030,-0.8213083,-0.022296581,-0.4437936
1457127322042,-0.9254609,0.11209377,-0.4877759
1457127322050,-1.2034045,0.1282817,-0.679893
1457127322058,-1.4715744,0.14263703,-0.98990715
1457127322070,-1.6053538,0.13347405,-1.3759739
1457127322084,-1.5564847,0.06505715,-1.7687603
1457127322088,-1.387275,-0.05009095,-1.8774943
1457127322103,-1.181108,-0.14172074,-1.5769486
1457127322112,-1.0033462,-0.07269296,-1.0815369
1457127322118,-0.8268061,0.09682214,-0.6230826
1457127322129,-0.61941737,0.2874121,-0.31031954
1457127322142,-0.4352415,0.50823987,-0.076358154
1457127322148,-0.31215215,0.7348709,0.13316862
1457127322160,-0.22876903,0.9211848,0.2855795
1457127322174,-0.15149458,0.9981538,0.3652974
1457127322183,-0.058948494,0.9300423,0.2932153
1457127322191,-0.009162978,0.7684685,0.18081611
1457127322205,-0.0012217305,0.70188415,-0.076358154
1457127322209,-0.23273966,0.6618725,-0.27550024
1457127322224,-0.66675943,0.6429357,-0.4098906
1457127322230,-1.1407908,0.4700608,-0.44532076
1457127322243,-1.5140295,0.16707164,-0.42058071
1457127322270,-1.7794504,-0.116980694,-0.41813725
1457127322271,-1.9761491,-0.39767328,-0.5140431
1457127322272,-2.0787745,-0.7742717,-0.72418076
1457127322280,-2.08977,-1.2247849,-1.0030408
1457127322289,-2.017077,-1.6221527,-1.2831224
1457127322300,-1.8387043,-1.5674802,-1.4330899
1457127322309,-1.4764613,-1.0238101,-1.2452488
1457127322322,-0.9462303,-0.6044512,-0.7367035
1457127322329,-0.46303585,-0.56596667,-0.2049453
1457127322340,-0.28863382,-0.5748242,0.09987647
1457127322349,-0.030848695,-0.5354234,0.1704314
1457127322360,0.20708331,-0.5021312,0.22357668
1457127322375,0.44623706,-0.64934975,0.18142697
1457127322382,0.6392705,-0.8671232,0.056505036
1457127322393,0.7247916,-1.0656544,-0.07452556
1457127322404,0.69913524,-1.353372,-0.1414153
1457127322410,0.58001655,-1.6664404,-0.13744467
1457127322424,0.37201694,-1.7504344,-0.08827003
1457127322430,0.10415252,-1.5830573,-0.035430185
1457127322450,-0.25228736,-1.3573426,-0.020463986
1457127322451,-0.6985244,-1.3041973,-0.06872234
1457127322475,-1.1585059,-1.4740179,-0.12858713
1457127322476,-1.6313156,-1.645671,-0.18173242
1457127322481,-1.7033978,-1.2953397,-0.2574797
1457127322490,-1.4343116,-0.28527406,-0.321926
1457127322502,-0.5656612,0.36713,-0.31703907
1457127322510,0.015577064,0.2883284,-0.26175576
1457127322520,0.087964594,-0.26816985,-0.23518312
1457127322530,-0.003970624,-0.52931476,-0.27122417
1457127322541,-0.05131268,-0.43799037,-0.32345316
1457127322563,-0.013133603,-0.42852196,-0.35796702
1457127322563,0.06658431,-0.5342017,-0.40500367
1457127322568,0.13775012,-0.5858198,-0.43279803
1457127322586,0.21991149,-0.593761,-0.40439278
1457127322589,0.32406402,-0.6160576,-0.37995818
1457127322599,0.45540005,-0.61636305,-0.4364632
1457127322609,0.5687156,-0.61086524,-0.5702427
1457127322630,0.65393126,-0.7147123,-0.74036866
1457127322630,0.7974846,-0.93370754,-0.88025683
1457127322640,0.9984592,-1.1988231,-0.9071349
1457127322650,1.1050552,-1.3014483,-0.8854492
1457127322660,1.3448198,-1.1936307,-0.82894415
1457127322669,1.6249015,-0.6942484,-0.7654142
1457127322682,1.8646661,-0.20189096,-0.6994407
1457127322688,1.9963076,0.17623462,-0.589485
1457127322699,1.9144517,0.6270532,-0.34208453
1457127322709,1.7033978,1.0680978,-0.02076942
1457127322719,1.4569136,1.6184875,0.33567044
1457127322728,1.0451905,2.1468859,0.66798115
1457127322741,0.57787853,2.2250767,0.7690793
1457127322748,0.3933972,1.9602666,0.52320606
1457127322761,0.50701815,1.6914859,0.11636983
1457127322768,0.5699373,1.462106,-0.03604105
1457127322779,0.41783184,1.2263119,0.22999077
1457127322788,0.28893927,1.151481,0.54244834
1457127322808,0.29718593,1.3729197,0.6533204
1457127322808,0.38515055,1.4627168,0.86376345
1457127322819,0.52687126,1.2962561,0.9975429
1457127322829,0.8155051,0.7076874,0.87689704
1457127322839,1.1695015,0.12034045,0.47952923
1457127322852,1.2574661,-0.20280726,0.15760323
1457127322864,0.9954049,-0.42058071,0.1554652
1457127322872,0.6310238,-0.42119157,0.20647246
1457127322883,0.4279111,-0.1695151,0.07971791
1457127322891,0.45662177,-0.076358154,-0.12950343
1457127322906,0.5329799,-0.21074851,-0.28863382
1457127322915,0.5290093,-0.43127087,-0.44135013
1457127322927,0.3726278,-0.6001751,-0.5766568
1457127322929,0.12644911,-0.54061574,-0.6261369
1457127322941,0.06688975,-0.2519819,-0.6765333
1457127322949,0.10293079,-0.051923547,-0.7611381
1457127322961,0.1301143,-0.07727446,-1.0299188
1457127322977,0.042760566,-0.27580565,-1.2345587
1457127322984,-0.12950343,-0.3820962,-1.2776246
1457127322989,-0.31581733,-0.172264,-1.2528846
1457127323004,-0.5177083,0.14752395,-1.1982121
1457127323009,-0.74006325,0.27458394,-1.1575897
1457127323019,-0.9651671,0.24007004,-1.144456
1457127323029,-1.1979067,0.06261369,-1.0910053
1457127323043,-1.4825699,-0.19150625,-1.0005972
1457127323049,-1.6099354,-0.21930063,-1.0070114
1457127323060,-1.5308284,0.018936822,-1.0842859
1457127323082,-1.3393221,0.24831672,-1.149343
1457127323082,-1.1047498,0.48563787,-1.1728612
1457127323089,-0.79045963,0.72234815,-1.1798862
1457127323104,-0.602924,0.77304995,-1.0827587
1457127323113,-0.35002577,0.74372846,-0.94897914
1457127323127,-0.38759398,0.72356987,-0.57787853
1457127323131,-0.47952923,0.83199847,-0.23365596
1457127323142,-0.37568212,1.0201449,0.04428773
1457127323153,-0.20922135,1.1734722,0.21105394
1457127323169,-0.087964594,1.2229522,0.20097467
1457127323169,-0.0067195175,1.2660183,0.11881329
1457127323184,0.005192355,1.3249667,0.058337633
1457127323192,-0.01038471,1.3164146,0.02321288
1457127323204,0.064446285,1.2006557,0.02565634
1457127323213,0.28955013,0.9569204,0.15851954
1457127323226,0.61300325,0.7089091,0.31795537
1457127323230,0.8210029,0.3484986,0.27977628
1457127323242,0.7156286,-0.03573562,0.08399397
1457127323255,0.61300325,0.01740966,-0.15668693
1457127323261,0.42394048,0.4111123,-0.25442538
1457127323270,0.23701571,0.66156703,-0.38881573
1457127323284,0.17256944,1.024421,-0.5131268
1457127323290,0.21777347,0.999681,-0.59620446
1457127323318,0.2864958,0.7641924,-0.59223384
1457127323320,0.45204028,0.6960809,-0.5561928
1457127323321,0.7703011,0.9645562,-0.61727935
1457127323331,1.185384,1.3301591,-0.77579886
1457127323348,1.520749,1.6316211,-0.9761627
1457127323350,1.7687603,1.8823812,-1.2220359
1457127323360,1.9895881,2.1025982,-1.4388931
1457127323371,2.0210476,2.201253,-1.6530013
1457127323388,1.8600847,2.1526892,-1.9101756
1457127323389,1.6267341,2.010663,-2.1862867
1457127323402,1.4333953,1.7684549,-2.4492643
1457127323414,1.3820826,1.3946054,-2.572659
1457127323424,1.3677273,1.1896601,-2.8108964
1457127323429,1.378112,0.87964594,-3.0085113
1457127323440,1.3017539,0.79412484,-3.1202996
1457127323451,1.1108584,0.9049969,-3.1902437
1457127323462,0.8689558,1.1093313,-3.26874
1457127323469,0.64751714,1.353372,-3.3399057
1457127323482,0.5195409,1.5464053,-3.424816
1457127323489,0.47342056,1.611768,-3.5833356
1457127323506,0.3839288,1.6307048,-3.8066068
1457127323509,0.17989981,1.6673567,-4.0689735
1457127323529,-0.06078109,1.6997325,-4.335616
1457127323530,-0.22082779,1.7553213,-4.5384235
1457127323542,-0.21746802,1.8826867,-4.656015
1457127323552,-0.087659165,2.1053472,-4.719239
1457127323563,-0.009162978,2.4055874,-4.7403145
1457127323574,0.12339478,2.5668557,-4.808426
1457127323586,0.21227567,2.853657,-4.9648075
1457127323591,0.32406402,3.0491338,-5.116913
1457127323603,0.49174652,3.1651983,-5.1349335
1457127323611,0.66737026,3.2849278,-5.027421
1457127323625,0.8188649,3.424816,-4.8435507
1457127323633,0.8894198,3.4914002,-4.615698
1457127323645,0.872621,3.5081992,-4.382958
1457127323652,0.82711154,3.4895678,-4.1422772
1457127323667,0.7901542,3.361286,-3.9199224
1457127323671,0.7516697,3.1398473,-3.755905
1457127323686,0.6637051,2.9055805,-3.658472
1457127323694,0.47219884,2.7259862,-3.610519
1457127323712,0.21319197,2.6096163,-3.5460727
1457127323713,0.09315695,2.4972172,-3.3673947
1457127323725,-0.062308256,2.4394903,-3.2149837
1457127323734,-0.092240654,2.371379,-2.8298333
1457127323744,-0.0720821,2.460565,-2.4584272
1457127323753,-0.08399397,2.7189612,-2.1884248
1457127323768,-0.0842994,2.9400945,-2.055867
1457127323770,0.007941248,2.9565878,-2.068695
1457127323782,0.19150625,2.842356,-2.1743748
1457127323791,0.40530908,2.7550023,-2.3445008
1457127323800,0.61819565,2.7580566,-2.554333
1457127323810,0.7910705,2.810591,-2.7449229
1457127323823,0.872621,2.823419,-2.8273897
1457127323830,0.8191703,2.810591,-2.6939158
1457127323842,0.73364913,2.7553077,-2.4831672
1457127323850,0.64873886,2.8426614,-2.2605069
1457127323861,0.54367006,3.0088167,-1.9495764
1457127323876,0.21105394,2.992018,-1.8139644
1457127323888,-0.03726278,2.6902506,-1.6823229
1457127323890,-6.1086525E-4,2.248595,-1.6960673
1457127323904,0.2782491,1.9679024,-1.7825048
1457127323914,0.65301496,1.8842138,-1.8787161
1457127323924,0.9663888,1.8860464,-1.9092593
1457127323934,1.2205088,1.9947804,-1.8377881
1457127323946,1.4886786,2.4697282,-1.715615
1457127323951,1.6975945,3.1908545,-1.604743
1457127323965,1.6190983,3.642284,-1.5421293
1457127323973,1.0299188,3.2360587,-1.4688255
1457127323985,0.1966986,1.5546521,-1.2757921
1457127323993,-0.2510656,-0.42730024,-1.072374
1457127324008,-0.32467487,-0.97066486,-1.0106765
1457127324010,-0.31856623,-0.25350907,-1.001819
1457127324027,-0.30787608,0.17531833,-0.9828822
1457127324031,-0.29718593,0.6221663,-0.9062186
1457127324046,-0.26297748,0.40653083,-0.8078693
1457127324051,-0.19547687,-0.10903945,-0.745561
1457127324067,-0.10720685,-0.59406644,-0.7122689
1457127324092,-0.038789943,-0.9117164,-0.67256266
1457127324093,-0.0290161,-1.0140363,-0.63132924
1457127324094,-0.106595986,-0.9379836,-0.63438356
1457127324102,-0.24953845,-0.7293731,-0.65668017
1457127324111,-0.38912117,-0.42577308,-0.6010914
1457127324125,-0.48197266,-0.03481932,-0.45020768
1457127324132,-0.48563787,0.40042216,-0.2706133
1457127324143,-0.31673363,0.70280045,-0.07880162
1457127324150,0.07788532,0.65148777,0.10873401
1457127324161,0.6206391,0.30665436,0.23518312
1457127324170,0.8961393,-0.06352998,0.27000242
1457127324183,1.3439035,-0.19181168,0.29993483
1457127324190,1.5635096,-0.23640485,0.3042109
1457127324202,1.46852,0.030543262,0.24984388
1457127324210,1.0512991,0.40469822,0.12064589
1457127324221,0.453262,0.7089091,-0.0421497
1457127324230,-0.1328632,0.9773844,-0.22724187
1457127324246,-0.54458636,1.1414018,-0.43982297
1457127324250,-0.7287622,1.1942415,-0.6200282
1457127324265,-0.75869465,1.3109168,-0.6789767
1457127324271,-0.6792821,1.5216653,-0.6337727
1457127324282,-0.4972443,1.7287487,-0.5671884
1457127324291,-0.23732115,1.8038851,-0.5381723
1457127324305,0.046731193,1.63437,-0.537256
1457127324311,0.29932398,1.2745703,-0.54153204
1457127324322,0.40103304,0.86193085,-0.54000485
1457127324331,0.5360342,0.67103547,-0.5140431
1457127324342,0.5519168,0.40286562,-0.47403142
1457127324351,0.44959682,0.30573806,-0.4578435
1457127324365,0.31123585,0.3042109,-0.4529566
1457127324374,0.23854288,0.3042109,-0.42821655
1457127324387,0.2648101,0.2855795,-0.37232238
1457127324392,0.3472769,0.3100141,-0.29260445
1457127324406,0.41691554,0.3817908,-0.19456059
1457127324412,0.41416663,0.47128254,-0.089186326
1457127324429,0.38820487,0.5131268,-0.0012217305
1457127324431,0.40591997,0.47342056,0.065973446
1457127324446,0.46792278,0.4034765,0.1282817
1457127324455,0.5491679,0.3408628,0.20433442
1457127324474,0.58551437,0.34330627,0.26816985
1457127324474,0.5653558,0.44593164,0.2770274
1457127324486,0.46181414,0.5296202,0.21502456
1457127324492,0.32498032,0.6411031,0.07238753
1457127324501,0.19333886,0.50976706,-0.0018325958
1457127324510,0.14508049,0.3387248,0.08032878
1457127324521,0.12736541,0.3662137,0.22143865
1457127324530,0.04795292,0.42088616,0.32986724
1457127324549,-0.07147124,0.3912592,0.3707952
1457127324553,-0.15057829,0.3268129,0.33322698
