1457127304133,-1.9027919,4.337096,8.470087
1457127304143,-1.9261353,4.337695,8.02716
1457127304143,-2.166154,4.559757,7.81647
1457127304153,-2.333748,4.83928,7.8769236
1457127304161,-2.460641,5.073313,8.278551
1457127304171,-2.4211364,5.108628,8.938752
1457127304183,-2.2373815,4.9284644,9.132084
1457127304190,-1.8447324,4.8680105,9.256582
1457127304203,-1.0486604,5.246893,9.766547
1457127304211,-0.23523031,5.191228,9.455301
1457127304221,0.33039984,4.8602295,8.834005
1457127304231,0.39444473,4.7937903,7.9732904
1457127304245,-0.1592144,4.5382094,7.914034
1457127304251,-1.003769,4.398747,7.8966756
1457127304261,-1.6352397,4.5537715,8.469488
1457127304271,-1.9632454,4.69084,8.779537
1457127304281,-1.8926164,4.735731,8.222287
1457127304291,-1.6418238,4.941034,7.0610995
1457127304303,-1.3239936,5.3474493,6.054936
1457127304311,-0.9223662,5.8813562,5.710171
1457127304321,-0.54408234,6.3045316,5.9759274
1457127304331,-0.5434838,6.271611,6.5128274
1457127304342,-0.94810385,5.891532,7.0449386
1457127304351,-1.5245079,5.275025,7.776367
1457127304364,-2.2068555,4.601057,8.881291
1457127304371,-2.6264393,4.0521865,9.850345
1457127304384,-2.6617537,3.5930982,9.377489
1457127304394,-2.7102363,3.5673606,8.208521
1457127304402,-2.6970682,2.593519,7.9750857
1457127304412,-3.277662,1.7160441,7.890092
1457127304427,-2.7832594,2.8844144,8.20433
1457127304431,-2.0081367,4.2658687,8.794501
1457127304445,-1.388637,4.647744,8.818443
1457127304451,-1.0498575,4.301183,8.414422
1457127304462,-0.8415619,4.0222588,8.039131
1457127304471,-0.6386533,3.900753,7.887099
1457127304483,-0.4417302,3.572149,8.18398
1457127304492,-0.20051439,3.0472202,9.002198
1457127304502,0.02813187,2.532467,10.037092
1457127304511,-0.08619126,1.650802,11.154586
1457127304522,-0.5835867,0.3250129,11.880029
1457127304531,-0.57999533,-0.10055647,10.474034
1457127304548,-0.59136784,0.40043023,8.752603
1457127304551,-0.35913026,1.073201,8.582016
1457127304571,0.6206968,1.1534066,7.9188223
1457127304572,1.4999673,0.50158525,7.394492
1457127304587,1.8315643,-0.3681085,7.3867106
1457127304593,1.543063,-1.5801731,7.8068933
1457127304606,1.1731589,-3.2800562,8.628104
1457127304611,1.0971429,-5.145738,8.608951
1457127304622,1.2707225,-6.420052,8.212111
1457127304631,2.0518308,-6.5403605,7.5333557
1457127304642,3.9228995,-5.0020857,4.894945
1457127304651,5.632958,-2.232593,0.84694886
1457127304664,6.8372416,-1.2036849,-1.2054806
1457127304671,7.567473,-2.5863364,0.8451532
1457127304682,7.65965,-4.6022544,3.311181
1457127304691,7.4190326,-5.8885393,4.674679
1457127304702,7.9116397,-6.297349,5.3438582
1457127304711,8.406641,-5.7538652,5.307347
1457127304724,9.281123,-4.289212,5.3642087
1457127304731,10.095152,-3.2112231,4.4777555
1457127304743,10.663176,-2.8431146,2.5498247
1457127304751,11.269507,-2.4558525,0.9540894
1457127304762,12.310387,-1.8800468,0.748188
1457127304771,13.193249,-1.8782512,1.7735049
1457127304786,14.101848,-2.445677,3.6296098
1457127304791,14.607024,-2.6449943,6.42903
1457127304802,15.534778,-1.7621324,7.6243353
1457127304811,16.74026,0.15562311,7.4363904
1457127304822,16.8462,0.6799533,4.836886
1457127304831,15.91366,0.9959879,2.1960814
1457127304844,16.017807,1.5987282,-0.48123455
1457127304851,15.849615,1.7902644,-2.961029
1457127304862,15.746066,2.0488381,-3.4955344
1457127304872,15.099631,1.9387048,-3.0280666
1457127304883,14.871584,0.7918822,-1.584363
1457127304892,15.741278,-0.20470424,1.0534488
1457127304905,15.869966,-0.39145198,2.9269116
1457127304912,16.347609,-1.0265139,4.380192
1457127304928,15.231313,-2.5725696,4.4717703
1457127304946,18.00679,-1.3922282,3.8001966
1457127304947,17.76797,-0.7038953,3.5775359
1457127305024,14.681245,-4.238934,2.3014264
1457127305025,12.974179,-6.8947024,2.967613
1457127305025,11.579556,-7.937377,2.8748376
1457127305025,7.873931,-8.531139,-7.0593038
1457127305026,12.753913,-7.245453,-3.5230677
1457127305026,12.787432,-6.4344172,3.9055414
1457127305026,9.307459,-10.231621,3.5230677
1457127305026,5.1140146,-11.774085,-1.9734207
1457127305041,4.410718,-10.685921,-2.44448
1457127305047,3.843891,-9.458294,-1.6813282
1457127305051,4.972757,-9.629479,-2.148796
1457127305062,4.9224787,-7.6051817,-2.469619
1457127305072,5.9244523,-5.8933277,-2.3517046
1457127305084,5.7508726,-6.803124,-2.2337902
1457127305091,3.7259765,-7.606379,-2.0590134
1457127305104,3.0867245,-8.359954,-1.0923545
1457127305111,3.518878,-8.934562,-1.3323733
1457127305124,3.4243069,-10.317214,-2.0883424
1457127305132,2.8993783,-11.863868,-1.5520413
1457127305147,3.321955,-11.112088,-0.47165772
1457127305152,3.6762967,-10.041282,0.46686932
1457127305163,3.9468415,-9.665392,1.7908629
1457127305172,4.413711,-9.701305,3.0424318
1457127305183,5.603629,-9.892242,2.8353333
1457127305192,7.3083005,-10.303447,1.0600328
1457127305205,7.9768815,-10.000581,-0.3321955
1457127305212,8.001422,-9.048286,-0.8619126
1457127305223,6.1117983,-8.124125,-1.3904326
1457127305232,6.066907,-9.665392,-0.74878657
1457127305243,5.3755813,-10.508151,0.074220255
1457127305252,4.2940006,-9.574412,0.3866636
1457127305265,4.2784386,-8.589199,0.5506664
1457127305272,3.2908301,-8.149862,0.32441434
1457127305284,2.1619642,-7.6590514,0.23642741
1457127305292,0.6865373,-6.82946,-0.27712885
1457127305303,0.032920275,-5.4803276,-1.7316064
1457127305312,0.6386533,-4.252701,-3.8522706
1457127305327,0.040102877,-4.8141413,-4.429273
1457127305332,-1.2300211,-6.1979895,-2.6641479
1457127305343,0.46806642,-1.4239515,-0.17357962
1457127305352,1.3838485,0.7278373,-0.6087258
1457127305362,1.3108255,0.42556936,-1.3724761
1457127305372,1.2617443,-0.30107087,-0.84575176
1457127305384,1.4616601,-1.3329718,0.6823475
1457127305392,1.7441759,-2.5013423,2.3582888
1457127305403,1.3922282,-4.009091,2.1972785
1457127305412,-0.89662856,-7.4950485,1.447295
1457127305423,-1.79206,-12.370241,1.2868834
1457127305432,-2.0805612,-12.325351,1.2623428
1457127305445,1.3281834,-14.43943,5.9585695
1457127305452,-2.2577322,-19.608511,-2.9029696
1457127305464,8.135497,-19.608511,-2.5181017
1457127305472,8.889072,-19.608511,5.629367
1457127305484,-0.34955344,-11.134235,-5.056554
1457127305492,-8.479065,-0.75118077,0.22385786
1457127305507,-5.4312468,-6.9886746,1.395221
1457127305512,-0.11312603,-9.312247,2.1404164
1457127305523,0.57879823,-10.050261,1.9321208
1457127305532,0.5907693,-10.400413,2.1152773
1457127305547,0.47046062,-11.146206,2.5025394
1457127305553,-0.41000703,-11.976396,2.1481974
1457127305565,-1.2294226,-12.472593,1.5825673
1457127305573,-1.7136499,-12.995727,0.5033809
1457127305583,-1.0971429,-13.089101,-0.7344214
1457127305593,-0.038307227,-13.183073,-1.2779051
1457127305603,0.97144735,-13.654132,-1.1869255
1457127305612,1.6717514,-13.830705,-1.0528502
1457127305628,1.7256209,-13.561357,-1.0881647
1457127305640,1.2264298,-12.710816,-1.228824
1457127305646,0.3633201,-11.360487,-0.9923966
1457127305656,-0.35434186,-10.117896,-2.191293
1457127305665,-1.0019734,-9.007586,-2.2948422
1457127305674,-1.4682442,-8.160637,-1.5131354
1457127305688,-1.8830396,-7.5866265,-0.55844754
1457127305694,-1.9081788,-7.100005,0.17118542
1457127305706,-1.8956091,-6.704962,0.4950012
1457127305715,-1.9321208,-6.2746043,0.4878186
1457127305725,-2.0512323,-6.2781954,0.41599256
1457127305735,-2.2331917,-6.089652,0.45190558
1457127305747,-2.2583308,-5.755661,1.1833342
1457127305754,-2.5737667,-5.683236,2.1021092
1457127305766,-2.7072437,-6.4487824,2.5001452
1457127305774,-2.565387,-8.06008,2.5306711
1457127305786,-2.3666685,-10.058042,2.4079683
1457127305795,-1.536479,-11.931504,1.762731
1457127305809,-0.85173726,-14.113819,1.0522517
1457127305813,-0.31124622,-16.25663,-0.0047884034
1457127305829,0.29807812,-17.70153,-1.4449008
1457127305834,1.0594343,-18.232445,-2.6850972
1457127305845,1.1911154,-18.353352,-3.1663318
1457127305854,0.5710171,-17.98225,-3.7870286
1457127305870,-0.7422025,-16.95454,-4.034828
1457127305874,-1.6358383,-14.904504,-3.8115692
1457127305885,-2.5007436,-13.098678,-3.1483753
1457127305894,-2.9777884,-11.872248,-2.4492683
1457127305904,-3.3267434,-11.078569,-2.0189106
1457127305913,-3.6194344,-10.427347,-2.3840263
1457127305929,-3.788824,-10.010756,-2.5133133
1457127305933,-3.6649241,-9.412804,-2.3139958
1457127305946,-3.46022,-8.658031,-1.8992004
1457127305956,-2.938284,-7.717709,-1.0324994
1457127305967,-2.1721394,-6.7851677,-0.2861071
1457127305974,-1.7944542,-6.0507464,0.2837129
1457127305986,-1.6364368,-5.524022,0.7158663
1457127305995,-1.2515689,-5.1846437,0.99060094
1457127306007,-0.47105917,-4.7201686,0.9504981
1457127306015,0.6715736,-4.2197804,0.57760113
1457127306068,1.690905,-3.8241386,0.2621651
1457127306068,2.130241,-3.430891,-0.10295067
1457127306069,2.3630772,-2.653374,-0.54049104
1457127306076,2.3786395,-1.7872716,-0.65242
1457127306076,2.3702598,-0.85054016,-0.52612585
1457127306076,2.106299,-0.25019407,-0.05626374
1457127306102,1.5819688,-0.4297592,-0.25677812
1457127306107,0.9576807,-2.4756045,-0.39803603
1457127306107,0.20530279,-5.659294,1.3694834
1457127306130,-0.38486794,-9.309255,2.6132712
1457127306131,-0.7529764,-14.366407,3.82773
1457127306132,-0.55485624,-19.261353,4.9176903
1457127306151,-1.9315223,-19.608511,4.601057
1457127306153,-3.1495724,-19.608511,3.855862
1457127306166,-2.618658,-19.608511,1.6699557
1457127306173,-1.5544355,-19.588161,1.7567455
1457127306185,-0.8523358,-18.466478,1.8507179
1457127306192,-0.9307459,-17.123331,1.8896236
1457127306204,-0.9600749,-17.122732,1.8351556
1457127306213,-0.7613561,-17.651253,1.423353
1457127306227,-0.6488287,-18.091785,0.5315128
1457127306233,-0.9367314,-17.739239,-0.7146692
1457127306244,-1.7657237,-16.523582,-2.3199813
1457127306253,-2.6833014,-14.727932,-3.719991
1457127306263,-3.1932666,-12.060192,-4.161721
1457127306272,-3.329736,-9.7240505,-5.16549
1457127306285,-3.4638114,-8.193557,-6.3739634
1457127306292,-3.3955765,-6.2554507,-6.5846534
1457127306303,-3.0119057,-4.44723,-5.605425
1457127306312,-2.56419,-3.4991257,-4.413711
1457127306323,-2.1188686,-2.9317,-3.0184898
1457127306332,-1.5693992,-2.2583308,-1.4514848
1457127306345,-1.0767922,-1.608305,-0.25917232
1457127306353,-0.7086837,-1.0528502,0.5781997
1457127306365,-0.55485624,-0.74399817,1.4736311
1457127306373,-0.108936176,-1.4909891,2.1906946
1457127306383,-0.30885202,-2.2655134,2.1865046
1457127306393,-1.3377602,-2.5899277,2.4025815
1457127306408,-2.034473,-4.6537294,3.3500867
1457127306413,-3.2106245,-8.880095,5.793968
1457127306424,-3.9791632,-13.718177,7.297527
1457127306433,-4.214992,-17.859547,6.8581905
1457127306444,-5.2277393,-18.188152,4.9907136
1457127306454,-6.510433,-15.526398,2.9879637
1457127306466,-7.2071457,-14.777612,1.7459716
1457127306473,-6.8091097,-15.054142,0.52492875
1457127306484,-5.959168,-15.160684,-2.0069396
1457127306493,-5.0320134,-15.227721,-5.027225
1457127306506,-3.5541923,-15.847819,-7.571663
1457127306513,-2.3187842,-16.115372,-6.6923923
1457127306526,-1.3018472,-15.391126,-5.877765
1457127306533,-1.0947487,-13.497313,-4.370615
1457127306550,-0.7332243,-11.508329,-3.0352492
1457127306555,-0.6536171,-10.267534,-1.292869
1457127306564,-0.37828386,-10.177752,0.8391677
1457127306574,-0.37828386,-9.988609,1.0642227
1457127306599,0.54887074,-9.011775,0.6338649
1457127306600,0.87807345,-7.695563,0.8487445
1457127306606,1.3174095,-6.8947024,0.6464345
1457127306614,1.4041992,-5.547365,-0.014963761
1457127306624,1.8872294,-3.8899791,-0.05566519
1457127306634,2.3421278,-2.4211364,0.22266077
1457127306646,2.5965118,-1.6490064,0.3705027
1457127306654,2.1948843,-1.1917139,0.54527944
1457127306664,1.8459295,-0.6925228,-0.47285482
1457127306673,1.5717934,-1.0684125,-1.8130093
1457127306684,1.0031705,-1.4616601,-2.5049336
1457127306694,0.66618663,-1.7220296,-2.3080103
1457127306706,0.3309984,-2.7407625,-1.472434
1457127306714,0.27593175,-5.039196,-0.14903906
1457127306726,0.516549,-7.6255326,2.0841527
1457127306734,0.24001873,-10.853515,2.996942
1457127306744,-1.127669,-15.983092,2.8215668
1457127306754,-3.376423,-19.50975,4.095282
1457127306768,-4.080917,-19.31163,3.6733038
1457127306774,-3.828927,-16.897676,1.8207904
1457127306784,-2.915539,-15.808315,1.9949685
1457127306794,-2.3834279,-16.086641,2.7257986
1457127306808,-2.0087352,-16.387712,3.525462
1457127306814,-1.4987702,-15.389929,3.8061821
1457127306826,-1.2138603,-15.105618,3.681085
1457127306834,-0.55246204,-15.212758,3.232771
1457127306845,0.11791443,-15.747862,2.682703
1457127306854,0.16759412,-16.196775,2.178125
1457127306865,-0.1933318,-15.928025,1.1540052
1457127306874,-0.97144735,-15.463551,-0.5979519
1457127306886,-1.1246762,-14.61301,-2.7868507
1457127306914,-1.4454993,-13.958196,-4.687847
1457127306914,-1.602918,-12.269685,-4.5459905
1457127306915,-1.9991584,-10.887033,-7.2424603
1457127306924,-2.585738,-9.503783,-8.608951
1457127306933,-3.0053217,-7.5321584,-8.074445
1457127306949,-2.8766334,-5.7365074,-6.991069
1457127306954,-2.2523453,-4.8620253,-5.920861
1457127306966,-1.5688007,-4.0294414,-4.507085
1457127306975,-1.0199299,-3.1352072,-2.8078
1457127306984,-0.6548142,-2.107496,-1.204882
1457127306996,-0.2693477,-1.2258313,0.046686932
1457127307007,0.017956512,-0.94930094,1.2449849
1457127307013,0.16879122,-1.4903905,2.2523453
1457127307025,-0.11252748,-2.9897594,2.6767175
1457127307034,-1.3395559,-4.830302,2.4349031
1457127307044,-2.5258827,-7.492056,2.866458
1457127307054,-3.781043,-11.632229,4.4059296
1457127307068,-4.3598413,-15.805323,4.8338933
1457127307075,-4.8560395,-17.975067,4.0479965
1457127307088,-6.4104753,-16.869545,2.3523033
1457127307096,-7.7584105,-15.7987385,0.8295909
1457127307113,-7.778163,-15.666459,-0.5351041
1457127307120,-6.395511,-15.709555,-1.9710265
1457127307133,-4.681263,-15.165472,-4.1276035
1457127307147,-4.1138372,-14.965556,-5.751471
1457127307149,-3.4213142,-15.14991,-6.4619503
1457127307157,-2.724003,-14.394539,-5.927445
1457127307164,-2.0219033,-13.048998,-4.574721
1457127307173,-1.54845,-11.745355,-3.911527
1457127307188,-1.0857705,-10.919355,-2.730587
1457127307196,-0.943914,-10.76493,-1.134253
1457127307204,-0.76315176,-10.259154,-0.0035913025
1457127307230,-0.712275,-9.431359,0.50397944
1457127307231,-0.66858083,-8.324639,0.81642276
1457127307234,-0.4201824,-6.8144965,1.043872
1457127307249,0.3250129,-5.368997,1.3682863
1457127307254,1.1851299,-4.7979803,1.4191631
1457127307266,1.8357542,-3.8576574,0.9983821
1457127307274,2.6683378,-2.7036524,0.86251116
1457127307284,3.2118216,-1.7328035,1.0360907
1457127307294,3.6541502,-1.3000516,0.6206968
1457127307308,3.5805287,-1.168969,0.6063316
1457127307314,2.930503,-0.7092823,0.35434186
1457127307324,2.4558525,-0.717662,-1.7429788
1457127307334,2.1170728,-1.8980033,-3.2932243
1457127307345,1.2503718,-3.8983588,-3.2549171
1457127307354,0.12449849,-6.5750766,-1.869273
1457127307366,-0.65182143,-10.679337,0.2777274
1457127307374,-1.1306617,-16.502035,2.8700492
1457127307384,-0.82899237,-19.608511,5.575497
1457127307394,-1.3611037,-18.63886,4.3915644
1457127307405,-2.717419,-16.82645,2.9322984
1457127307414,-0.90500826,-16.874931,0.45429978
1457127307431,1.0223241,-17.73864,1.8860323
1457127307437,2.2068555,-19.27512,2.8209682
1457127307446,2.6300306,-19.558832,3.4278982
1457127307467,1.6903064,-17.595587,3.532046
1457127307468,0.57041854,-15.524602,3.0268695
1457127307474,-0.10534488,-15.075689,2.0272903
1457127307488,-0.8619126,-15.505448,0.7493851
1457127307501,-1.8034325,-15.887324,-0.50637364
1457127307518,-3.0071173,-15.342643,-1.9698294
1457127307519,-4.1503487,-14.017452,-3.1932666
1457127307524,-4.8919525,-12.41633,-3.9145198
1457127307534,-5.843648,-10.69849,-5.0002904
1457127307547,-6.3248825,-8.376115,-6.0130377
1457127307554,-5.710171,-6.3003416,-6.027403
1457127307564,-4.435259,-4.6375685,-4.3167458
1457127307574,-3.4943373,-3.4871547,-3.4344823
1457127307585,-2.722806,-2.6839,-2.8927941
1457127307596,-2.3175871,-2.0859482,-2.12246
1457127307607,-1.9919758,-1.3156139,-1.2898762
1457127307614,-1.6178818,-0.5638345,-0.3321955
1457127307626,-1.021127,-0.26036942,0.700304
1457127307634,-0.3812766,-0.22026655,1.8752584
1457127307645,-0.049679685,-1.6747441,3.117849
1457127307654,-1.091756,-3.86484,3.3147724
1457127307669,-2.8592753,-7.8667483,4.187459
1457127307674,-4.465186,-14.003686,6.570288
1457127307685,-5.5539494,-19.285295,6.613384
1457127307694,-6.719327,-19.608511,4.7764325
1457127307705,-7.9445596,-19.417574,1.7633295
1457127307714,-8.664616,-17.034147,-0.8595184
1457127307727,-8.407838,-15.124771,-2.4366987
1457127307734,-6.5385647,-13.848661,-3.614646
1457127307753,-4.743512,-13.687053,-5.2875943
1457127307755,-3.4219127,-14.001291,-6.290765
1457127307765,-2.112883,-13.655928,-6.469133
1457127307774,-0.729633,-12.315175,-5.671265
1457127307787,0.59017074,-10.58716,-4.696825
1457127307795,0.95588505,-9.611523,-0.8463503
1457127307810,1.2946646,-8.969876,1.3443443
1457127307814,1.6340426,-8.931569,3.0466216
1457127307825,1.6484078,-8.00621,2.9981391
1457127307834,1.6250644,-6.345233,2.8341362
1457127307849,1.3611037,-4.9164934,2.906561
1457127307854,1.7304093,-3.6966474,1.9309237
1457127307865,2.815581,-3.389591,0.55006784
1457127307874,3.7247794,-2.9352913,2.767697
1457127307885,3.6415808,-1.9985598,2.3307555
1457127307894,2.7994204,-1.496376,0.88405895
1457127307909,2.372654,-1.2395979,-0.5770026
1457127307914,2.0620062,-1.2808979,-1.939902
1457127307925,2.1027076,-2.0979192,-3.1244333
1457127307934,1.5532384,-3.6361938,-3.5853171
1457127307945,0.3238158,-4.9781437,-2.6198552
1457127307954,-0.9498995,-7.2191167,-2.1110873
1457127307967,-1.8674773,-11.383232,0.2184709
1457127307974,-2.0925324,-16.352997,3.7421372
1457127307986,-2.1206641,-19.558832,4.5040917
1457127307995,-3.7223852,-19.608511,5.6120086
1457127308005,-2.6342204,-19.50616,3.080739
1457127308015,-0.8882488,-18.294693,0.9056068
1457127308037,0.9044097,-17.485453,1.7525556
1457127308038,1.8842367,-18.60175,2.5492263
1457127308065,2.0362685,-18.72984,3.3279405
1457127308066,0.93732995,-17.088017,3.2010477
1457127308067,0.12090719,-15.613787,2.3894134
1457127308091,-0.08379706,-15.256452,1.1905168
1457127308092,-0.45729253,-15.754446,0.18555063
1457127308097,-1.1426327,-16.086641,-0.7811083
1457127308124,-2.0129251,-15.212758,-2.0763714
1457127308124,-2.7940333,-13.5296335,-3.2154129
1457127308126,-3.4554317,-11.751341,-3.9067385
1457127308142,-4.0587707,-9.950901,-4.2515035
1457127308147,-4.3209357,-8.117541,-4.9643774
1457127308154,-4.056975,-6.3218894,-4.4544125
1457127308166,-3.3722332,-4.7141833,-4.146757
1457127308174,-2.8167782,-3.7666779,-3.503914
1457127308186,-2.5821466,-2.8933928,-2.813187
1457127308195,-2.508525,-2.0123265,-2.1960814
1457127308209,-2.48578,-1.228824,-1.2024878
1457127308219,-2.0488381,-0.5009867,-0.11552023
1457127308225,-1.3018472,-0.45429978,1.0408791
1457127308239,-0.931943,-1.3670892,1.8118122
1457127308246,-1.0636241,-2.1027076,2.3822308
1457127308255,-1.8423382,-3.858256,3.4440591
1457127308267,-3.2052376,-7.249643,4.735132
1457127308275,-4.38917,-11.613075,5.9639564
1457127308285,-5.467758,-15.89331,6.363788
1457127308295,-5.9705405,-18.04031,5.2899885
1457127308305,-6.4541693,-16.95035,2.5785553
1457127308317,-7.417237,-15.673641,-0.107140526
1457127308327,-8.010999,-15.227721,-2.3181858
1457127308335,-7.32506,-15.039178,-3.952827
1457127308351,-5.628768,-15.704766,-5.9902925
1457127308354,-4.3760023,-16.17762,-6.209362
1457127308365,-3.1256304,-15.701774,-6.0423665
1457127308375,-2.3588872,-14.772823,-5.8005524
1457127308389,-1.4873978,-13.025056,-6.168062
1457127308395,-0.59855044,-11.128848,-5.5018754
1457127308405,0.29628247,-9.9233675,-2.2038627
1457127308415,0.7380127,-9.854534,-0.12928689
1457127308425,0.43634325,-9.828796,1.578976
1457127308435,0.2100912,-9.335591,2.441487
1457127308447,-0.060453594,-7.5614877,2.4947581
1457127308455,-0.15801731,-6.1129956,2.7503393
1457127308466,-0.11492168,-5.011064,1.780089
1457127308475,0.25079262,-3.8612487,1.6041151
1457127308486,1.4784195,-2.9137435,1.6597804
1457127308495,2.5288756,-2.681506,1.4347254
1457127308508,3.1962593,-2.4797945,1.8435353
1457127308515,3.7098155,-1.9644425,1.0911574
1457127308527,3.4452562,-1.929128,-0.04309563
1457127308535,2.8802247,-2.0099323,-1.0684125
1457127308546,2.3110032,-2.1865046,-1.7399861
1457127308555,1.7411832,-2.7162218,-1.5454572
1457127308570,0.7230489,-4.437653,-2.4833858
1457127308575,-0.11192893,-6.8970966,-1.4796166
1457127308586,-0.66858083,-10.317214,0.8774749
1457127308600,-0.76434886,-14.3179245,3.4823663
1457127308606,-1.1994951,-18.851944,4.787206
1457127308615,-2.420538,-18.755577,3.8456864
1457127308634,-3.032855,-19.561226,3.882198
1457127308636,-1.501763,-19.608511,1.7848774
1457127308666,0.52133745,-19.608511,2.7269957
1457127308667,1.5646108,-19.608511,2.5725696
1457127308670,1.8100165,-19.29547,2.2517467
1457127308703,1.2066777,-17.56147,1.8596961
1457127308706,0.40641573,-16.38472,1.1695676
1457127308706,0.095768064,-16.220716,0.019752163
1457127308707,-0.8834604,-16.544533,-1.1438298
1457127308715,-1.5885528,-15.862185,-2.4660277
1457127308725,-2.260725,-14.552556,-3.4063504
1457127308735,-3.466804,-12.855666,-3.5805287
1457127308749,-4.6513352,-10.784083,-4.744709
1457127308755,-5.483919,-8.594585,-5.943606
1457127308765,-5.2026005,-6.5445504,-5.9238534
1457127308775,-4.1838675,-4.9338512,-4.8859673
1457127308785,-3.1890767,-3.8420951,-4.047398
1457127308795,-2.3241713,-3.0142999,-3.342904
1457127308807,-1.7896658,-2.2343888,-2.665345
1457127308815,-1.5155296,-1.4203602,-1.8423382
1457127308826,-1.270124,-0.635062,-0.7751228
1457127308835,-1.151611,-0.11372458,0.54049104
1457127308846,-0.51834464,-0.08140286,2.0272903
1457127308855,-0.08678981,-1.258153,2.8449101
1457127308868,-0.56982,-2.348712,2.883816
1457127308875,-1.8986019,-5.199009,3.453636
1457127308887,-3.705027,-9.482236,5.3145294
1457127308895,-5.3504424,-15.017631,6.3260794
1457127308906,-5.8987145,-19.376274,7.398083
1457127308915,-6.6750345,-19.608511,6.457162
1457127308935,-8.45213,-18.761562,3.494936
1457127308936,-9.169792,-16.096218,-5.985504E-4
1457127308950,-9.268554,-15.055938,-2.5408466
1457127308976,-7.3699512,-14.839262,-3.58412
1457127308976,-5.671265,-15.322292,-5.080496
1457127308976,-4.646547,-15.747862,-6.6067996
1457127308990,-3.6349967,-14.909292,-6.8773446
1457127308995,-2.7539306,-12.690466,-6.344036
1457127309006,-1.8237832,-10.754754,-5.443816
1457127309015,-1.18094,-9.681553,-3.8899791
1457127309026,0.075417355,-8.93576,-0.6667852
1457127309035,1.2886791,-8.893262,2.023699
1457127309048,1.2707225,-8.721478,4.159327
1457127309055,1.3682863,-7.6213427,4.1772833
1457127309067,1.3964181,-5.975329,3.1238346
1457127309083,1.2162545,-4.7500963,2.521693
1457127309089,1.5801731,-3.1435869,2.92751
1457127309095,2.7006595,-2.895787,1.6843209
1457127309111,3.9438488,-2.7970262,1.8477252
1457127309121,4.425682,-2.010531,2.529474
1457127309126,3.4811692,-1.7591397,0.31483752
1457127309136,2.7820623,-1.7968484,-1.5676036
1457127309151,2.7365725,-1.7351977,-2.2750902
1457127309157,2.271499,-2.5151088,-2.8173769
1457127309168,0.59136784,-3.0364463,-3.0855274
1457127309175,-0.42676646,-3.9294837,-3.3800142
1457127309186,-1.1605892,-7.275979,-0.25019407
1457127309196,-1.3946224,-12.240954,5.403713
1457127309206,-1.122282,-17.51119,6.389526
1457127309215,-0.9271546,-19.608511,4.361637
1457127309228,-2.5552118,-19.608511,5.667674
1457127309236,-1.3245921,-19.608511,3.293823
1457127309254,0.53809685,-19.608511,2.0775685
1457127309256,2.1392193,-19.608511,2.15957
1457127309266,2.7114334,-19.314026,2.2038627
1457127309278,2.0338743,-16.782755,2.2140381
1457127309290,0.973243,-14.855423,1.4083891
1457127309298,0.11432313,-14.568119,0.029927522
1457127309306,-1.091756,-15.300744,-1.6376339
1457127309315,-2.6072857,-15.165472,-2.8395233
1457127309330,-3.657143,-13.779828,-3.0220811
1457127309335,-4.8201265,-11.992557,-3.2243912
1457127309348,-6.3865333,-9.952697,-5.243302
1457127309356,-6.715736,-8.026561,-6.68102
1457127309366,-5.6724625,-6.2769985,-5.7766104
1457127309375,-4.4167037,-4.747702,-4.2066126
1457127309386,-3.3423057,-3.7780502,-3.2028434
1457127309397,-2.259528,-2.8203697,-2.5264814
1457127309408,-1.6717514,-2.0189106,-1.6585833
1457127309416,-1.3126211,-1.1761516,-0.5895722
1457127309429,-1.0319009,-0.41838676,0.47046062
1457127309435,-0.8110358,0.25797522,1.757344
1457127309447,-0.65660983,0.14065935,2.6647465
1457127309456,-1.0163386,-0.5943606,2.9484594
1457127309471,-1.6514006,-3.2746694,3.863643
1457127309476,-2.4349031,-8.040926,5.227141
1457127309487,-3.7259765,-13.813945,5.903503
1457127309497,-5.2822075,-18.953697,5.8963203
1457127309506,-5.6359506,-19.608511,4.4801497
1457127309516,-6.4218473,-19.608511,1.4544775
1457127309528,-7.0461354,-18.773535,-3.198055
1457127309536,-7.8332295,-15.950171,-5.2385135
1457127309547,-6.493075,-13.974956,-5.059547
1457127309556,-3.9031472,-12.704233,-5.182848
1457127309570,-1.745373,-11.377845,-6.049549
1457127309576,-0.78170687,-11.999141,-7.313089
1457127309588,0.090381116,-12.578537,-6.729502
1457127309596,1.1749545,-12.072164,-3.7295678
1457127309608,0.9044097,-10.770915,-1.1486182
1457127309616,-0.3226187,-9.541492,0.007182605
1457127309626,-1.3892355,-8.1720085,0.587178
1457127309636,-2.1883004,-6.52001,1.38325
1457127309651,-2.2254105,-5.006874,2.2481554
1457127309656,-1.3934253,-4.1892543,2.6844985
1457127309667,-0.22385786,-3.6104562,1.9339164
1457127309676,0.7966706,-3.0813377,1.6334441
1457127309687,2.1176715,-2.3361423,2.2541409
1457127309697,3.3357215,-1.6921021,1.6609775
1457127309709,4.1305966,-1.4341269,1.0971429
1457127309721,4.0162735,-1.8501194,-0.07182605
1457127309732,3.626617,-2.5300727,-1.2360066
1457127309739,2.7724855,-3.305794,-1.6053122
1457127309747,1.0749966,-4.3035774,-1.4407109
1457127309756,-0.093373865,-6.6564794,-1.5693992
1457127309768,-0.99538934,-10.754754,-0.7015011
1457127309776,-2.1990743,-15.674838,0.79367787
1457127309788,-2.5833437,-19.20509,2.5007436
1457127309796,-3.9043443,-19.592352,4.437653
1457127309807,-4.196437,-19.453487,3.537433
1457127309816,-1.4490906,-18.589779,0.18794483
1457127309835,1.0408791,-18.589779,1.2114661
1457127309837,2.6282349,-19.591154,1.596334
1457127309847,3.015497,-19.608511,1.6825253
1457127309856,1.9949685,-18.43655,2.3241713
1457127309867,0.76554596,-15.622166,1.9165585
1457127309877,-0.24301147,-15.002666,0.93254155
1457127309889,-1.2078748,-15.459959,-0.40521863
1457127309900,-2.2852654,-15.592238,-1.5867572
1457127309907,-2.9017725,-14.227544,-2.6479871
1457127309916,-3.6481647,-12.047025,-3.063381
1457127309928,-4.449624,-9.791088,-3.3387144
1457127309936,-4.771045,-7.6255326,-4.7375264
1457127309949,-4.687248,-5.6658783,-5.7095723
1457127309956,-3.7780502,-4.0743327,-5.1487308
1457127309969,-2.5851393,-2.930503,-3.705027
1457127309978,-1.8644845,-2.111686,-2.6240451
1457127309987,-1.4508862,-1.4012065,-1.7968484
1457127309996,-1.0827777,-0.9271546,-0.51834464
1457127310011,-0.58119243,-0.6183026,0.8074445
1457127310016,-0.30166942,-0.40940848,1.5107412
1457127310027,-0.25198972,-0.53570265,2.011728
1457127310036,-0.4357447,-1.5574282,2.420538
1457127310048,-1.2743138,-3.7894228,4.099472
1457127310056,-2.8329391,-7.7069354,5.7299232
1457127310071,-4.597466,-13.423691,6.583456
1457127310076,-5.9962783,-19.073408,8.278551
1457127310087,-7.6943655,-19.608511,7.6949644
1457127310096,-9.394848,-19.608511,3.9600096
1457127310107,-9.431957,-19.507357,-1.0103531
1457127310116,-9.343372,-17.492037,-4.7219644
1457127310132,-7.297527,-14.823101,-6.725911
1457127310147,-5.685032,-13.181277,-7.277775
1457127310152,-4.0653543,-11.326968,-7.0227923
1457127310156,-2.9951463,-10.353725,-7.3765354
1457127310167,-2.0512323,-9.482835,-7.7470384
1457127310183,-0.75716627,-8.706514,-5.2079873
1457127310191,0.35075054,-7.743447,-1.0528502
1457127310196,0.5602432,-8.037335,1.198298
1457127310207,0.47884035,-7.905654,1.9644425
1457127310216,0.6015432,-6.7402763,2.6396074
1457127310227,0.99179804,-5.7640405,3.390788
1457127310236,1.7878702,-4.64116,2.9095535
1457127310249,2.1428106,-3.4865563,2.6629508
1457127310256,2.712032,-2.055422,2.433706
1457127310268,3.1908724,-1.7681179,1.1803415
1457127310276,3.903746,-1.3874398,1.9057846
1457127310287,3.788824,-0.98341835,2.1877017
1457127310296,2.552219,-1.4987702,0.47285482
1457127310309,1.7250223,-2.1110873,-0.7990648
1457127310316,1.1402385,-2.9454668,-1.0259154
1457127310329,0.4782418,-4.583699,-0.8714894
1457127310337,-0.39205053,-7.455544,-0.9780314
1457127310347,-1.3299791,-11.577163,1.1749545
1457127310356,-1.0474633,-15.532384,2.8754363
1457127310371,-0.8535329,-19.233221,3.3854012
1457127310376,-0.7260417,-19.608511,3.6128504
1457127310387,-1.1988965,-19.608511,4.259285
1457127310397,0.24241292,-19.608511,2.4181437
1457127310414,2.3828292,-19.608511,2.078167
1457127310417,3.2004492,-19.608511,3.0107086
1457127310435,2.5863364,-18.917786,3.1334114
1457127310443,1.4287399,-15.600618,2.1942859
1457127310447,0.46686932,-13.557766,0.59017074
1457127310457,-0.52133745,-13.670293,-0.6584055
1457127310467,-2.0009542,-14.933234,-1.4257472
1457127310477,-3.1364043,-14.98052,-2.3068132
1457127310489,-4.546589,-13.463195,-3.4512417
1457127310496,-6.1195793,-11.073781,-4.848857
1457127310510,-7.0006456,-8.594585,-5.7395
1457127310516,-6.477513,-6.2674217,-5.795764
1457127310527,-5.255273,-4.857237,-4.799177
1457127310536,-3.7421372,-3.6774938,-3.7014358
1457127310551,-2.554613,-2.6312277,-2.5516205
1457127310556,-1.9135658,-1.8183962,-1.4131776
1457127310567,-1.4981717,-1.3700819,0.1352724
1457127310576,-1.158195,-1.1677719,1.2300211
1457127310587,-0.88525605,-1.5855601,2.0500352
1457127310596,-0.8451532,-2.5372553,2.9951463
1457127310609,-1.1683705,-3.8337154,3.7361517
1457127310616,-1.1923125,-5.873575,4.0575733
1457127310627,-1.7561469,-9.627684,4.6513352
1457127310636,-3.2507274,-13.828909,4.575918
1457127310647,-5.4300494,-17.301699,3.210026
1457127310657,-7.6770077,-19.55584,2.2709002
1457127310669,-8.955511,-19.608511,1.7160441
1457127310677,-9.783307,-19.585169,-0.88765025
1457127310689,-9.408614,-17.460314,-3.590704
1457127310697,-7.752425,-15.2570505,-3.9797618
1457127310711,-5.662287,-12.678495,-4.373608
1457127310717,-3.1453824,-9.32781,-5.1780596
1457127310731,-1.471237,-7.330447,-6.6564794
1457127310737,-0.15263036,-6.9198413,-6.2195373
1457127310748,1.2611457,-7.2927384,-2.9939492
1457127310760,2.666542,-8.323442,0.8487445
1457127310768,2.6138697,-9.357738,3.2495303
1457127310777,1.9608512,-9.0716305,3.5422213
1457127310790,1.4089876,-7.7051396,2.6964695
1457127310797,0.9648633,-5.3025584,1.8058267
1457127310809,0.56563014,-3.2908301,1.7345991
1457127310817,0.480636,-2.066196,3.2483332
1457127310827,1.2677298,-0.66618663,4.0258503
1457127310837,1.4550761,-0.34835634,1.5245079
1457127310850,1.939902,-0.78050977,0.6865373
1457127310857,3.3039982,-1.1875241,-0.24061728
1457127310869,3.554791,-2.984971,-1.8357542
1457127310877,3.1531637,-5.079299,-2.8574798
1457127310887,1.887828,-7.1951747,-2.4271219
1457127310897,-0.45190558,-10.226832,-1.9363106
1457127310912,-3.196858,-14.112023,-2.268506
1457127310917,-3.554791,-16.830639,-0.61650693
1457127310928,-1.8782512,-17.067665,2.4762032
1457127310937,-0.42676646,-15.766417,5.820903
1457127310948,-0.83258367,-14.342465,4.677073
1457127310958,-0.05207389,-16.114773,3.913921
1457127310977,1.5879543,-19.077599,3.4326868
1457127310980,3.198055,-19.608511,3.5685577
1457127310988,3.5835214,-19.608511,3.0747535
1457127310997,2.6809072,-19.608511,3.5673606
1457127311011,1.893215,-18.307861,3.083732
1457127311017,1.2240356,-15.22832,0.99419224
1457127311030,0.27114335,-14.291589,-0.34356794
1457127311037,-0.7793127,-13.459004,-1.2850877
1457127311049,-2.2026656,-12.115858,-2.144606
1457127311057,-4.2185836,-10.88464,-3.0232782
1457127311068,-5.903503,-8.845378,-4.362834
1457127311077,-6.9467764,-6.417059,-5.142745
1457127311091,-6.693589,-4.3879733,-5.5150437
1457127311097,-5.5407815,-3.0478187,-4.5160627
1457127311109,-4.1359835,-1.91596,-3.2202013
1457127311117,-3.05141,-0.93493575,-2.336741
1457127311128,-2.12246,-0.40222588,-2.0841527
1457127311137,-1.4664485,-0.16938977,-1.751957
1457127311150,-0.9283517,-0.023942016,-0.4985925
1457127311157,-0.19572599,-0.25917232,1.513734
1457127311168,1.0360907,-1.1857284,2.475006
1457127311177,2.3570917,-2.842516,3.3327289
1457127311188,1.7357962,-5.6156,3.8241386
1457127311197,-0.6997054,-9.012972,3.37762
1457127311210,-2.545635,-13.550583,4.7500963
1457127311222,-4.3622355,-18.881872,5.680842
1457127311230,-6.266823,-19.608511,5.6826377
1457127311237,-8.033145,-19.608511,2.1811178
1457127311248,-7.9325886,-19.608511,-2.428319
1457127311257,-9.97185,-19.412786,-3.1004913
1457127311276,-10.548254,-17.657837,-2.2888567
1457127311278,-9.6528225,-14.356232,-2.4893713
1457127311288,-7.8691425,-10.527305,-3.5075054
1457127311300,-5.3899465,-6.539762,-4.6740804
1457127311308,-2.7383683,-4.8823757,-6.4026937
1457127311317,0.29688102,-5.9238534,-4.1024647
1457127311330,1.7154455,-7.5171947,1.54845
1457127311337,1.2617443,-8.640076,3.064578
1457127311348,0.5267244,-8.170812,2.7611132
1457127311357,-0.05566519,-6.421249,2.3810337
1457127311368,-0.5021838,-4.207211,1.2683283
1457127311377,-0.8475474,-2.8335378,1.4508862
1457127311390,0.051475335,-2.2768857,3.4302924
1457127311398,1.411382,-1.887828,2.996942
1457127311411,2.4797945,-2.260725,2.6617537
1457127311418,3.8283286,-2.4582467,2.8808231
1457127311428,5.221754,-2.31639,1.3599066
1457127311438,5.4114943,-2.7473464,0.33039984
1457127311452,4.6657004,-3.292626,-0.31184477
1457127311458,2.166154,-4.2916064,-0.61112
1457127311468,-0.49799395,-6.0327897,-1.270124
1457127311478,-2.0201077,-9.717466,-1.0702082
1457127311489,-2.9652188,-14.208988,0.6087258
1457127311498,-1.5819688,-18.076223,1.1683705
1457127311511,-0.84455466,-19.132664,2.678513
1457127311518,-2.0644004,-17.717093,3.0550013
1457127311530,-1.1109096,-18.686745,2.1655555
1457127311539,0.6925228,-19.566614,1.7435774
1457127311569,2.2415714,-19.608511,2.1003134
1457127311570,3.122039,-19.608511,2.5258827
1457127311572,2.9777884,-19.608511,2.4768016
1457127311581,2.6850972,-19.451094,2.7389667
1457127311591,2.5408466,-16.62354,2.0500352
1457127311600,1.8842367,-14.305355,0.4225766
1457127311609,0.85891986,-14.123995,-0.6404489
1457127311618,-0.15801731,-13.745112,-1.2150574
1457127311634,-1.3784616,-12.717401,-2.3558946
1457127311638,-3.5093012,-10.766725,-2.9706059
1457127311654,-5.1930237,-7.023989,-4.5555673
1457127311659,-6.8186865,-4.565144,-6.10701
1457127311669,-6.683414,-3.7511156,-6.2009826
1457127311678,-5.218761,-3.0903158,-4.584896
1457127311690,-4.3041763,-2.405574,-2.8814218
1457127311698,-3.9971197,-1.632247,-1.762731
1457127311709,-4.0264487,-0.9576807,-0.8571242
1457127311718,-3.608062,-0.4818331,0.3417723
1457127311729,-2.7419596,-0.078410104,1.846528
1457127311738,-1.8489223,0.43394905,2.231396
1457127311750,-1.0827777,0.5919664,2.2625206
1457127311758,-1.3533225,0.37110126,1.9752164
1457127311770,-1.7830818,-0.30047232,3.0801406
1457127311781,-2.2691047,-2.4127567,4.311359
1457127311794,-3.4099417,-5.671864,5.571906
1457127311801,-5.0637364,-12.549209,7.026982
1457127311818,-5.6365495,-19.560627,8.747814
1457127311820,-4.6501384,-19.608511,10.224439
1457127311839,-6.5696893,-19.608511,4.9081135
1457127311842,-7.9104424,-19.00637,-2.6042929
1457127311850,-7.314286,-17.59798,-5.865794
1457127311859,-7.7183075,-18.813637,-8.315661
1457127311880,-6.666056,-16.686987,-10.729016
1457127311881,-4.349666,-12.516288,-7.3220673
1457127311895,-2.132635,-8.697536,-5.5820813
1457127311899,-0.7763199,-6.731298,-5.5683146
1457127311909,0.22924481,-6.2913637,-5.2804117
1457127311919,1.7136499,-6.766014,-2.2900538
1457127311932,2.3918076,-7.897873,1.8088194
1457127311938,2.018312,-8.696339,3.4093432
1457127311951,2.3636756,-8.319851,4.10845
1457127311960,2.484583,-7.514202,3.78643
1457127311971,2.3666685,-6.4002995,1.4317327
1457127311980,2.0679917,-4.8380833,-0.87448215
1457127311993,1.5029601,-2.6007016,-0.20949265
1457127311999,1.7304093,-2.132635,-0.6344634
1457127312010,2.6443958,-2.6252422,1.4383167
1457127312020,3.3554738,-2.533664,3.4123359
1457127312031,2.5605986,-2.6581624,0.99060094
1457127312039,1.1540052,-3.8013937,-0.59017074
1457127312052,-0.86490536,-6.3272767,-2.1015105
1457127312059,-2.6910827,-9.923966,-3.1824925
1457127312070,-3.116652,-14.508264,-0.5105635
1457127312080,-1.3084313,-17.269377,4.000711
1457127312090,-0.43993455,-17.471687,4.396353
1457127312104,0.49919105,-16.44218,3.9965212
1457127312114,1.7076644,-16.871939,2.3894134
1457127312121,2.6120741,-18.722658,0.8343793
1457127312140,3.7247794,-19.608511,1.1719618
1457127312147,4.520851,-19.608511,2.1517887
1457127312151,4.3556514,-18.754381,2.9975405
1457127312160,3.1944637,-15.444995,3.3446999
1457127312178,2.1841104,-13.353062,3.2106245
1457127312180,1.2814964,-13.305776,2.0907366
1457127312190,-0.02813187,-14.247894,0.8499416
1457127312199,-1.6346412,-14.949395,-0.66858083
1457127312212,-3.1477766,-14.444219,-2.5127146
1457127312222,-4.1796775,-12.808979,-4.421492
1457127312232,-5.8358665,-8.917204,-5.7125654
1457127312239,-7.433398,-4.9583917,-6.0160303
1457127312250,-7.1969705,-3.4290953,-6.3344593
1457127312259,-5.5389857,-2.8089972,-5.7395
1457127312270,-3.560178,-1.9428947,-4.5783124
1457127312291,-2.0608091,-1.5526398,-3.0992942
1457127312298,-1.4550761,-1.8177977,-1.9057846
1457127312311,-1.4101849,-2.154183,-0.53570265
1457127312318,-1.2988545,-2.0638018,1.5885528
1457127312329,-1.1599907,-1.2042835,2.2092497
1457127312340,-1.2437878,-0.6619968,2.1499932
1457127312355,-1.2653356,-0.7553706,2.8383262
1457127312360,-1.3976152,-2.8886044,4.3837833
1457127312375,-2.445677,-7.0090256,5.929839
1457127312380,-3.976769,-13.070545,7.3388267
1457127312396,-5.2121773,-19.191322,8.588001
1457127312399,-4.763264,-19.608511,8.459911
1457127312413,-5.189432,-19.608511,3.4931402
1457127312422,-6.794146,-19.512146,-3.2064347
1457127312434,-6.7809777,-17.599777,-6.843227
1457127312441,-6.0639143,-16.085443,-7.7572136
1457127312456,-4.271256,-13.966576,-7.4136457
1457127312470,-1.8166006,-11.583746,-7.2568254
1457127312474,-0.16101007,-10.17835,-7.8092875
1457127312534,1.2443863,-10.871471,-5.7466826
1457127312535,1.9800048,-11.867459,-2.047641
1457127312535,2.735974,-11.521497,0.3172317
1457127312535,2.2936451,-10.763732,1.513734
1457127312536,1.3808558,-9.380483,2.2523453
1457127312536,0.91099375,-7.680599,2.0769699
1457127312539,1.0109516,-5.9741316,2.1452048
1457127312549,1.1438298,-4.6980224,0.78170687
1457127312558,0.5919664,-2.7832594,0.8936358
1457127312569,0.90500826,-1.7687165,1.3605051
1457127312578,1.6310499,-2.2176294,1.3455414
1457127312594,2.8341362,-2.3127987,3.5500026
1457127312598,3.004723,-2.0410569,3.393781
1457127312614,1.9087774,-1.7866731,1.7980455
1457127312622,0.777517,-1.5269021,-0.5674258
1457127312629,-0.11492168,-1.7046716,-2.220622
1457127312645,-0.74399817,-2.7138276,-2.1691468
1457127312653,-1.2605472,-4.5807066,-1.927931
1457127312659,-2.1625626,-7.9912467,-2.520496
1457127312674,-2.355296,-12.2080345,-2.0189106
1457127312679,-2.5031378,-16.03756,-0.8882488
1457127312689,-1.9883845,-17.999609,2.463035
1457127312698,-1.1444284,-18.001404,4.0898952
1457127312713,0.049081136,-18.19294,2.9460652
1457127312718,1.7004818,-19.136255,1.5107412
1457127312733,3.2662897,-19.608511,2.8868086
1457127312739,4.1216183,-19.608511,3.6284127
1457127312749,3.882198,-19.608511,3.3129766
1457127312759,3.2363622,-19.372683,3.1124623
1457127312772,2.3588872,-17.461512,2.099715
1457127312781,1.5580268,-16.311697,0.52852005
1457127312789,0.4902128,-16.347609,-1.1492168
1457127312800,-0.46327803,-16.390705,-2.9789855
1457127312812,-1.4239515,-15.766417,-3.9109285
1457127312819,-3.0663738,-14.251486,-4.485537
1457127312833,-4.4633904,-11.521497,-5.493496
1457127312845,-5.2127757,-8.081029,-7.4202294
1457127312851,-5.1421466,-5.6245785,-7.0395517
1457127312859,-3.8061821,-4.3263226,-4.948815
1457127312870,-2.3523033,-3.4608185,-3.4871547
1457127312879,-1.553837,-2.731784,-2.2529438
1457127312894,-1.0372878,-1.9626468,-1.1198878
1457127312899,-0.85532856,-1.282095,-0.1328782
1457127312912,-0.6907272,-0.59256494,0.76434886
1457127312922,-0.6745663,-0.06344634,1.1767502
1457127312936,-0.9923966,1.1719618,0.75357497
1457127312940,-1.4341269,1.661576,2.5552118
1457127312957,-1.3204023,-0.093972415,3.0879216
1457127312959,-1.1522095,-2.8395233,4.3598413
1457127312971,-2.2469583,-5.8125234,6.0621185
1457127312982,-4.0815153,-11.62744,6.593033
1457127312992,-5.9322333,-19.121292,7.9702973
1457127313004,-5.8783636,-19.608511,7.9708962
1457127313016,-7.0371575,-19.608511,3.3435028
1457127313020,-8.600571,-19.2829,-3.028665
1457127313037,-8.607754,-18.012777,-5.6323595
1457127313041,-7.765593,-17.820044,-5.827487
1457127313057,-6.9407907,-17.167025,-5.793968
1457127313065,-5.105635,-14.987702,-4.96318
1457127313078,-3.176507,-12.85806,-5.8221
1457127313082,-1.8046296,-11.250953,-7.270592
1457127313095,-0.57640404,-10.709863,-7.0688806
1457127313099,0.7098808,-10.546458,-3.425504
1457127313110,1.22224,-10.349535,-0.80684596
1457127313119,1.5783775,-9.920973,1.3036429
1457127313131,0.55725044,-9.35235,3.040636
1457127313142,0.5255273,-7.8888946,3.0131028
1457127313150,0.79487497,-6.108207,1.8082209
1457127313161,0.8038532,-4.0785227,0.31004912
1457127313170,0.3345897,-2.492364,1.1480197
1457127313179,1.6286557,-1.6921021,2.1266496
1457127313192,2.915539,-1.4945804,1.1911154
1457127313199,3.8965633,-1.2617443,2.930503
1457127313211,3.8205473,-0.75836337,2.6880898
1457127313219,2.8389246,-0.80325466,1.4401124
1457127313230,1.9919758,-0.87567925,0.15143326
1457127313239,1.4000094,-1.0139444,-0.9840169
1457127313253,0.6967127,-1.9883845,-1.0588357
1457127313259,0.14185645,-3.9624038,-1.2389994
1457127313274,-0.8583213,-7.037756,-1.1761516
1457127313286,-1.5945383,-10.0029745,0.7380127
1457127313290,-1.5939398,-13.800179,2.9484594
1457127313300,-1.489792,-18.775928,4.06715
1457127313317,-1.3138182,-19.608511,3.8708255
1457127313321,-1.2635399,-18.421587,1.9937714
1457127313335,-1.7842789,-18.355146,1.9716251
1457127313341,0.37229836,-19.608511,3.1729157
1457127313356,1.9865888,-19.608511,3.7140055
1457127313374,2.3995886,-19.608511,3.3560722
1457127313375,2.5240872,-19.573198,2.6767175
1457127313380,2.4145525,-18.763958,1.5059528
1457127313392,1.733402,-18.112135,-0.05207389
1457127313399,1.4185646,-17.84219,-1.3670892
1457127313410,0.5859809,-17.516579,-2.5917234
1457127313421,-0.55365914,-16.547525,-4.3885717
1457127313436,-1.6621746,-14.53879,-5.571307
1457127313440,-3.1112652,-11.74715,-6.007052
1457127313455,-4.384382,-9.048885,-6.135142
1457127313460,-4.9972973,-6.861782,-6.311714
1457127313472,-4.5435963,-4.687847,-6.022016
1457127313483,-3.5098996,-3.5565867,-5.155315
1457127313492,-2.5635915,-3.0160956,-3.8444893
1457127313499,-1.8052281,-2.3906105,-2.2619221
1457127313516,-1.2018893,-1.5921441,-1.1474211
1457127313520,-0.7637503,-0.8146271,-0.35254622
1457127313530,-0.53091425,-0.22565351,0.23523031
1457127313539,-0.29328972,0.18016368,0.61890113
1457127313557,-0.18854338,0.7284359,0.84694886
1457127313560,-0.47225627,1.0001777,1.75076
1457127313573,-0.36511576,-0.12210429,3.004723
1457127313582,-0.18854338,-2.7090392,4.3424835
1457127313596,-1.1971009,-6.013636,6.071097
1457127313600,-3.1759086,-11.340137,5.774216
1457127313616,-4.985925,-18.638262,6.1770406
1457127313622,-4.894945,-19.608511,6.9491706
1457127313635,-5.8813562,-19.608511,3.288436
1457127313643,-6.977302,-19.608511,-4.1317935
1457127313653,-8.182184,-18.976442,-6.5846534
1457127313662,-7.6249337,-16.466122,-5.199009
1457127313682,-5.798158,-14.233529,-3.9641995
1457127313683,-3.4865563,-12.078149,-3.8606503
1457127313722,-2.1499932,-11.291654,-5.1409497
1457127313723,-1.3724761,-11.329961,-7.6201453
1457127313724,0.08499416,-11.683704,-6.9366007
1457127313724,1.0947487,-11.48319,-3.8241386
1457127313734,0.4985925,-10.211869,-1.6358383
1457127313742,-0.74399817,-8.760384,0.23044191
1457127313752,-1.2234371,-7.358579,1.6406267
1457127313760,-1.3293805,-6.543952,2.110489
1457127313770,-1.1617863,-4.7722425,1.6537948
1457127313780,-1.0803835,-2.6743233,1.1336545
1457127313794,-0.5943606,-1.9901801,1.4030021
1457127313799,0.729633,-1.5634137,2.8496985
1457127313810,2.2948422,-0.943914,2.5504234
1457127313820,3.4674027,-1.0947487,2.0368671
1457127313831,4.575918,-0.97623575,3.3207579
1457127313845,5.063138,-0.6967127,3.289633
1457127313852,3.654749,-1.0217255,1.6095021
1457127313860,2.4355016,-0.9660604,-0.23882163
1457127313871,1.3940239,-0.98940384,-1.7555484
1457127313880,0.020350715,-1.8100165,-2.5498247
1457127313893,-2.1068976,-4.6232033,-4.1252093
1457127313900,-4.109049,-9.437943,-3.027468
1457127313913,-3.8600516,-15.019425,1.3599066
1457127313920,-2.1763294,-19.589357,5.638345
1457127313932,-0.7314286,-19.608511,4.8704047
1457127313940,-0.6961141,-19.608511,0.3705027
1457127313957,-0.27832595,-19.608511,-1.7118542
1457127313960,1.8543092,-19.608511,0.30585927
1457127313974,3.5093012,-19.608511,2.486977
1457127313980,4.320337,-19.608511,2.3355439
1457127313990,4.337096,-18.891449,1.8459295
1457127314000,3.6780925,-16.497845,1.8662802
1457127314011,2.5659857,-15.87655,1.1899183
1457127314020,1.8860323,-16.279375,-0.48961425
1457127314032,1.0995371,-16.315287,-2.1410148
1457127314040,-0.33758244,-15.699978,-3.675698
1457127314050,-1.9470845,-13.921085,-4.1802764
1457127314060,-3.0071173,-11.125855,-4.648941
1457127314070,-3.8379054,-8.286931,-4.6016555
1457127314080,-4.896741,-5.841852,-4.748899
1457127314092,-5.261258,-3.9594111,-5.08708
1457127314100,-4.683657,-2.4971523,-4.5220485
1457127314113,-3.7427359,-1.7944542,-2.9191303
1457127314120,-2.5252843,-1.3958195,-1.7806876
1457127314131,-1.7830818,-0.9816227,-1.2779051
1457127314140,-1.3664906,-0.4794389,-0.8439561
1457127314154,-1.0737995,-0.034117375,-0.45070848
1457127314160,-0.94451255,0.23223756,0.40521863
1457127314171,-1.2755109,0.30166942,1.3820529
1457127314180,-1.6747441,0.20649989,2.7018566
1457127314191,-0.99179804,-0.62847793,2.566584
1457127314200,-1.2330139,-1.644218,3.3662477
1457127314213,-1.6502035,-3.120842,4.561553
1457127314220,-2.7886465,-6.3111157,6.241085
1457127314231,-4.1425676,-13.008895,8.01878
1457127314240,-5.8484364,-19.465458,9.120711
1457127314251,-5.1541176,-19.608511,8.500613
1457127314260,-6.397307,-19.608511,2.0602105
1457127314273,-7.804499,-19.608511,-6.76362
1457127314280,-8.059482,-19.583372,-9.938332
1457127314296,-8.085219,-19.045277,-9.52593
1457127314300,-6.2045736,-16.732477,-7.5692687
1457127314311,-3.793014,-14.126389,-6.1860185
1457127314320,-2.8072014,-12.313379,-8.272566
1457127314335,-1.6543933,-10.714651,-8.607754
1457127314344,0.19752164,-9.204509,-5.029619
1457127314351,0.8846575,-8.807071,-1.8195933
1457127314360,0.96905315,-8.557475,-0.11372458
1457127314371,0.14664486,-8.454525,1.5173253
1457127314380,-0.47285482,-7.7733746,2.5761611
1457127314393,-0.2112883,-6.7450647,2.405574
1457127314401,-0.030526072,-5.1343656,0.9864111
1457127314411,-0.57400984,-3.6750996,0.46088383
1457127314421,-0.41599256,-3.1250317,3.007716
1457127314431,1.4287399,-2.677316,2.9861681
1457127314441,2.457648,-2.9622262,3.0843303
1457127314454,3.084929,-2.4582467,5.1182046
1457127314461,2.546832,-1.8908207,3.9815574
1457127314473,1.4347254,-2.212841,1.5777789
1457127314481,1.1641805,-2.2361844,-0.3357868
1457127314491,1.6124948,-2.5420437,-1.5059528
1457127314501,1.572392,-4.2341456,-2.9400797
1457127314515,-0.23822308,-6.809708,-4.2221746
1457127314521,-1.3772645,-10.26933,-2.248754
1457127314531,-1.804031,-14.2383175,1.4191631
1457127314541,-1.1192893,-17.745823,4.900931
1457127314568,-0.077811554,-19.546263,5.9962783
1457127314569,1.0366893,-19.608511,3.7720647
1457127314578,1.7908629,-19.608511,0.6901286
1457127314598,3.0550013,-19.608511,2.5821466
1457127314598,3.6978445,-19.608511,3.007716
1457127314600,3.4213142,-19.103334,2.4301147
1457127314611,3.1555579,-16.174627,2.2559366
1457127314623,2.6683378,-14.623784,1.9794062
1457127314633,1.9949685,-15.190611,0.9600749
1457127314641,0.86490536,-16.047735,-0.5638345
1457127314655,-0.57640404,-16.16565,-2.4881742
1457127314660,-2.2307975,-15.26124,-4.180875
1457127314671,-3.2674868,-13.405734,-5.017648
1457127314685,-4.3329067,-10.696694,-4.907515
1457127314695,-5.5659204,-7.378331,-5.431845
1457127314700,-5.81372,-4.6393642,-5.7269306
1457127314711,-4.896741,-3.0017304,-4.8614264
1457127314720,-3.2722752,-2.6036944,-3.9163153
1457127314731,-2.19668,-2.1942859,-3.1016884
1457127314740,-1.6376339,-1.6400281,-2.3253684
1457127314753,-1.1833342,-0.96187055,-1.7256209
1457127314760,-0.8026561,-0.39085343,-1.2545617
1457127314771,-0.504578,-0.02873042,-0.7026982
1457127314781,-0.39145198,0.026934769,0.39624038
1457127314791,-0.0676362,-0.24540567,1.5292963
1457127314801,0.015562311,-0.8900445,2.3475149
1457127314813,-0.12210429,-1.9512744,3.752911
1457127314821,-0.6919243,-4.417302,5.1104236
1457127314833,-2.248754,-8.041525,5.470751
1457127314841,-3.679888,-12.743737,5.861604
1457127314852,-4.5022964,-17.885883,6.201581
1457127314861,-4.8919525,-19.608511,5.7879825
1457127314876,-6.095039,-19.608511,3.3051953
1457127314881,-7.1586633,-19.608511,-1.8148049
1457127314892,-8.636484,-19.608511,-5.8358665
1457127314901,-9.388264,-19.608511,-6.987478
1457127314921,-8.333617,-18.884266,-6.2728086
1457127314922,-6.459556,-16.408062,-5.398925
1457127314934,-4.703409,-14.038402,-5.6407394
1457127314941,-2.666542,-12.55699,-8.842984
1457127314952,-0.23463176,-11.01273,-9.012374
1457127314961,1.1994951,-10.310031,-5.779603
1457127314972,0.65900403,-9.949704,-2.4319103
1457127314981,-0.07182605,-8.504803,0.38367084
1457127314994,-0.93972415,-7.5770497,2.3529017
1457127315001,-1.608305,-6.1902084,2.895787
1457127315013,-1.5628152,-4.622605,2.6677392
1457127315021,-1.34195,-3.537433,2.2242134
1457127315031,-1.0163386,-3.0669725,2.4558525
1457127315041,-0.34476504,-2.581548,3.5523968
1457127315056,0.9295488,-1.6166847,3.7002387
1457127315061,2.3133974,-1.328782,2.5312698
1457127315074,3.6074634,-1.7782934,2.9215245
1457127315083,4.514866,-1.9069817,2.724003
1457127315092,4.204817,-2.0362685,-0.008379706
1457127315101,3.044826,-2.011728,-1.8938135
1457127315114,2.871845,-1.8441339,-2.9759927
1457127315121,2.6617537,-2.4301147,-3.2375593
1457127315132,0.83737206,-3.6332011,-2.3421278
1457127315142,-2.1332338,-6.1046157,-1.7310078
1457127315154,-4.235343,-10.4249525,-0.10654198
1457127315171,-3.6176388,-15.272613,1.4490906
1457127315176,-1.6663644,-19.38585,3.153762
1457127315181,-0.0077811554,-18.988413,2.272696
1457127315201,0.36511576,-16.734272,-0.31124622
1457127315202,0.88166475,-17.162237,-0.12749124
1457127315215,2.705448,-18.313847,1.5179238
1457127315221,4.5657425,-19.604322,2.6641479
1457127315235,5.269039,-19.608511,2.9233203
1457127315241,4.8015714,-19.608511,2.271499
1457127315252,4.237737,-19.608511,1.2156559
1457127315261,3.9911342,-18.278532,0.15502456
1457127315272,3.4326868,-16.646885,-0.79248077
1457127315281,2.8299465,-15.8065195,-1.8728642
1457127315294,2.1338322,-15.134348,-2.9903579
1457127315301,1.1234791,-13.672688,-3.558981
1457127315312,-0.44113165,-12.111668,-3.1663318
1457127315321,-2.321777,-10.477027,-3.3369186
1457127315332,-3.6792896,-8.756194,-3.6248214
1457127315341,-4.478953,-6.953959,-4.14975
1457127315354,-4.598663,-4.915296,-4.9422307
1457127315362,-3.7535098,-2.8927941,-5.1918263
1457127315374,-2.7964275,-1.3275849,-4.095282
1457127315382,-2.1122844,-0.65541273,-2.2230163
1457127315392,-1.3551182,-0.3776853,-0.86251116
1457127315401,-0.777517,-0.2088941,-0.18315643
1457127315416,-0.39624038,0.08020575,0.050278235
1457127315421,-0.22325931,0.219668,0.8798691
1457127315432,-0.43514615,-0.06404489,2.28347
1457127315441,-0.6937199,-1.0881647,2.961029
1457127315452,-1.858499,-2.9352913,4.136582
1457127315462,-3.1016884,-7.3950906,5.554548
1457127315474,-4.957793,-15.403695,7.389105
1457127315482,-5.8268886,-19.573795,7.9673047
1457127315492,-7.1383123,-19.608511,6.8330517
1457127315504,-8.7292595,-19.432539,4.320337
1457127315512,-9.989806,-18.301876,1.3251907
1457127315522,-10.305841,-17.630901,-1.6825253
1457127315538,-8.667608,-17.833212,-4.0156746
1457127315542,-6.89171,-18.477251,-6.279991
1457127315573,-5.2887917,-18.298883,-7.807492
1457127315595,-3.6954503,-16.77617,-8.262989
1457127315599,-2.380435,-13.867815,-7.66384
1457127315599,-1.721431,-10.991181,-6.455366
1457127315599,-0.6290765,-9.63726,-4.7399206
1457127315602,0.65780693,-8.540117,-1.0372878
1457127315612,1.894412,-8.067263,2.0093338
1457127315621,1.8321629,-8.075643,3.6248214
1457127315632,1.4903905,-7.617751,4.38498
1457127315641,1.7872716,-6.679224,3.6846764
1457127315654,1.9728222,-5.6658783,2.496554
1457127315667,1.6711528,-4.5962687,2.0655975
1457127315672,1.3491327,-3.09271,1.8046296
1457127315682,2.8766334,-1.8962077,1.4161704
1457127315692,4.07134,-0.65301853,6.121375
1457127315705,2.6922798,-0.0724246,6.1489086
1457127315722,1.2659341,-0.19153613,2.2679076
1457127315722,0.5057751,-0.16639702,-0.2837129
1457127315734,0.43754035,-0.24959552,-2.5151088
1457127315741,0.9672575,-1.0067618,-3.7271736
1457127315752,1.1127052,-2.9317,-3.0520086
1457127315761,0.08798691,-6.1866174,-2.5366566
1457127315776,-1.5125369,-9.850943,-0.24301147
1457127315781,-2.211644,-13.479954,3.2668881
1457127315792,-1.0109516,-16.867151,5.0882773
1457127315801,0.04309563,-19.492393,6.341043
1457127315812,1.0809821,-19.608511,4.0438066
1457127315821,1.5634137,-19.608511,0.18375498
1457127315838,2.9340942,-19.608511,0.15203181
1457127315841,4.3664255,-19.608511,1.8130093
1457127315852,4.200627,-19.608511,1.9554642
1457127315861,3.293823,-19.608511,2.2343888
1457127315872,2.461838,-19.233221,1.3000516
1457127315882,1.726818,-17.320253,-0.6123171
1457127315894,1.0031705,-16.464327,-2.3002293
1457127315902,0.023343466,-15.630546,-3.8432922
1457127315914,-1.3401544,-14.444219,-4.7483006
1457127315921,-2.5839422,-12.956223,-4.6800656
1457127315932,-4.0797195,-10.809222,-4.469376
1457127315942,-5.1259856,-7.845799,-5.121796
1457127315956,-5.2941785,-5.243302,-6.0465565
1457127315961,-4.6561236,-3.1866825,-5.1882353
1457127315972,-3.2381577,-2.4959552,-3.2130187
1457127315982,-1.9614497,-1.8842367,-1.893215
1457127315993,-1.3802572,-1.3186066,-1.0079589
1457127316002,-1.0516531,-0.75357497,-0.4973954
1457127316014,-0.61650693,-0.22266077,-0.130484
1457127316021,-0.17417817,0.1921347,0.16400282
1457127316032,0.02932897,0.41000703,0.9672575
1457127316042,0.10354923,0.724246,1.5071499
1457127316052,-0.3800795,0.53809685,2.4253263
1457127316062,-0.8912416,-1.5759833,3.3560722
1457127316074,-2.0452468,-4.9877205,4.7866077
1457127316082,-4.0043025,-12.313978,6.7324953
1457127316094,-5.2726307,-19.337368,7.541735
1457127316102,-5.5683146,-19.608511,8.247426
1457127316112,-6.4302273,-19.608511,5.437232
1457127316122,-7.6889787,-19.248783,-0.61530983
1457127316136,-8.1480665,-16.603788,-4.859032
1457127316142,-7.1490865,-16.350004,-5.4246626
1457127316156,-5.7185507,-16.152481,-5.740697
1457127316162,-4.1515455,-14.680048,-5.763442
1457127316172,-2.3391352,-12.429498,-6.205771
1457127316182,-1.7860745,-10.656591,-6.293758
1457127316198,-1.2018893,-10.136452,-6.295553
1457127316203,0.3345897,-9.840768,-5.21936
1457127316212,2.2667105,-9.161413,-0.59495914
1457127316222,1.8010383,-9.14226,2.1823149
1457127316232,1.4203602,-8.714894,3.2202013
1457127316242,1.3245921,-7.8182654,3.9893386
1457127316255,1.441908,-6.3218894,2.8413188
1457127316262,1.4185646,-4.759074,0.9403227
1457127316274,1.0354922,-3.032855,0.7140707
1457127316282,1.4993688,-1.5215151,0.93254155
1457127316293,3.0603883,-1.2324153,0.39803603
1457127316302,4.2395325,-0.9935937,3.9312792
1457127316317,3.6086605,-0.82001406,3.015497
1457127316322,2.3546975,-1.1055226,0.36511576
1457127316333,1.9566613,-1.2455834,-1.3132197
1457127316342,1.6921021,-1.5490485,-1.5280992
1457127316353,0.6314707,-2.5390508,-0.9403227
1457127316362,-0.35553896,-4.2185836,-0.6027403
1457127316375,-0.94810385,-7.1604586,1.3210008
1457127316382,-1.3904326,-10.779893,3.7152026
1457127316393,-1.0887632,-15.981297,3.6122518
1457127316402,-0.5650316,-19.57978,2.3475149
1457127316414,-0.16759412,-19.608511,1.7525556
1457127316422,0.17477672,-19.608511,1.8028339
1457127316439,1.5005659,-19.608511,2.7030537
1457127316442,2.9239187,-19.608511,4.0120835
1457127316455,3.1118636,-19.608511,3.2423477
1457127316463,2.5863364,-19.608511,1.910573
1457127316473,2.3092074,-19.354727,0.9696517
1457127316483,1.9207484,-17.95831,-0.25558102
1457127316498,1.4107834,-17.24723,-1.7770962
1457127316509,0.6135142,-16.557701,-3.196858
1457127316513,-0.11671733,-15.67424,-3.900753
1457127316523,-0.9528923,-14.471153,-4.0438066
1457127316533,-2.3277626,-12.658743,-4.44723
1457127316543,-3.6942532,-10.1861315,-4.5753193
1457127316555,-4.3281183,-7.3657618,-5.453393
1457127316562,-4.4023385,-5.173271,-5.7059813
1457127316573,-3.8055837,-3.6936548,-4.945224
1457127316582,-2.6180596,-3.0963013,-4.203021
1457127316593,-1.7866731,-2.4821887,-2.9131448
1457127316603,-1.5328877,-1.8722657,-1.448492
1457127316615,-1.1546037,-1.0552444,-0.53330845
1457127316623,-0.6889315,-0.38606504,0.044891283
1457127316635,-0.30825347,0.0796072,-0.019153614
1457127316643,-0.08319851,0.39264908,0.374094
1457127316653,0.010175358,0.9271546,0.6368576
1457127316663,-0.5398925,1.6962919,2.0811598
1457127316677,-0.9187749,0.50517654,2.9137435
1457127316683,-1.34195,-2.2427685,3.5194764
1457127316693,-2.4929626,-5.6120086,5.6305637
1457127316704,-4.945224,-15.134946,7.6614456
1457127316716,-5.6569,-19.608511,8.19236
1457127316723,-5.4623713,-19.608511,7.6770077
1457127316735,-6.3009405,-19.608511,2.6527755
1457127316743,-8.008605,-17.504606,-3.1232362
1457127316754,-7.928399,-15.982493,-5.535394
1457127316763,-6.6187706,-16.8055,-5.513248
1457127316777,-5.370793,-17.026964,-6.101623
1457127316783,-3.6577415,-15.611392,-5.6616883
1457127316796,-2.7431567,-13.574525,-5.497087
1457127316803,-2.486977,-11.985972,-5.2289367
1457127316815,-1.6651673,-11.225215,-5.410896
1457127316823,-0.28191724,-10.496181,-4.661511
1457127316837,0.6841431,-9.4696665,-1.5035586
1457127316844,0.48003745,-9.44333,0.8403648
1457127316860,-0.13826515,-9.108142,1.8046296
1457127316863,-0.15322891,-8.075643,2.0428526
1457127316874,0.02813187,-6.4266357,1.3826514
1457127316883,0.5722142,-4.3317094,0.4213795
1457127316894,1.0564415,-2.445677,0.30705637
1457127316914,1.6118963,-1.5131354,3.1585505
1457127316916,2.8550856,-0.8038532,2.7665
1457127316923,3.9109285,-0.6536171,3.2357635
1457127316934,4.654927,-0.320823,4.9105077
1457127316945,3.863643,-0.1436521,2.789245
1457127316953,2.3942018,-0.26635495,0.58657944
1457127316966,1.7345991,-0.11552023,-1.0809821
1457127316977,0.6955156,-0.7344214,-1.7603368
1457127316983,-0.4249708,-2.7204118,-1.8686744
1457127316996,-1.4209588,-6.491878,-2.0536265
1457127317003,-1.9895816,-11.604695,0.5638345
1457127317014,-1.271321,-18.240225,4.039018
1457127317025,-0.08080431,-19.608511,4.601057
1457127317039,0.17657238,-19.608511,2.2511482
1457127317044,0.5614403,-19.608511,0.9684546
1457127317060,2.3056161,-19.608511,-0.109534726
1457127317066,4.8883615,-19.608511,1.8710686
1457127317074,5.8651958,-19.608511,3.0801406
1457127317083,5.389348,-19.608511,2.7072437
1457127317095,4.3939586,-18.51915,1.5699978
1457127317104,3.0310593,-16.423027,-0.08798691
1457127317114,2.0386627,-16.104,-2.1481974
1457127317124,0.7858967,-16.584635,-3.3273418
1457127317133,-0.66498953,-16.147095,-3.9211037
1457127317145,-2.15538,-14.520235,-4.353257
1457127317155,-3.9151182,-12.251729,-4.9559975
1457127317163,-5.011064,-9.100361,-5.617396
1457127317175,-4.9901147,-5.3037553,-5.8244944
1457127317184,-4.462792,-2.8006175,-5.1265845
1457127317195,-2.996942,-1.5981296,-3.1914709
1457127317203,-1.9213469,-1.5436616,-1.6657659
1457127317218,-1.3599066,-1.3814543,-0.74519527
1457127317223,-1.1306617,-1.0001777,-0.41060558
1457127317234,-0.9187749,-0.5009867,-0.49679685
1457127317243,-0.76195467,-0.15263036,-0.24899697
1457127317253,-0.533907,0.12569559,0.7284359
1457127317263,-0.3441665,0.35254622,1.9416976
1457127317275,-0.676362,0.0700304,2.949058
1457127317283,-0.79487497,-2.6551697,3.7535098
1457127317293,-1.5173253,-6.247071,6.0160303
1457127317308,-3.2184057,-11.518504,7.104195
1457127317316,-4.7483006,-18.10615,6.873753
1457127317326,-5.395334,-19.608511,6.6774287
1457127317336,-5.953781,-19.608511,3.8726213
1457127317344,-7.4723034,-19.251776,-1.6250644
1457127317357,-8.9519205,-17.61534,-5.0721164
1457127317366,-9.027936,-17.484856,-5.6066217
1457127317380,-8.29531,-17.546505,-5.483919
1457127317386,-6.4882865,-16.189592,-5.6227827
1457127317398,-4.3299136,-13.819931,-5.7059813
1457127317405,-2.5929205,-11.580155,-7.503428
1457127317414,-1.3628993,-10.462662,-7.9074497
1457127317423,0.3764882,-9.078813,-4.6405616
1457127317438,1.5436616,-8.261791,-0.79726917
1457127317443,1.4431051,-8.488044,1.6160861
1457127317458,0.142455,-8.522161,3.4081461
1457127317463,-0.22625206,-7.5944076,3.7325604
1457127317474,0.15322891,-5.98311,2.3582888
1457127317485,0.29448682,-4.557363,0.5386954
1457127317496,0.12090719,-2.9430726,0.29029694
1457127317505,0.7410054,-2.2104468,2.7880478
1457127317537,2.4708161,-1.6196774,2.2888567
1457127317537,3.8019924,-1.7310078,2.9724014
1457127317537,4.7866077,-1.435324,3.952827
1457127317543,3.9486372,-1.5999253,1.6418238
1457127317554,2.5288756,-2.1918917,-0.741604
1457127317563,2.0254946,-2.5582044,-2.6114755
1457127317578,1.8207904,-3.8205473,-2.9484594
1457127317585,1.1043255,-6.051345,-2.3546975
1457127317597,0.23163901,-8.69155,-1.1426327
1457127317607,-0.62368953,-11.753136,0.9983821
1457127317618,-1.1671734,-14.609419,2.0494366
1457127317628,-0.8535329,-17.208923,3.582923
1457127317638,0.047884032,-17.928381,4.8961425
1457127317643,0.7392098,-17.979258,3.4093432
1457127317661,1.1079168,-18.768745,0.8391677
1457127317668,2.5169046,-19.608511,3.0083144
1457127317677,3.731962,-19.608511,4.654328
1457127317686,3.3303347,-19.603125,3.743933
1457127317696,3.1651347,-18.25519,2.966416
1457127317703,2.9999347,-16.77258,2.2272062
1457127317716,2.4480712,-16.39669,0.90021986
1457127317729,1.5664065,-16.804304,-0.8062474
1457127317734,0.022744916,-16.919823,-2.6779146
1457127317743,-0.88166475,-15.679626,-3.9312792
1457127317758,-2.4636335,-14.062344,-4.1838675
1457127317763,-4.000711,-12.435484,-4.683657
1457127317774,-5.192425,-10.105327,-5.2325277
1457127317784,-5.032612,-5.952584,-5.439626
1457127317794,-4.5160627,-3.0801406,-5.106832
1457127317803,-3.6284127,-2.6270378,-3.5835214
1457127317816,-2.297835,-2.1021092,-2.767697
1457127317824,-1.5885528,-1.3491327,-2.2786815
1457127317834,-1.2797008,-0.87567925,-1.9967642
1457127317843,-0.98581254,-0.6039374,-1.3605051
1457127317857,-0.7128736,-0.48841715,-0.2717419
1457127317866,-0.28072014,-0.4165911,0.6619968
1457127317877,0.17118542,-0.5859809,1.7878702
1457127317886,0.037110128,-1.3862427,1.7914615
1457127317897,-0.86729956,-3.3554738,3.1244333
1457127317904,-2.598906,-7.405266,5.6239796
1457127317917,-3.9121256,-12.898163,5.8759694
1457127317927,-4.7961845,-18.646044,5.97892
1457127317939,-4.485537,-19.608511,7.1305313
1457127317945,-5.7544637,-19.608511,4.2778397
1457127317955,-7.2005615,-19.52711,-1.0833763
1457127317968,-7.6171527,-18.224663,-4.6082397
1457127317979,-7.2873516,-17.514183,-5.3223104
1457127317987,-6.0357823,-16.786346,-4.8937483
1457127318005,-5.084686,-15.227721,-4.410718
1457127318018,-3.7032316,-13.146562,-4.753089
1457127318019,-2.3989902,-11.079168,-6.10282
1457127318029,-1.6250644,-10.179547,-7.023391
1457127318035,-0.32680854,-9.458294,-5.6305637
1457127318050,0.2825158,-9.020155,-2.746748
1457127318058,-0.26036942,-8.704719,0.1364695
1457127318064,-1.1845313,-8.26239,1.8118122
1457127318077,-2.086547,-7.3148847,2.5420437
1457127318084,-1.8590976,-5.759252,2.5192988
1457127318095,-1.5664065,-3.8504748,1.7962499
1457127318104,-1.4634558,-2.7581203,1.2455834
1457127318118,-0.5590461,-2.7862523,1.8806454
1457127318124,0.9660604,-2.697667,2.8335378
1457127318134,2.259528,-2.2301989,3.4883518
1457127318144,3.4272997,-1.5233108,2.5127146
1457127318154,4.5555673,-1.8381484,2.046444
1457127318164,4.823718,-2.9215245,1.4628572
1457127318176,4.3754034,-3.942053,-1.0456676
1457127318184,3.4159272,-4.5118732,-1.9656396
1457127318194,1.1587936,-4.779425,-2.0470424
1457127318204,-1.0821792,-5.4384294,-3.120842
1457127318217,-2.0380642,-7.2029557,-1.8956091
1457127318224,-2.3361423,-10.043676,2.2589293
1457127318236,-1.4754268,-13.283629,4.9883194
1457127318244,-0.7278373,-15.561712,5.993285
1457127318257,0.18136078,-16.287155,3.2597055
1457127318264,0.63087213,-17.870321,1.7363948
1457127318278,2.2774844,-19.564817,2.60549
1457127318284,4.1539397,-19.608511,3.028665
1457127318300,4.8817773,-19.608511,2.291251
1457127318304,4.474763,-19.608511,1.91596
1457127318315,3.6260185,-19.608511,0.8738836
1457127318324,2.521693,-19.608511,-0.58777654
1457127318335,1.6968905,-19.579184,-2.0428526
1457127318345,1.4502877,-18.40363,-3.0974984
1457127318357,0.75716627,-16.268002,-3.5811272
1457127318364,-0.25258827,-14.111424,-3.517681
1457127318376,-1.903989,-12.477981,-3.46022
1457127318386,-3.6182373,-11.015123,-5.0421886
1457127318395,-4.89315,-9.046491,-6.384139
1457127318404,-5.092467,-6.0902505,-7.0126166
1457127318418,-4.7925935,-3.5284548,-6.191406
1457127318425,-3.5751417,-2.2391772,-4.2538977
1457127318436,-2.1499932,-1.7124528,-2.486977
1457127318445,-1.0660183,-1.1492168,-1.447295
1457127318455,-0.13108255,-0.48003745,-0.85173726
1457127318473,0.47465047,-0.0053869537,-0.43394905
1457127318480,0.86849666,0.30107087,-0.073621705
1457127318486,1.471237,0.5470751,0.90620536
1457127318495,1.5717934,0.6925228,1.9147629
1457127318506,1.0522517,0.5967548,1.9997569
1457127318517,0.016759412,-0.08439561,1.9997569
1457127318525,-0.3800795,-1.073201,2.3002293
1457127318536,-1.3838485,-3.7379475,3.5655649
1457127318545,-3.669114,-10.778696,6.5505357
1457127318555,-4.969764,-19.599533,8.169016
1457127318566,-4.5100775,-19.608511,9.888053
1457127318575,-7.1724296,-19.608511,7.6704235
1457127318584,-9.707291,-19.608511,0.46148238
1457127318598,-10.059837,-18.325819,-5.221754
1457127318605,-8.774151,-17.97806,-6.1129956
1457127318621,-6.637326,-17.076046,-6.6828156
1457127318628,-4.1078515,-14.570513,-6.525397
1457127318635,-2.1278467,-11.859678,-5.9477954
1457127318645,-1.4041992,-10.369886,-6.0944405
1457127318659,-0.61291564,-10.0341,-6.3667808
1457127318665,0.89303726,-9.257779,-2.9771898
1457127318675,1.5981296,-8.091804,1.3958195
1457127318685,0.62847793,-7.454347,3.3291376
1457127318695,0.46447513,-6.6534867,4.1120415
1457127318705,0.80684596,-5.386954,3.2866404
1457127318717,0.9008184,-4.24073,1.8740613
1457127318725,0.81043726,-2.8167782,0.8678981
1457127318736,0.66618663,-1.3012487,2.9765913
1457127318745,1.6112977,-0.9576807,1.5490485
1457127318755,2.56419,-0.7882909,2.2002714
1457127318765,3.4231098,-0.44113165,4.8548427
1457127318777,2.8616695,-0.16101007,3.8546648
1457127318785,1.271321,-0.4249708,2.0913353
1457127318797,0.62967503,-0.08738836,0.9487024
1457127318805,0.700304,0.2705448,-0.6147113
1457127318815,1.062427,0.48362875,-1.2473791
1457127318825,0.11671733,-0.38067806,-1.8662802
1457127318839,-3.4249055,-3.8151605,-4.0707417
1457127318845,-6.2913637,-9.255983,-3.2423477
1457127318855,-4.103063,-17.06587,3.750517
1457127318865,-1.0953473,-19.608511,7.711724
1457127318875,-0.59256494,-19.608511,-0.04129998
1457127318885,1.003769,-19.608511,-1.299453
1457127318901,2.8862102,-19.608511,2.0159178
1457127318905,5.0224366,-19.608511,1.0540473
1457127318915,6.2165446,-19.608511,1.5837644
1457127318925,6.302736,-19.608511,2.4366987
1457127318935,5.348048,-19.608511,2.1769278
1457127318945,4.11264,-19.608511,0.6703765
1457127318957,3.1028855,-19.03151,-1.4748282
1457127318965,2.8048072,-17.786524,-2.7928362
1457127318999,2.3104045,-16.870743,-3.305794
1457127318999,1.3694834,-14.6602955,-3.7954082
1457127319000,0.17717093,-11.921329,-4.3807907
1457127319005,-1.460463,-9.746197,-4.0132804
1457127319019,-3.0933087,-7.8727336,-4.045004
1457127319025,-3.9043443,-5.651513,-4.299388
1457127319035,-4.158728,-3.50152,-4.675277
1457127319045,-4.208408,-1.8171991,-4.596867
1457127319055,-3.7816415,-0.6380547,-3.5470097
1457127319065,-2.9508536,-0.46746787,-1.5227122
1457127319077,-2.0458453,-0.18914193,-0.36272156
1457127319085,-1.6244658,0.037110128,0.25258827
1457127319097,-1.1988965,0.4818331,0.45789108
1457127319105,-0.6332663,1.7836803,0.19752164
1457127319115,-1.1498153,2.7461493,1.8207904
1457127319125,-1.4167689,1.6328455,3.958214
1457127319137,-0.9947908,0.42317516,3.1423898
1457127319145,-1.2934675,-0.74639237,3.482965
1457127319157,-1.5867572,-1.7034745,4.085107
1457127319164,-2.3708582,-2.9005754,4.697424
1457127319175,-4.2185836,-6.273407,6.367379
1457127319184,-7.641693,-16.74744,9.063251
1457127319199,-8.142081,-19.608511,9.79827
1457127319204,-6.63972,-19.608511,9.437943
1457127319215,-8.39048,-19.608511,1.4993688
1457127319227,-9.249998,-19.608511,-7.1305313
1457127319239,-7.9313917,-19.608511,-11.463438
1457127319247,-5.234922,-19.608511,-13.453019
1457127319257,-2.593519,-18.476652,-10.824784
1457127319267,-1.2216414,-14.112622,-8.899846
1457127319275,-0.338181,-11.094132,-9.03871
1457127319285,0.5662287,-9.425972,-8.080431
1457127319296,1.8788497,-7.863157,-2.4833858
1457127319305,2.7449522,-6.976105,1.769315
1457127319317,1.9949685,-7.0425444,3.514688
1457127319325,1.8351556,-6.6666546,4.225766
1457127319337,2.0638018,-5.7269306,3.8391025
1457127319345,2.2230163,-4.787805,3.117849
1457127319355,1.9758149,-3.930082,2.3415294
1457127319365,1.3257892,-2.859874,1.988983
1457127319379,2.2062569,-1.7082629,0.37588966
1457127319385,3.067571,-0.51355624,5.097255
1457127319395,2.2176294,0.3716998,5.8903346
1457127319405,0.8714894,0.17776948,2.8161798
1457127319417,-0.1436521,-0.25198972,0.18315643
1457127319425,-0.3369839,-0.39683893,-2.409764
1457127319437,-0.11372458,-1.1270704,-4.357447
1457127319445,0.40521863,-2.9777884,-3.157952
1457127319456,-1.3317747,-6.488885,-1.4921862
1457127319475,-3.7720647,-9.719262,-1.0456676
1457127319477,-4.225766,-13.794791,2.4378958
1457127319487,-2.336741,-18.26776,4.144962
1457127319498,-0.8774749,-19.608511,5.961562
1457127319506,0.5835867,-19.608511,1.946486
1457127319520,2.1146786,-19.608511,-0.92176765
1457127319526,3.594894,-19.608511,0.3842694
1457127319553,4.156933,-19.608511,2.3834279
1457127319554,4.8937483,-19.608511,2.9616275
1457127319561,4.5860934,-19.608511,2.2918496
1457127319567,3.9552212,-18.425179,1.1288661
1457127319577,3.457826,-15.764621,0.37110126
1457127319586,3.080739,-14.651318,-0.21906945
1457127319598,2.3714569,-14.53879,-1.1264719
1457127319605,1.3617022,-14.587871,-2.5905263
1457127319618,-0.28491,-13.897143,-3.6619315
1457127319625,-1.8136078,-12.363059,-4.7560816
1457127319637,-2.8455088,-10.320805,-5.3486466
1457127319645,-3.804985,-8.201338,-5.436035
1457127319659,-4.03004,-5.521029,-4.717176
1457127319667,-4.0707417,-3.2770636,-4.3382936
1457127319679,-3.6996403,-1.6956934,-4.131195
1457127319687,-3.1411927,-0.7697359,-2.8814218
1457127319702,-2.8269536,-0.54288524,-1.541866
1457127319708,-2.544438,-0.3369839,-0.86849666
1457127319716,-2.0949266,-0.012569559,-0.7314286
1457127319726,-1.6502035,0.20290859,-0.3728969
1457127319740,-1.4850036,0.32920274,0.29688102
1457127319745,-1.4622587,0.2633622,1.5891514
1457127319757,-1.4598645,-0.48482585,3.4003649
1457127319765,-0.8511387,-1.5729905,3.567959
1457127319776,-1.3730747,-3.690662,3.8726213
1457127319785,-2.0817583,-6.609194,5.271434
1457127319798,-2.9047651,-11.751341,6.3901243
1457127319805,-3.7415388,-18.410812,7.241862
1457127319816,-4.0761285,-19.608511,7.33344
1457127319825,-5.510854,-19.608511,4.4675803
1457127319837,-7.0766616,-19.608511,-3.1555579
1457127319848,-7.1383123,-19.238607,-8.868722
1457127319863,-6.079477,-18.66819,-10.203489
1457127319872,-5.0763063,-17.688362,-8.520964
1457127319878,-3.1639376,-15.10442,-6.0651116
1457127319886,-2.4480712,-13.010092,-5.9807158
1457127319896,-1.9153614,-11.818976,-5.358822
1457127319906,-0.45010993,-11.781867,-4.349666
1457127319922,0.61530983,-10.538078,-1.834557
1457127319939,1.1474211,-9.772532,-0.6488287
1457127319939,0.85413146,-9.871294,-0.30945057
1457127319945,0.80804306,-9.473856,1.1318588
1457127319959,0.89303726,-8.592192,2.0937295
1457127319967,1.234211,-7.019799,2.0057425
1457127319978,1.5358804,-5.395334,1.0857705
1457127319986,1.496376,-3.787627,1.1085154
1457127320000,2.3930047,-2.3953989,1.1444284
1457127320007,3.5673606,-1.7435774,1.3880384
1457127320016,4.1383777,-1.3724761,3.6990416
1457127320026,3.9366663,-0.842759,3.369839
1457127320038,2.9933507,-0.94930094,2.1589713
1457127320046,2.4450784,-0.8726865,0.6392518
1457127320058,1.834557,-1.021127,-0.92655605
1457127320066,1.09834,-1.9722236,-1.5664065
1457127320076,0.55006784,-4.043208,-2.042254
1457127320087,-0.1316811,-7.578247,-1.2856863
1457127320105,-0.26755205,-11.6507845,1.8130093
1457127320107,0.12449849,-16.924013,4.3041763
1457127320118,0.33638534,-19.608511,3.0986955
1457127320126,0.48003745,-19.608511,1.578976
1457127320138,0.44771573,-19.033903,0.80325466
1457127320146,0.6727707,-18.270153,0.31244332
1457127320166,1.2258313,-19.300259,1.3796587
1457127320174,2.1362264,-19.608511,2.9071593
1457127320177,2.4313118,-18.98961,2.730587
1457127320187,2.5965118,-17.566856,2.1930888
1457127320200,2.6342204,-16.681002,1.6370354
1457127320216,2.2122424,-16.428413,0.6751649
1457127320220,1.6807296,-16.316484,-0.5722142
1457127320226,0.8499416,-15.990274,-1.2808979
1457127320240,-0.3776853,-15.127764,-2.1254525
1457127320246,-1.7836803,-13.558963,-3.554791
1457127320256,-2.795829,-11.927315,-5.1702785
1457127320266,-3.4105403,-10.263943,-5.9603653
1457127320280,-3.7732618,-8.073847,-4.823718
1457127320286,-3.6870706,-5.3396683,-3.3626564
1457127320296,-3.6254199,-3.141791,-3.2034419
1457127320306,-2.9131448,-2.0829554,-3.371036
1457127320316,-2.5031378,-1.785476,-3.2070332
1457127320326,-2.0470424,-1.3006501,-2.248754
1457127320342,-1.5849615,-0.8331822,-1.1402385
1457127320347,-1.0049661,-0.48841715,-0.34117374
1457127320357,-0.6374562,-0.35434186,0.4189853
1457127320366,-0.38367084,-0.3489549,1.1941081
1457127320377,-0.40761283,-0.741604,1.3970166
1457127320386,-0.8218097,-1.7495629,1.4766239
1457127320399,-1.763928,-3.669114,3.4302924
1457127320407,-2.6731262,-7.691373,5.0667295
1457127320422,-4.000711,-14.367006,6.2620344
1457127320428,-4.4244847,-19.337368,6.8492126
1457127320442,-5.397129,-19.608511,5.1361613
1457127320446,-6.7881603,-19.608511,2.2152352
1457127320464,-7.280169,-19.608511,-1.8495208
1457127320467,-6.939594,-19.360712,-5.3408656
1457127320486,-5.5551467,-19.233221,-6.6044054
1457127320498,-3.7014358,-18.429367,-6.093842
1457127320499,-1.9446903,-16.220118,-5.084686
1457127320514,-1.0079589,-13.463195,-5.493496
1457127320519,-0.670975,-12.043433,-4.501099
1457127320527,0.06464344,-11.499351,-4.272453
1457127320537,1.4772224,-10.822391,-2.2182279
1457127320548,1.5855601,-9.731832,0.14544775
1457127320557,1.5334862,-9.014768,1.5370775
1457127320566,1.5879543,-8.01459,2.4492683
1457127320580,1.6795325,-6.4523735,2.4947581
1457127320586,1.6478093,-4.9823337,2.617461
1457127320603,1.5885528,-3.807978,2.4774003
1457127320608,1.6831238,-2.3409307,2.392406
1457127320617,2.183512,-1.0977415,0.5327099
1457127320627,3.1364043,-0.5859809,0.7517793
1457127320646,3.532046,-0.09935937,2.19249
1457127320648,2.3505075,-0.017357962,-0.23822308
1457127320657,1.3694834,-0.1933318,-2.328361
1457127320666,1.0714053,-0.64942724,-3.6296098
1457127320677,1.3515269,-2.15957,-5.3163247
1457127320691,1.3042414,-5.42167,-6.271611
1457127320709,0.27712885,-10.217256,-5.4312468
1457127320710,-1.1725603,-16.814478,-1.5999253
1457127320717,-1.7830818,-19.608511,1.0570401
1457127320726,-1.5059528,-19.608511,5.170877
1457127320738,-1.3850456,-19.608511,7.3059063
1457127320750,-0.2837129,-19.488203,3.9683893
1457127320762,0.6805518,-15.138537,-0.37469256
1457127320767,0.6266823,-13.120824,-2.1984756
1457127320778,1.7525556,-13.8241205,2.1775265
1457127320786,2.142212,-14.702194,4.072537
1457127320798,1.4909891,-13.626599,3.1729157
1457127320810,0.7344214,-11.844714,3.318962
1457127320821,-0.17896658,-10.764331,3.6014779
1457127320826,-0.85891986,-10.342952,3.1866825
1457127320837,-1.2605472,-9.464279,2.3780408
1457127320846,-1.2384008,-7.9541364,1.7369933
1457127320857,-1.0217255,-6.302736,1.0947487
1457127320866,-1.4395138,-5.0918684,0.09636662
1457127320879,-2.3211784,-4.666898,-0.7811083
1457127320886,-2.830545,-4.4143095,-0.9343372
1457127320897,-3.3369186,-4.019266,-0.40402153
1457127320907,-3.8624458,-4.073136,-0.130484
1457127320917,-3.6583402,-4.621408,-0.6919243
1457127320926,-3.083732,-5.5288105,-1.2503718
1457127320939,-2.5701754,-6.4044895,-1.7914615
1457127320946,-2.1841104,-7.2424603,-2.148796
1457127320958,-1.9578584,-8.064868,-1.929128
1457127320966,-1.6412252,-8.782531,-1.4496891
1457127320977,-1.055843,-9.308656,-0.91219085
1457127320987,0.48362875,-9.498995,-0.45190558
1457127321001,3.0490158,-9.296685,-0.439336
1457127321007,4.187459,-9.867104,-0.9247604
1457127321017,4.2197804,-11.443087,-1.7782934
1457127321027,3.4763808,-12.786234,-2.7389667
1457127321037,2.5743654,-13.430873,-3.3967736
1457127321047,1.9063832,-14.5567465,-3.2836475
1457127321063,1.3802572,-17.361553,-1.7465701
1457127321067,0.5758055,-19.182943,1.429937
1457127321077,-0.16101007,-18.847157,2.9616275
1457127321087,-0.8738836,-16.466122,2.8814218
1457127321097,-2.2122424,-13.4661875,1.584363
1457127321107,-2.6641479,-11.486781,0.6206968
1457127321122,-3.8983588,-11.043854,3.466804
1457127321131,-4.9972973,-11.005547,1.4838065
1457127321140,-5.3983264,-11.6507845,2.055422
1457127321148,-5.60722,-11.875839,2.906561
1457127321157,-6.3003416,-12.328941,2.8646624
1457127321167,-6.813898,-12.325351,2.966416
1457127321182,-7.2927384,-11.829152,2.873042
1457127321187,-7.4830775,-10.828376,2.3995886
1457127321197,-7.0006456,-9.937134,2.0757728
1457127321207,-6.0441623,-9.583989,1.7417817
1457127321217,-4.426879,-9.341577,0.7799112
1457127321227,-3.1992521,-8.989629,-0.2717419
1457127321239,-2.2026656,-8.357559,-1.4634558
1457127321250,-0.83018947,-8.106767,-2.6593595
1457127321258,1.2557588,-8.322844,-3.4201171
1457127321267,3.019687,-8.716091,-2.9161377
1457127321278,4.332308,-8.560468,-1.8626889
1457127321287,4.3161473,-8.070854,-1.316811
1457127321299,3.9803603,-6.872556,-1.0839748
1457127321307,3.1914709,-5.3582234,-0.39264908
1457127321319,2.7060466,-5.020641,-0.28311434
1457127321327,2.5492263,-5.4504004,0.20709845
1457127321338,2.3050177,-5.3701944,1.2785037
1457127321347,1.6172832,-5.479729,1.650802
1457127321361,0.6769605,-5.485116,0.9331401
1457127321367,-0.25797522,-5.5006785,0.46088383
1457127321378,-0.6386533,-5.5551467,0.4381389
1457127321387,-0.56682724,-5.9148755,0.48003745
1457127321398,-0.40641573,-6.8450227,0.38367084
1457127321408,-0.20530279,-7.5351515,-0.6368576
1457127321420,-0.17477672,-8.402451,-2.0638018
1457127321428,-0.08379706,-9.703101,-3.6703112
1457127321438,0.01616086,-11.9333,-4.5633483
1457127321448,0.5105635,-13.809156,-5.140351
1457127321459,1.4502877,-14.62558,-5.575497
1457127321468,2.2876596,-14.376583,-5.931036
1457127321487,2.4432828,-13.584701,-6.093243
1457127321488,1.3293805,-13.611036,-6.2805896
1457127321505,0.06703765,-14.016854,-5.2121773
1457127321510,-0.9959879,-15.035586,-2.0679917
1457127321519,-2.5264814,-15.850214,-1.3587095
1457127321528,-3.5883098,-15.442002,-1.8423382
1457127321544,-3.764882,-13.962984,-1.311424
1457127321549,-3.4326868,-11.954249,1.3485341
1457127321558,-2.7551277,-10.17835,1.9195513
1457127321568,-1.1414356,-9.741408,1.1528081
1457127321579,-0.037110128,-9.552865,0.25079262
1457127321588,0.4405331,-9.928156,0.7637503
1457127321606,0.6422446,-10.779893,2.3570917
1457127321608,0.78170687,-11.449671,3.6565444
1457127321619,0.7649474,-11.765107,3.7056258
1457127321632,0.79607207,-11.389217,3.7972038
1457127321640,1.0480618,-10.930728,3.8043866
1457127321648,1.3000516,-10.754754,3.6529531
1457127321661,1.4359225,-10.475829,2.939481
1457127321668,1.1402385,-10.075998,2.1003134
1457127321680,0.4225766,-9.178771,1.3575124
1457127321693,-0.6697779,-8.726865,0.46746787
1457127321699,-1.7699136,-9.109339,-0.88944596
1457127321713,-2.4199393,-9.706693,-0.7248446
1457127321726,-2.3900118,-9.738416,-0.29747957
1457127321728,-1.7381904,-9.360131,-0.3453636
1457127321741,-0.46926352,-9.0081835,-0.17357962
1457127321752,0.3585317,-8.848969,0.272939
1457127321759,0.4213795,-8.347982,0.23582886
1457127321768,0.13467385,-8.001422,-0.62728083
1457127321781,-0.25917232,-8.169615,-1.6154876
1457127321788,-0.8463503,-8.589199,-2.5288756
1457127321799,-0.7661445,-8.364742,-2.8927941
1457127321808,-0.25498247,-7.891887,-1.7896658
1457127321819,-0.035314474,-8.255207,-0.29927522
1457127321828,-0.42197806,-8.549694,0.81283146
1457127321841,-0.60214174,-8.92738,1.0127473
1457127321861,-1.1168951,-8.46889,0.97982705
1457127321869,-1.560421,-7.6614456,0.48362875
1457127321881,-1.7256209,-7.695563,-0.89184016
1457127321890,-1.5987282,-8.045116,-1.3784616
1457127321904,-0.88645315,-8.643666,-1.614889
1457127321910,-0.28670564,-8.357559,-1.3138182
1457127321921,0.6386533,-9.077616,-2.6844985
1457127321931,1.5251064,-11.805809,-3.8265328
1457127321941,1.5969325,-13.885772,-3.7014358
1457127321949,1.9434932,-14.369999,-3.6535518
1457127321967,2.5306711,-13.488334,-2.815581
1457127321977,2.743755,-12.765285,-2.2331917
1457127321979,2.6617537,-13.627796,-1.4586674
1457127321988,1.8890251,-16.238075,0.6769605
1457127321999,0.3238158,-17.579426,2.1164744
1457127322008,0.10055647,-16.675016,1.5143325
1457127322020,-0.33159694,-15.209167,0.54767364
1457127322029,-1.3724761,-13.162124,-0.044292733
1457127322041,-2.6264393,-10.913968,-0.3561375
1457127322050,-3.5033157,-9.122507,-0.19812019
1457127322058,-4.1982327,-8.132504,0.5057751
1457127322070,-4.84766,-8.632893,1.3628993
1457127322083,-4.059369,-9.541492,2.7994204
1457127322087,-3.9079356,-9.579201,3.9031472
1457127322102,-4.618415,-9.399636,3.7858315
1457127322111,-5.1002483,-9.51336,3.6613328
1457127322118,-5.027225,-9.470264,3.0232782
1457127322128,-4.6244006,-9.670779,2.183512
1457127322141,-4.1695023,-9.693524,1.2276269
1457127322148,-3.3901896,-10.020332,0.22445641
1457127322159,-2.5354595,-10.368689,-0.6769605
1457127322172,-1.4263457,-11.457452,-1.282095
1457127322182,-1.7016789,-11.466431,-1.8710686
1457127322191,-0.8762778,-11.164163,-2.866458
1457127322204,0.20829555,-10.319608,-3.7708676
1457127322208,1.7058687,-9.980229,-4.455011
1457127322223,2.9933507,-10.19092,-4.028843
1457127322229,3.4638114,-9.800066,-3.3051953
1457127322241,3.4249055,-8.760384,-3.2986114
1457127322265,3.3596635,-7.3268557,-2.949058
1457127322267,3.5990837,-6.8749504,-2.6689363
1457127322269,3.6942532,-6.889914,-1.654992
1457127322279,3.4518404,-6.443994,0.3609259
1457127322288,3.5619736,-6.6295447,1.0199299
1457127322299,3.1789012,-6.459556,0.3429694
1457127322308,2.6755204,-5.530606,-0.5835867
1457127322321,2.0470424,-4.9984946,-1.4532804
1457127322328,1.721431,-5.771223,-2.541445
1457127322339,1.2814964,-6.9503675,-3.2154129
1457127322348,0.97503865,-7.4974427,-3.2908301
1457127322359,1.0959458,-7.923012,-2.9939492
1457127322372,1.4478935,-8.760384,-3.316568
1457127322381,2.1146786,-10.166379,-4.131195
1457127322391,2.9993362,-11.265318,-4.405331
1457127322403,3.083732,-11.830349,-4.7937903
1457127322409,2.8030117,-11.925519,-5.193622
1457127322422,1.882441,-12.247539,-5.3743844
1457127322428,1.1522095,-12.4151325,-5.8508306
1457127322447,0.7254431,-12.929886,-6.0363812
1457127322451,1.0301052,-13.331513,-7.0712748
1457127322465,1.7405846,-13.348871,-7.023989
1457127322474,2.1529858,-13.102867,-3.5458126
1457127322481,0.97503865,-12.7096195,-3.1112652
1457127322489,0.18854338,-12.0727625,-4.606444
1457127322501,-0.020949265,-11.403583,-4.3478703
1457127322508,-0.13706805,-10.538677,-3.5332432
1457127322519,-0.25797522,-8.963891,-3.6966474
1457127322530,-0.08499416,-7.5345526,-3.2962172
1457127322540,0.6332663,-7.4788876,-1.8872294
1457127322548,1.2401965,-8.028357,-0.39205053
1457127322562,1.3982137,-8.158242,0.8571242
1457127322568,1.6101006,-8.380903,1.3587095
1457127322585,1.757344,-9.219472,1.4502877
1457127322589,1.8441339,-9.670779,0.6757634
1457127322599,1.9422961,-10.056845,-0.7128736
1457127322609,2.428319,-10.750565,-1.4407109
1457127322628,2.9520507,-11.153389,-1.5406688
1457127322629,3.2130187,-11.537658,-1.0666169
1457127322639,2.7084408,-11.657967,-0.42317516
1457127322649,1.1683705,-11.859079,-0.81522566
1457127322659,-0.17417817,-11.996147,-1.7154455
1457127322668,-0.7673417,-11.817181,-1.1988965
1457127322681,-1.4736311,-11.339538,-1.5005659
1457127322688,-1.1079168,-10.842142,-1.7681179
1457127322699,-1.2749124,-10.197504,-1.496376
1457127322708,-1.7076644,-8.958505,-2.7246015
1457127322719,-0.94930094,-7.165247,-4.1359835
1457127322728,0.96785605,-5.3061495,-3.5661635
1457127322741,2.7365725,-4.371214,-2.3169887
1457127322748,3.2429461,-4.7255554,-2.0979192
1457127322760,1.6681601,-6.4020953,-2.1535845
1457127322768,0.7110779,-7.915829,-1.0773908
1457127322779,1.2024878,-9.484032,0.30885202
1457127322788,1.5574282,-11.151593,0.039504327
1457127322807,1.9033904,-12.86644,-0.272939
1457127322809,0.86370826,-13.396755,0.20051439
1457127322819,0.18136078,-10.490194,-0.19393034
1457127322828,-0.15682021,-8.848969,-1.553837
1457127322839,-0.7906851,-8.593987,-2.5605986
1457127322852,-0.3633201,-9.015367,-2.60968
1457127322863,1.7010803,-9.94312,-3.0454245
1457127322872,2.831742,-11.116877,-2.6324248
1457127322882,3.1741128,-12.256517,-2.7880478
1457127322890,3.7217865,-13.626,-3.1082723
1457127322904,4.4460325,-15.078084,-3.3441012
1457127322913,4.6375685,-16.275784,-3.6343982
1457127322922,4.660912,-16.420034,-3.0131028
1457127322929,5.4462104,-14.717756,-2.3714569
1457127322941,6.208165,-14.180857,-2.705448
1457127322948,5.510854,-14.326903,-1.7004818
1457127322959,4.0426097,-16.047735,-0.27473465
1457127322968,3.0921116,-16.880919,0.110133275
1457127322983,2.368464,-16.659454,-1.0648212
1457127322989,2.0757728,-15.904083,-1.6065093
1457127323004,1.7591397,-15.274408,-2.6084828
1457127323009,1.4341269,-14.495095,-2.0410569
1457127323019,0.24899697,-13.339294,-1.6813282
1457127323029,0.10534488,-11.034876,0.18734628
1457127323042,0.3369839,-8.646061,1.8237832
1457127323048,-0.3369839,-7.1083846,2.6659436
1457127323059,-1.3335704,-7.1071877,3.2315738
1457127323077,-2.327164,-6.8480153,2.9041667
1457127323082,-3.1717186,-6.8372416,2.6485856
1457127323088,-5.2462945,-9.458893,1.3808558
1457127323103,-6.6307416,-10.552444,-0.5201403
1457127323112,-6.4906807,-10.41358,-1.2623428
1457127323126,-5.097854,-10.533889,0.3196259
1457127323130,-3.039439,-10.361506,-0.006584055
1457127323141,-0.44352585,-9.574412,-0.66379243
1457127323153,1.246182,-9.1272955,-0.99179804
1457127323167,1.8776526,-9.56304,-1.5292963
1457127323169,1.7753005,-10.002377,-1.5376761
1457127323182,1.6603789,-11.122264,-1.0690111
1457127323191,1.1605892,-12.264896,-0.24540567
1457127323204,0.9271546,-12.595297,-0.05566519
1457127323212,2.4025815,-11.601703,-3.7110126
1457127323225,4.380192,-9.2787285,-5.060744
1457127323229,5.8574142,-7.7207017,-5.229535
1457127323241,6.2728086,-8.125322,-4.214992
1457127323253,6.235698,-8.448539,-3.9845502
1457127323260,5.3683987,-8.5299425,-5.4504004
1457127323269,4.131195,-8.944737,-5.8161144
1457127323282,3.329736,-9.545682,-5.4725466
1457127323289,3.651756,-9.772532,-1.9668367
1457127323306,4.7734394,-9.109938,0.66498953
1457127323322,6.3177,-8.376713,2.2720973
1457127323323,7.059902,-8.301894,2.3612814
1457127323329,7.86196,-8.4425535,-0.30466217
1457127323344,7.873931,-8.422802,-0.5081693
1457127323350,7.8571715,-8.135497,-2.5971103
1457127323360,7.8469963,-7.3579803,-4.384382
1457127323370,8.042124,-6.875549,-5.1786585
1457127323379,8.002619,-6.4523735,-4.984728
1457127323390,7.9996266,-6.345233,-3.9163153
1457127323401,8.007407,-6.5379663,-2.1529858
1457127323414,7.9888525,-7.0820484,-0.89423436
1457127323424,7.843405,-7.4723034,-0.65242
1457127323429,7.949348,-7.2670007,-1.1569979
1457127323440,8.198345,-6.637326,-1.3186066
1457127323451,8.257003,-6.18542,-1.1324574
1457127323461,8.573636,-5.7245364,-0.7134721
1457127323469,9.555858,-4.9218802,-0.05267244
1457127323481,10.456078,-4.2784386,0.29328972
1457127323489,11.154586,-4.158728,0.10354923
1457127323506,11.370064,-4.457405,0.4357447
1457127323509,10.988788,-5.3606176,1.5676036
1457127323528,10.436325,-6.1596823,3.4219127
1457127323530,9.965266,-6.6726403,5.08708
1457127323541,9.402629,-6.793547,5.9118824
1457127323551,9.336189,-6.4589577,5.759252
1457127323562,9.717466,-5.6784477,5.345055
1457127323573,9.968259,-5.4114943,5.381567
1457127323585,9.279925,-5.7442884,6.035184
1457127323591,8.631696,-5.78499,6.4362125
1457127323602,8.231265,-5.539584,6.0944405
1457127323610,7.219715,-5.4821234,5.54557
1457127323624,6.019622,-5.194819,5.273828
1457127323632,4.894945,-4.606444,5.0691237
1457127323644,4.6255975,-3.912724,5.065532
1457127323651,5.2397103,-3.0304608,5.3318872
1457127323666,5.7023897,-2.0518308,5.5886655
1457127323669,5.965752,-1.0594343,5.5659204
1457127323684,6.1357403,-0.5710171,5.463568
1457127323692,5.9322333,-1.0714053,5.7454853
1457127323708,4.654927,-1.9925743,7.15986
1457127323710,3.518878,-2.6515784,8.853159
1457127323724,3.281852,-2.6378117,9.81084
1457127323733,3.50571,-1.9919758,9.68694
1457127323741,3.976769,-1.086369,9.293693
1457127323751,4.672883,-0.108337626,9.4696665
1457127323766,5.137358,0.43873745,9.903017
1457127323771,5.521029,0.94331545,9.855731
1457127323780,5.8280854,1.3533225,9.669582
1457127323790,5.8292828,1.4634558,9.102755
1457127323800,5.477335,1.1180922,8.550293
1457127323809,4.128801,0.1945289,7.7787614
1457127323822,3.300407,-0.18195933,6.393117
1457127323829,3.0783448,-0.29807812,7.120356
1457127323841,2.2637177,0.15322891,6.3643866
1457127323849,1.941099,0.3573346,5.2157683
1457127323860,1.8315643,0.49081135,5.9489927
1457127323875,1.9201498,0.5069722,7.7093296
1457127323886,2.070386,0.5506664,9.264363
1457127323890,2.0242975,0.62249243,9.964667
1457127323903,2.1481974,0.961272,9.5798
1457127323913,1.4526819,1.5149311,9.321824
1457127323923,1.2467805,1.4867992,9.113529
1457127323932,1.1444284,1.3257892,8.407838
1457127323945,1.1031284,1.3365631,6.6480994
1457127323950,1.0779893,1.8309658,3.881001
1457127323963,0.24720132,2.552219,1.3958195
1457127323972,-0.17717093,2.9406781,5.5778913
1457127323984,0.51475334,3.365649,10.381259
1457127323992,1.0618285,3.4087446,11.820772
1457127324007,1.0366893,3.0484173,11.2210245
1457127324011,0.7858967,2.693477,9.55885
1457127324026,0.6799533,2.5887306,8.664018
1457127324030,1.0043676,2.9771898,8.65863
1457127324045,1.4030021,3.0873232,9.536704
1457127324050,1.7328035,2.8089972,10.411186
1457127324065,1.9859903,2.4534583,10.904391
1457127324095,2.2852654,2.4654293,11.113286
1457127324096,2.3355439,2.3235726,10.833763
1457127324096,1.7992426,1.7471687,10.681132
1457127324101,1.2850877,1.1133038,10.565014
1457127324109,0.8900445,1.055843,10.323199
1457127324124,0.36631286,1.2749124,9.805453
1457127324131,0.089782566,1.1306617,9.503185
1457127324142,0.34835634,1.168969,9.925761
1457127324150,0.96067345,1.6729485,10.410587
1457127324160,1.7381904,2.4408886,10.638037
1457127324169,2.585738,2.7234044,10.59973
1457127324182,2.831742,2.8443117,9.428367
1457127324189,2.1051018,3.2860417,7.3986816
1457127324202,1.2425907,3.506907,6.2859764
1457127324210,1.1605892,3.4859576,5.9507885
1457127324220,1.1294646,3.555988,6.6187706
1457127324230,0.7577648,3.7421372,8.590994
1457127324245,0.2765303,3.4051533,10.207081
1457127324250,-0.35075054,3.0011318,10.850522
1457127324264,-0.76434886,2.8125885,10.831368
1457127324270,-1.0103531,2.8772318,9.9550905
1457127324281,-1.3682863,3.2273839,8.656835
1457127324290,-1.7950528,3.5930982,7.920019
1457127324304,-1.8620903,3.82773,7.2711906
1457127324310,-1.9644425,3.8654387,7.3484035
1457127324321,-1.6274586,3.8139634,6.9862804
1457127324330,-1.400608,4.0360255,6.5002575
1457127324341,-1.7202339,4.3766007,6.1279593
1457127324350,-2.372654,4.4382515,6.4541693
1457127324364,-2.8491,4.280234,7.369353
1457127324372,-3.193865,4.0360255,8.164826
1457127324386,-3.490746,3.904943,8.468291
1457127324391,-3.596091,4.023456,8.1163435
1457127324404,-3.4608185,4.197036,7.6404963
1457127324411,-3.0813377,4.210802,7.8092875
1457127324426,-2.7814639,3.7924154,8.1797905
1457127324432,-2.7431567,3.4608185,8.849568
1457127324445,-2.6593595,3.518878,9.367314
1457127324452,-2.3361423,3.8355112,9.296086
1457127324465,-1.7926586,4.3502645,8.655039
1457127324473,-2.0398598,5.2361193,6.5547256
1457127324484,-3.0454245,5.33488,7.137714
1457127324492,-3.517681,4.2850223,8.945934
1457127324500,-3.7181952,3.942053,9.073426
1457127324510,-3.8456864,4.572925,8.366538
1457127324520,-3.5290532,5.0451818,8.133103
1457127324530,-3.0029275,5.2169657,8.507197
1457127324549,-2.747945,5.3438582,8.53054
