1457122991490,990.6055
1457122991548,990.5956
1457122991578,990.5956
1457122991608,990.5956
1457122991637,990.5956
1457122991667,990.5956
1457122991697,990.5956
1457122991728,990.5956
1457122991756,990.5956
1457122991816,990.6055
1457122991846,990.604
1457122991876,990.5956
1457122991905,990.5956
1457122991935,990.5956
1457122991965,990.5956
1457122991994,990.5956
1457122992024,990.5956
1457122992083,990.5956
1457122992113,990.5938
1457122992143,990.5856
1457122992173,990.5856
1457122992202,990.5856
1457122992233,990.5856
1457122992262,990.5856
1457122992292,990.5856
1457122992352,990.5856
1457122992381,990.5856
1457122992412,990.5856
1457122992441,990.5856
1457122992471,990.5856
1457122992500,990.5856
1457122992530,990.5856
1457122992561,990.5856
1457122992620,990.5856
1457122992649,990.5835
1457122992679,990.57556
1457122992709,990.57556
1457122992739,990.57556
1457122992768,990.5827
1457122992798,990.5856
1457122992828,990.5856
1457122992887,990.5856
1457122992918,990.5856
1457122992947,990.5856
1457122992977,990.5856
1457122993007,990.5856
1457122993037,990.5929
1457122993066,990.5956
1457122993103,990.5956
1457122993158,990.5956
1457122993186,990.5956
1457122993216,990.5956
1457122993245,990.5956
1457122993295,990.5956
1457122993324,990.5956
1457122993354,990.59766
1457122993384,990.6055
1457122993413,990.6055
1457122993444,990.6055
1457122993475,990.61273
1457122993503,990.61554
1457122993533,990.60583
1457122993593,990.6055
1457122993622,990.6055
1457122993652,990.6055
1457122993682,990.6055
1457122993712,990.6055
1457122993742,990.6055
1457122993771,990.6055
1457122993801,990.6055
1457122993861,990.6055
1457122993894,990.6055
1457122993920,990.6055
1457122993950,990.6055
1457122993980,990.6055
1457122994010,990.61304
1457122994039,990.61554
1457122994099,990.61554
1457122994129,990.61554
1457122994158,990.61554
1457122994188,990.61554
1457122994218,990.61554
1457122994247,990.61554
1457122994279,990.61554
1457122994309,990.61554
1457122994368,990.61554
1457122994400,990.61554
1457122994429,990.61554
1457122994457,990.61554
1457122994487,990.61554
1457122994517,990.61554
1457122994548,990.61554
1457122994579,990.61554
1457122994638,990.61554
1457122994667,990.61554
1457122994698,990.61554
1457122994727,990.61554
1457122994756,990.61554
1457122994786,990.61554
1457122994816,990.61554
1457122994846,990.61554
1457122994905,990.61554
1457122994936,990.61554
1457122994965,990.61554
1457122994995,990.61554
1457122995025,990.61554
1457122995055,990.6225
1457122995084,990.62555
1457122995147,990.62555
1457122995171,990.62476
1457122995201,990.61554
1457122995230,990.61554
1457122995261,990.6201
1457122995290,990.62555
1457122995320,990.6184
1457122995351,990.61554
1457122995380,990.61554
1457122995439,990.6165
1457122995469,990.62555
1457122995499,990.62555
1457122995529,990.62555
1457122995560,990.62555
1457122995588,990.62555
1457122995618,990.62555
1457122995648,990.6354
1457122995707,990.6355
1457122995738,990.6355
1457122995768,990.6355
1457122995796,990.6355
1457122995826,990.6355
1457122995856,990.6355
1457122995886,990.6355
1457122995946,990.6355
1457122995976,990.6355
1457122996010,990.6355
1457122996038,990.6355
1457122996067,990.6355
1457122996097,990.6355
1457122996127,990.6355
1457122996157,990.6355
1457122996216,990.6355
1457122996246,990.6355
1457122996281,990.6355
1457122996327,990.6355
1457122996332,990.6355
1457122996362,990.6355
1457122996392,990.6355
1457122996422,990.6355
1457122996482,990.6355
1457122996511,990.6355
1457122996542,990.6355
1457122996573,990.6355
1457122996601,990.6355
1457122996633,990.64233
1457122996662,990.6455
1457122996693,990.6455
1457122996751,990.6455
1457122996786,990.6455
1457122996809,990.6455
1457122996838,990.6455
1457122996870,990.6455
1457122996900,990.6455
1457122996928,990.6455
1457122996959,990.6455
1457122997018,990.6455
1457122997048,990.6455
1457122997079,990.6455
1457122997110,990.6455
1457122997141,990.6455
1457122997166,990.6455
1457122997196,990.6455
1457122997231,990.6455
1457122997285,990.6455
1457122997316,990.6455
1457122997346,990.6455
1457122997375,990.6455
1457122997406,990.6455
1457122997436,990.6455
1457122997467,990.6455
1457122997500,990.6455
1457122997553,990.6455
1457122997584,990.6455
1457122997614,990.6455
1457122997643,990.6455
1457122997673,990.6455
1457122997702,990.6455
1457122997738,990.6455
1457122997793,990.64557
1457122997824,990.6555
1457122997851,990.6555
1457122997881,990.6555
1457122997916,990.6555
1457122997940,990.6555
1457122997970,990.6555
1457122998001,990.6555
1457122998061,990.6555
1457122998092,990.6555
1457122998121,990.6555
1457122998149,990.6555
1457122998179,990.6502
1457122998209,990.6455
1457122998239,990.6455
1457122998270,990.6455
1457122998340,990.6455
1457122998359,990.6455
1457122998393,990.6455
1457122998420,990.6455
1457122998450,990.6455
1457122998479,990.6455
1457122998509,990.6455
1457122998539,990.6455
1457122998601,990.6455
1457122998627,990.6455
1457122998663,990.6455
1457122998710,990.6455
1457122998720,990.6455
1457122998744,990.6455
1457122998774,990.6455
1457122998804,990.6455
1457122998863,990.6455
1457122998893,990.64343
1457122998923,990.6355
1457122998953,990.6355
1457122998982,990.64136
1457122999012,990.6455
1457122999043,990.6455
1457122999073,990.6455
1457122999137,990.6455
1457122999162,990.6455
1457122999191,990.6455
1457122999223,990.6455
1457122999250,990.6455
1457122999281,990.6455
1457122999310,990.6455
1457122999340,990.6455
1457122999399,990.6455
1457122999430,990.6455
1457122999460,990.6455
1457122999489,990.6455
1457122999519,990.6455
1457122999554,990.6455
1457122999578,990.6455
1457122999638,990.6455
1457122999668,990.6455
1457122999697,990.6481
1457122999727,990.6555
1457122999765,990.6504
1457122999792,990.6455
1457122999818,990.6455
1457122999849,990.6455
1457122999908,990.6455
1457122999938,990.6455
1457122999968,990.6455
1457122999997,990.6455
1457123000027,990.6455
1457123000057,990.6455
1457123000086,990.6455
1457123000117,990.6455
1457123000177,990.6455
1457123000206,990.6455
1457123000243,990.6455
1457123000269,990.6455
1457123000299,990.6455
1457123000326,990.6455
1457123000355,990.6455
1457123000384,990.6455
1457123000443,990.6455
1457123000471,990.6455
1457123000503,990.6455
1457123000532,990.6455
1457123000561,990.6455
1457123000591,990.6455
1457123000620,990.6455
1457123000650,990.6455
1457123000710,990.6455
1457123000739,990.6455
1457123000770,990.6455
1457123000800,990.6409
1457123000829,990.6355
1457123000859,990.6355
1457123000889,990.6355
1457123000919,990.6355
1457123000980,990.6355
1457123001010,990.6355
1457123001038,990.6355
1457123001069,990.63074
1457123001098,990.62555
1457123001129,990.6328
1457123001160,990.6355
1457123001192,990.6355
1457123001247,990.6355
1457123001278,990.6331
1457123001319,990.62555
1457123001337,990.62555
1457123001365,990.62555
1457123001398,990.62555
1457123001428,990.62555
1457123001485,990.62555
1457123001514,990.62555
1457123001544,990.62555
1457123001574,990.62555
1457123001603,990.62555
1457123001635,990.62555
1457123001664,990.62555
1457123001704,990.62555
1457123001752,990.62555
1457123001782,990.62555
1457123001811,990.62555
1457123001845,990.62555
1457123001875,990.62555
1457123001902,990.62555
1457123001933,990.62555
1457123001963,990.62555
1457123002021,990.62555
1457123002050,990.6239
1457123002082,990.61554
1457123002109,990.61554
1457123002144,990.61554
1457123002172,990.61554
1457123002199,990.61554
1457123002235,990.61554
1457123002290,990.61554
1457123002320,990.61554
1457123002351,990.61554
1457123002379,990.61554
1457123002410,990.61554
1457123002439,990.61554
1457123002469,990.61554
1457123002499,990.61554
1457123002562,990.6163
1457123002588,990.62555
1457123002619,990.62555
1457123002653,990.621
1457123002680,990.61554
1457123002707,990.61554
1457123002738,990.61554
1457123002767,990.61554
1457123002827,990.61554
1457123002856,990.61554
1457123002886,990.61554
1457123002916,990.61554
1457123002945,990.61554
1457123002975,990.61554
1457123003004,990.61554
1457123003033,990.61554
1457123003094,990.61554
1457123003122,990.61554
1457123003157,990.61554
1457123003187,990.61554
1457123003216,990.61554
1457123003243,990.61554
1457123003274,990.61554
1457123003308,990.61554
1457123003362,990.61554
1457123003393,990.61554
1457123003422,990.61554
1457123003453,990.61554
1457123003482,990.6218
1457123003511,990.62555
1457123003541,990.62555
1457123003601,990.62555
1457123003631,990.62555
1457123003660,990.62555
1457123003690,990.62555
1457123003720,990.62555
1457123003749,990.62555
1457123003781,990.62555
1457123003807,990.62555
1457123003868,990.62555
1457123003897,990.62555
1457123003927,990.62555
1457123003956,990.62555
1457123003987,990.62555
1457123004022,990.62555
1457123004050,990.62555
1457123004078,990.62555
1457123004141,990.62555
1457123004170,990.62555
1457123004198,990.6225
1457123004226,990.61554
1457123004256,990.61554
1457123004285,990.61554
1457123004313,990.61554
1457123004343,990.6249
1457123004403,990.62555
1457123004433,990.62555
1457123004463,990.62555
1457123004492,990.62555
1457123004526,990.6198
1457123004552,990.61554
1457123004582,990.61554
1457123004611,990.61554
1457123004671,990.61554
1457123004701,990.61554
1457123004732,990.61554
1457123004761,990.61554
1457123004790,990.61554
1457123004819,990.61554
1457123004849,990.61554
1457123004879,990.61554
1457123004939,990.62555
1457123004970,990.62555
1457123005000,990.62555
1457123005029,990.62555
1457123005059,990.62555
1457123005089,990.62555
1457123005119,990.61694
1457123005148,990.61554
1457123005208,990.61554
1457123005238,990.6179
1457123005268,990.62555
1457123005297,990.62555
1457123005328,990.62555
1457123005359,990.62555
1457123005395,990.6168
1457123005430,990.61554
1457123005476,990.62555
1457123005505,990.62555
1457123005535,990.62555
1457123005565,990.62555
1457123005595,990.62555
1457123005625,990.62555
1457123005654,990.62555
1457123005714,990.62537
1457123005744,990.61554
1457123005773,990.61554
1457123005809,990.61554
1457123005834,990.6208
1457123005863,990.62555
1457123005892,990.61774
1457123005924,990.61554
1457123005985,990.61554
1457123006012,990.61554
1457123006041,990.6184
1457123006073,990.62555
1457123006103,990.6201
1457123006132,990.61554
1457123006162,990.61554
1457123006192,990.61554
1457123006252,990.61554
1457123006281,990.61554
1457123006323,990.6186
1457123006339,990.62555
1457123006368,990.62555
1457123006399,990.62555
1457123006429,990.62555
1457123006458,990.62555
1457123006517,990.62555
1457123006552,990.62555
1457123006578,990.62555
1457123006608,990.62555
1457123006639,990.62555
1457123006670,990.62555
1457123006698,990.62555
1457123006728,990.62555
1457123006786,990.62555
1457123006816,990.62555
1457123006846,990.62555
1457123006876,990.62555
1457123006905,990.62555
1457123006935,990.62555
1457123006964,990.63403
1457123007000,990.6355
1457123007057,990.6355
1457123007087,990.63324
1457123007135,990.62555
1457123007154,990.6304
1457123007181,990.6355
1457123007202,990.6355
1457123007233,990.6355
1457123007262,990.6355
1457123007322,990.6355
1457123007352,990.6355
1457123007384,990.6355
1457123007414,990.6355
1457123007445,990.6355
1457123007474,990.6355
1457123007504,990.6355
1457123007568,990.6355
1457123007592,990.6355
1457123007635,990.6355
1457123007649,990.6355
1457123007679,990.6355
1457123007709,990.6355
1457123007740,990.6355
1457123007772,990.6355
1457123007828,990.6355
1457123007858,990.6355
1457123007887,990.6355
1457123007917,990.6355
1457123007951,990.6355
1457123007979,990.6355
1457123008007,990.6355
1457123008038,990.6355
1457123008098,990.6355
1457123008128,990.6355
1457123008158,990.6355
1457123008187,990.6355
1457123008218,990.6355
1457123008247,990.6355
1457123008277,990.6355
1457123008307,990.6355
1457123008367,990.6355
1457123008396,990.63367
1457123008427,990.62555
1457123008460,990.62555
1457123008486,990.62555
1457123008515,990.62555
1457123008545,990.62555
1457123008576,990.62555
1457123008638,990.62555
1457123008662,990.62555
1457123008698,990.62555
1457123008726,990.6301
1457123008751,990.6355
1457123008781,990.6284
1457123008811,990.62555
1457123008841,990.62555
1457123008900,990.62646
1457123008930,990.6355
1457123008960,990.6355
1457123008990,990.63074
1457123009020,990.62555
1457123009089,990.6328
1457123009089,990.6355
1457123009109,990.6355
1457123009168,990.6355
1457123009203,990.6355
1457123009236,990.6355
1457123009257,990.6355
1457123009288,990.6355
1457123009318,990.6355
1457123009348,990.6355
1457123009408,990.6355
1457123009438,990.6342
1457123009468,990.62555
1457123009499,990.6294
1457123009528,990.6355
1457123009557,990.6355
1457123009587,990.6355
1457123009617,990.6355
1457123009679,990.6355
1457123009706,990.6355
1457123009741,990.6355
1457123009770,990.6355
1457123009801,990.6355
1457123009826,990.62897
1457123009856,990.62555
1457123009885,990.62555
1457123009944,990.62555
1457123009974,990.62555
1457123010005,990.62555
1457123010034,990.62555
1457123010064,990.62555
1457123010094,990.62555
1457123010123,990.62555
1457123010153,990.62555
1457123010212,990.62555
1457123010242,990.62555
1457123010272,990.62555
1457123010302,990.62555
1457123010333,990.62555
1457123010361,990.62555
1457123010391,990.62555
1457123010421,990.62555
1457123010487,990.62555
1457123010510,990.62555
1457123010540,990.62555
1457123010568,990.62555
1457123010598,990.6197
1457123010628,990.61554
1457123010657,990.61554
1457123010692,990.6252
1457123010746,990.62555
1457123010777,990.62555
1457123010809,990.62555
1457123010838,990.62555
1457123010868,990.6195
1457123010898,990.61554
1457123010927,990.61554
1457123010957,990.61554
1457123011018,990.61664
1457123011046,990.62555
1457123011082,990.62555
1457123011117,990.62555
1457123011135,990.62555
1457123011163,990.62555
1457123011193,990.62555
1457123011253,990.62555
1457123011282,990.62555
1457123011338,990.62555
1457123011342,990.62555
1457123011372,990.62555
1457123011401,990.62555
1457123011432,990.62555
1457123011463,990.62555
1457123011524,990.62555
1457123011552,990.62555
1457123011581,990.6283
1457123011611,990.6355
1457123011640,990.6355
1457123011670,990.62897
1457123011700,990.62555
1457123011730,990.62555
1457123011789,990.6259
1457123011818,990.6355
1457123011848,990.6355
1457123011879,990.6355
1457123011909,990.6355
1457123011982,990.6355
1457123011982,990.6355
1457123011999,990.6355
1457123012057,990.63605
1457123012089,990.6455
1457123012117,990.6455
1457123012151,990.6455
1457123012181,990.6455
1457123012209,990.6455
1457123012239,990.6455
1457123012268,990.6455
1457123012325,990.6455
1457123012355,990.6455
1457123012385,990.6455
1457123012414,990.6455
1457123012449,990.6455
1457123012479,990.6455
1457123012509,990.6455
1457123012534,990.6455
1457123012595,990.6455
1457123012625,990.64764
1457123012654,990.6555
1457123012684,990.6555
1457123012719,990.6555
1457123012744,990.6555
1457123012778,990.6555
1457123012805,990.6555
1457123012863,990.6555
1457123012896,990.6555
1457123012923,990.6555
1457123012953,990.6555
1457123012983,990.6555
1457123013017,990.6555
1457123013045,990.64685
1457123013071,990.6455
1457123013130,990.6555
1457123013159,990.6555
1457123013191,990.6555
1457123013218,990.6555
1457123013254,990.6555
1457123013285,990.6555
1457123013311,990.6555
1457123013371,990.6555
1457123013399,990.6555
1457123013429,990.6555
1457123013459,990.6555
1457123013489,990.6555
1457123013519,990.6555
1457123013548,990.6555
1457123013578,990.6555
1457123013638,990.6455
1457123013667,990.6455
1457123013705,990.6484
1457123013731,990.6555
1457123013758,990.6555
1457123013790,990.6555
1457123013821,990.6555
1457123013849,990.6555
1457123013909,990.6555
1457123013940,990.6555
1457123013966,990.6555
1457123013996,990.6555
1457123014025,990.6555
1457123014055,990.6555
1457123014084,990.6555
1457123014115,990.6555
1457123014174,990.6555
1457123014204,990.6555
1457123014234,990.6555
1457123014264,990.6555
1457123014296,990.6555
1457123014320,990.6555
1457123014351,990.6555
1457123014380,990.6555
1457123014439,990.6555
1457123014473,990.6555
1457123014500,990.6555
1457123014535,990.6555
1457123014559,990.6555
1457123014590,990.6483
1457123014620,990.6455
1457123014650,990.6455
1457123014718,990.6555
1457123014739,990.6532
1457123014767,990.6455
1457123014797,990.6455
1457123014829,990.6455
1457123014856,990.6455
1457123014891,990.6455
1457123014921,990.6455
1457123014976,990.6455
1457123015011,990.6455
1457123015037,990.6455
1457123015068,990.6455
1457123015101,990.6455
1457123015130,990.6455
1457123015157,990.6455
1457123015217,990.6455
1457123015246,990.6455
1457123015276,990.6455
1457123015305,990.6455
1457123015335,990.6455
1457123015365,990.6455
1457123015395,990.63776
1457123015425,990.6355
1457123015484,990.6355
1457123015519,990.6355
1457123015588,990.6355
1457123015588,990.6355
1457123015607,990.6355
1457123015631,990.6355
1457123015661,990.6355
1457123015690,990.6355
1457123015750,990.6355
1457123015780,990.6355
1457123015809,990.6355
1457123015839,990.6355
1457123015869,990.6355
1457123015899,990.6355
1457123015928,990.6355
1457123015958,990.6355
1457123016018,990.6355
1457123016047,990.6355
1457123016077,990.6355
1457123016108,990.6355
1457123016138,990.6355
1457123016167,990.6355
1457123016202,990.6355
1457123016234,990.6355
1457123016286,990.6355
1457123016316,990.6355
1457123016356,990.6355
1457123016376,990.6355
1457123016405,990.6355
1457123016435,990.6355
1457123016465,990.6355
1457123016495,990.64526
1457123016554,990.6455
1457123016584,990.6455
1457123016614,990.6455
1457123016648,990.6455
1457123016678,990.6455
1457123016708,990.6455
1457123016735,990.6455
1457123016768,990.6455
1457123016825,990.6455
1457123016861,990.6455
1457123016884,990.6455
1457123016912,990.6455
1457123016942,990.6455
1457123016971,990.6455
1457123017003,990.6455
1457123017061,990.6455
1457123017095,990.6455
1457123017125,990.6455
1457123017152,990.6455
1457123017181,990.6455
1457123017212,990.6455
1457123017240,990.6455
1457123017273,990.6365
1457123017328,990.6355
1457123017361,990.6355
1457123017392,990.6355
1457123017418,990.6355
1457123017448,990.6355
1457123017477,990.6355
1457123017507,990.6355
1457123017538,990.6355
1457123017602,990.636
1457123017628,990.6455
1457123017677,990.6455
1457123017687,990.6455
1457123017715,990.6455
1457123017749,990.6455
1457123017775,990.6455
1457123017805,990.6455
1457123017864,990.6455
1457123017896,990.6455
1457123017924,990.64233
1457123017959,990.6355
1457123017988,990.6355
1457123018020,990.6355
1457123018046,990.6355
1457123018077,990.6451
1457123018135,990.6455
1457123018164,990.6455
1457123018192,990.64215
1457123018222,990.6355
1457123018251,990.6414
1457123018282,990.6455
1457123018313,990.6455
1457123018340,990.6455
1457123018401,990.6455
1457123018438,990.6455
1457123018465,990.6455
1457123018494,990.6455
1457123018521,990.6455
1457123018551,990.6455
1457123018581,990.6455
1457123018611,990.6455
1457123018671,990.6555
1457123018701,990.6555
1457123018730,990.6555
1457123018760,990.6555
1457123018792,990.6555
1457123018820,990.6555
1457123018850,990.6555
1457123018909,990.6555
1457123018938,990.6555
1457123018968,990.6555
1457123018998,990.6555
1457123019028,990.6555
1457123019057,990.6555
1457123019087,990.6555
1457123019117,990.6555
1457123019178,990.6555
1457123019207,990.6555
1457123019240,990.6527
1457123019271,990.6455
1457123019307,990.6455
1457123019327,990.6455
1457123019355,990.6455
1457123019385,990.6455
1457123019444,990.6455
1457123019472,990.6455
1457123019503,990.6455
1457123019532,990.6455
1457123019562,990.6455
1457123019591,990.6455
1457123019621,990.63745
1457123019651,990.6355
1457123019715,990.6355
1457123019743,990.6355
1457123019773,990.6355
1457123019802,990.6355
1457123019832,990.6355
1457123019861,990.6355
1457123019892,990.62726
1457123019921,990.62555
1457123019980,990.6355
1457123020016,990.6355
1457123020040,990.6355
1457123020075,990.6355
1457123020099,990.62964
1457123020131,990.62555
1457123020165,990.62555
1457123020189,990.62555
1457123020247,990.6355
1457123020276,990.6355
1457123020307,990.6355
1457123020336,990.6355
1457123020366,990.6355
1457123020395,990.6355
1457123020425,990.6355
1457123020455,990.6355
1457123020515,990.6355
1457123020549,990.6355
1457123020575,990.6355
1457123020606,990.6355
1457123020636,990.6355
1457123020666,990.6355
1457123020695,990.6355
1457123020753,990.6356
1457123020786,990.6455
1457123020817,990.6429
1457123020842,990.6355
1457123020873,990.6355
1457123020904,990.6355
1457123020932,990.6355
1457123020962,990.6355
1457123021023,990.6355
1457123021056,990.6355
1457123021082,990.6355
1457123021116,990.6355
1457123021142,990.64087
1457123021173,990.6455
1457123021202,990.6455
1457123021232,990.6455
1457123021292,990.6355
1457123021320,990.6355
1457123021367,990.6355
1457123021380,990.6355
1457123021410,990.6355
1457123021440,990.6355
1457123021470,990.6355
1457123021499,990.6355
1457123021559,990.6355
1457123021588,990.6355
1457123021618,990.6355
1457123021649,990.6355
1457123021683,990.6355
1457123021713,990.6355
1457123021739,990.6355
1457123021767,990.6355
1457123021828,990.6355
1457123021868,990.6355
1457123021885,990.6355
1457123021914,990.6355
1457123021944,990.6355
1457123021976,990.6355
1457123022003,990.6355
1457123022037,990.6355
1457123022098,990.6355
1457123022124,990.6355
1457123022154,990.6355
1457123022184,990.6355
1457123022214,990.6355
1457123022244,990.6355
1457123022274,990.6355
1457123022304,990.6355
1457123022363,990.6355
1457123022393,990.6355
1457123022423,990.6355
1457123022453,990.6355
1457123022483,990.6355
1457123022512,990.6355
1457123022541,990.6355
1457123022601,990.6355
1457123022631,990.6355
1457123022660,990.6355
1457123022696,990.6355
1457123022720,990.6355
1457123022752,990.6355
1457123022779,990.6355
1457123022810,990.6355
1457123022869,990.6355
1457123022899,990.6371
1457123022928,990.6455
1457123022958,990.6455
1457123022988,990.6455
1457123023018,990.63885
1457123023048,990.6355
1457123023078,990.6355
1457123023137,990.6455
1457123023177,990.6455
1457123023197,990.6455
1457123023229,990.64124
1457123023254,990.6355
1457123023285,990.6355
1457123023315,990.6355
1457123023344,990.6449
1457123023405,990.6455
1457123023433,990.64355
1457123023467,990.6355
1457123023498,990.6355
1457123023528,990.6355
1457123023554,990.6355
1457123023584,990.6355
1457123023614,990.6451
1457123023673,990.6455
1457123023703,990.6455
1457123023734,990.6455
1457123023762,990.6455
1457123023792,990.6455
1457123023822,990.6527
1457123023852,990.6555
1457123023883,990.6555
1457123023941,990.6555
1457123023972,990.6555
1457123024001,990.6555
1457123024035,990.6555
1457123024060,990.6555
1457123024090,990.6481
1457123024119,990.6455
1457123024150,990.6455
1457123024210,990.6455
1457123024239,990.6455
1457123024269,990.6455
1457123024299,990.6455
1457123024328,990.6455
1457123024358,990.6455
1457123024388,990.6455
1457123024447,990.6455
1457123024477,990.6455
1457123024506,990.6455
1457123024536,990.6455
1457123024565,990.6455
1457123024594,990.6455
1457123024626,990.6455
1457123024654,990.6455
1457123024717,990.6455
1457123024746,990.6455
1457123024778,990.6455
1457123024807,990.6455
1457123024835,990.6455
1457123024865,990.63885
1457123024894,990.6355
1457123024924,990.6355
1457123024984,990.636
1457123025014,990.6455
1457123025043,990.6455
1457123025074,990.6455
1457123025112,990.6455
1457123025133,990.6387
1457123025162,990.6355
1457123025190,990.6355
1457123025249,990.63617
1457123025279,990.6455
1457123025313,990.64233
1457123025341,990.6355
1457123025369,990.6355
1457123025398,990.6355
1457123025428,990.6355
1457123025458,990.645
1457123025519,990.6447
1457123025549,990.6355
1457123025579,990.6355
1457123025609,990.6355
1457123025639,990.6355
1457123025668,990.6355
1457123025699,990.6355
1457123025738,990.6355
1457123025788,990.6355
1457123025816,990.6355
1457123025845,990.63904
1457123025875,990.6455
1457123025904,990.6394
1457123025939,990.6355
1457123025969,990.6355
1457123025994,990.6355
1457123026054,990.6455
1457123026084,990.6455
1457123026114,990.6455
1457123026145,990.6455
1457123026174,990.6455
1457123026207,990.6455
1457123026239,990.6455
1457123026299,990.6455
1457123026323,990.6455
1457123026369,990.6455
1457123026384,990.6455
1457123026418,990.6455
1457123026442,990.6455
1457123026473,990.6455
1457123026502,990.6455
1457123026563,990.6455
1457123026591,990.6455
1457123026622,990.6455
1457123026651,990.6455
1457123026681,990.6509
1457123026711,990.6555
1457123026741,990.6555
1457123026770,990.64636
1457123026830,990.6455
1457123026861,990.6455
1457123026894,990.6485
1457123026921,990.6555
1457123026950,990.6555
1457123026979,990.6555
1457123027010,990.6555
1457123027038,990.6555
1457123027101,990.6555
1457123027126,990.6555
1457123027156,990.65234
1457123027185,990.6455
1457123027215,990.65125
1457123027247,990.6555
1457123027275,990.6555
1457123027308,990.6555
1457123027379,990.6555
1457123027394,990.6555
1457123027425,990.6588
1457123027454,990.6655
1457123027485,990.65967
1457123027514,990.6555
1457123027548,990.66394
1457123027578,990.6655
1457123027634,990.6655
1457123027665,990.6655
1457123027696,990.6655
1457123027723,990.6655
1457123027753,990.6655
1457123027784,990.6655
1457123027813,990.6655
1457123027842,990.6655
1457123027902,990.6655
1457123027937,990.6655
1457123027961,990.6655
1457123027992,990.6655
1457123028021,990.6655
1457123028054,990.6655
1457123028081,990.6655
1457123028140,990.6655
1457123028170,990.6655
1457123028200,990.6655
1457123028230,990.6655
1457123028259,990.6655
1457123028289,990.6655
1457123028328,990.6655
1457123028349,990.6655
1457123028406,990.6655
1457123028436,990.6655
1457123028467,990.6655
1457123028497,990.6655
1457123028526,990.6655
1457123028557,990.6655
1457123028586,990.6655
1457123028616,990.6655
1457123028679,990.6655
1457123028708,990.6655
1457123028738,990.6655
1457123028767,990.6655
1457123028796,990.6655
1457123028826,990.6655
1457123028855,990.6655
1457123028884,990.6655
1457123028945,990.6555
1457123028979,990.6555
1457123029008,990.6555
1457123029039,990.6555
1457123029063,990.6555
1457123029094,990.6555
1457123029123,990.6555
1457123029154,990.6555
1457123029212,990.6555
1457123029243,990.6555
1457123029272,990.6555
1457123029302,990.65094
1457123029332,990.6455
1457123029362,990.6455
1457123029401,990.6455
1457123029421,990.6455
1457123029480,990.6455
1457123029510,990.6455
1457123029540,990.6455
1457123029570,990.6455
1457123029620,990.6455
1457123029629,990.6455
1457123029657,990.6455
1457123029692,990.6455
1457123029751,990.6455
1457123029777,990.6455
1457123029806,990.6455
1457123029836,990.64056
1457123029867,990.6355
1457123029898,990.6355
1457123029929,990.6355
1457123029991,990.6355
1457123030018,990.63684
1457123030048,990.6455
1457123030077,990.6455
1457123030106,990.6404
1457123030136,990.6355
1457123030166,990.6355
1457123030195,990.6355
1457123030255,990.6355
1457123030284,990.6355
1457123030316,990.6355
1457123030344,990.6355
1457123030378,990.6355
1457123030444,990.6355
1457123030445,990.6355
1457123030464,990.6355
1457123030521,990.6355
1457123030551,990.6355
1457123030580,990.6355
1457123030610,990.6355
1457123030640,990.6355
1457123030674,990.6355
1457123030700,990.6355
1457123030729,990.6355
1457123030790,990.6355
1457123030820,990.6355
1457123030854,990.6355
1457123030889,990.6355
1457123030910,990.6355
1457123030940,990.6355
1457123030973,990.6355
1457123030997,990.6355
1457123031057,990.6355
1457123031087,990.6355
1457123031116,990.6355
1457123031155,990.6355
1457123031180,990.6355
1457123031208,990.6285
1457123031238,990.62555
1457123031268,990.63513
1457123031327,990.6355
1457123031372,990.6355
1457123031386,990.6355
1457123031449,990.6355
1457123031450,990.6355
1457123031476,990.6355
1457123031505,990.6355
1457123031533,990.6355
1457123031597,990.6355
1457123031623,990.6355
1457123031653,990.6355
1457123031682,990.6355
1457123031712,990.64166
1457123031742,990.6455
1457123031773,990.6455
1457123031804,990.6356
1457123031863,990.6367
1457123031898,990.6455
1457123031922,990.6455
1457123031953,990.6455
1457123031982,990.6455
1457123032014,990.6455
1457123032042,990.6455
1457123032103,990.6455
1457123032131,990.6455
1457123032160,990.6455
1457123032196,990.6416
1457123032220,990.6355
1457123032250,990.6355
1457123032278,990.6355
1457123032308,990.6355
1457123032368,990.6355
1457123032397,990.6355
1457123032429,990.6355
1457123032456,990.6355
1457123032488,990.6355
1457123032522,990.6355
1457123032552,990.6355
1457123032578,990.6355
1457123032643,990.6355
1457123032668,990.6355
1457123032698,990.6355
1457123032727,990.6355
1457123032757,990.6355
1457123032787,990.6355
1457123032816,990.6355
1457123032846,990.6262
1457123032905,990.6261
1457123032940,990.6355
1457123032966,990.6355
1457123032996,990.6355
1457123033026,990.6355
1457123033057,990.6355
1457123033084,990.6355
1457123033115,990.6355
1457123033174,990.6355
1457123033204,990.6355
1457123033234,990.6355
1457123033267,990.6355
1457123033298,990.6355
1457123033322,990.6355
1457123033358,990.6355
1457123033382,990.6355
1457123033441,990.6355
1457123033472,990.6355
1457123033513,990.6355
1457123033531,990.6355
1457123033561,990.6355
1457123033588,990.6355
1457123033619,990.6355
1457123033648,990.6355
1457123033713,990.6355
1457123033741,990.6355
1457123033768,990.6355
1457123033797,990.6355
1457123033830,990.6355
1457123033858,990.6355
1457123033888,990.64417
1457123033918,990.6455
1457123033978,990.6455
1457123034008,990.6455
1457123034042,990.6455
1457123034073,990.6455
1457123034097,990.6455
1457123034126,990.6455
1457123034157,990.6455
1457123034217,990.6455
1457123034246,990.6455
1457123034276,990.6455
1457123034305,990.6455
1457123034335,990.6455
1457123034365,990.6455
1457123034395,990.6455
1457123034425,990.6455
1457123034485,990.6455
1457123034519,990.6455
1457123034543,990.6455
1457123034579,990.6455
1457123034603,990.6455
1457123034634,990.6455
1457123034663,990.6455
1457123034693,990.6455
1457123034753,990.6455
1457123034782,990.6455
1457123034812,990.6455
1457123034843,990.6455
1457123034870,990.6455
1457123034899,990.6455
1457123034931,990.6455
1457123034959,990.6455
1457123035021,990.6455
1457123035048,990.6455
1457123035081,990.6455
1457123035110,990.6455
1457123035139,990.6455
1457123035169,990.6455
1457123035198,990.6455
1457123035228,990.6455
1457123035289,990.6455
1457123035318,990.6455
1457123035348,990.6455
1457123035376,990.6455
1457123035405,990.6455
1457123035435,990.6455
1457123035465,990.6455
1457123035494,990.6455
1457123035554,990.6355
1457123035584,990.6355
1457123035614,990.6355
1457123035643,990.6355
1457123035673,990.6355
1457123035703,990.6355
1457123035734,990.6355
1457123035763,990.6355
1457123035823,990.6355
1457123035853,990.6332
1457123035884,990.62555
1457123035913,990.62555
1457123035945,990.62555
1457123035975,990.62555
1457123036006,990.62555
1457123036054,990.62555
1457123036092,990.62555
1457123036122,990.62555
1457123036151,990.62555
1457123036182,990.62555
1457123036211,990.62555
1457123036241,990.62555
1457123036273,990.62555
1457123036329,990.62555
1457123036365,990.62555
1457123036388,990.62555
1457123036418,990.62555
1457123036448,990.62555
1457123036478,990.62555
1457123036511,990.6178
1457123036538,990.61554
1457123036599,990.61554
1457123036629,990.61554
1457123036659,990.61554
1457123036689,990.61554
1457123036718,990.61554
1457123036748,990.61554
1457123036778,990.61554
1457123036807,990.62476
1457123036867,990.62555
1457123036897,990.62555
1457123036927,990.62555
1457123036956,990.62555
1457123036986,990.62555
1457123037016,990.6187
1457123037045,990.61554
1457123037076,990.6249
1457123037136,990.62555
1457123037165,990.62555
1457123037200,990.62555
1457123037225,990.62555
1457123037260,990.62555
1457123037284,990.63257
1457123037313,990.6355
1457123037345,990.626
1457123037406,990.62555
1457123037431,990.62555
1457123037460,990.62555
1457123037491,990.62555
1457123037520,990.62555
1457123037550,990.62555
1457123037583,990.62555
1457123037614,990.62555
1457123037669,990.62555
1457123037699,990.62555
1457123037731,990.62555
1457123037760,990.62555
1457123037790,990.62555
1457123037820,990.62555
1457123037855,990.62555
1457123037880,990.62555
1457123037940,990.62555
1457123037970,990.62555
1457123038002,990.62555
1457123038029,990.62555
1457123038059,990.62555
1457123038088,990.62555
1457123038118,990.62555
1457123038177,990.62555
1457123038207,990.62555
1457123038241,990.62555
1457123038272,990.62555
1457123038297,990.62555
1457123038329,990.62555
1457123038357,990.62555
1457123038386,990.62555
1457123038445,990.62555
1457123038473,990.62555
1457123038503,990.62555
1457123038533,990.62555
1457123038566,990.62555
1457123038592,990.62555
1457123038623,990.62555
1457123038652,990.62555
1457123038714,990.6252
1457123038743,990.61554
1457123038774,990.61554
1457123038804,990.61554
1457123038833,990.621
1457123038863,990.62555
1457123038893,990.62555
1457123038922,990.62555
1457123038982,990.62555
1457123039018,990.62555
1457123039041,990.62555
1457123039076,990.62555
1457123039101,990.62555
1457123039133,990.62555
1457123039160,990.62555
1457123039190,990.62555
1457123039247,990.62555
1457123039277,990.62555
1457123039312,990.62555
1457123039339,990.62555
1457123039368,990.62555
1457123039397,990.62555
1457123039427,990.63385
1457123039457,990.6355
1457123039518,990.6355
1457123039548,990.6355
1457123039577,990.6355
1457123039607,990.6355
1457123039637,990.6355
1457123039666,990.6355
1457123039697,990.6355
1457123039726,990.6355
1457123039786,990.6355
1457123039819,990.6355
1457123039845,990.6355
1457123039875,990.6355
1457123039904,990.6355
1457123039933,990.6355
1457123039963,990.62683
1457123039992,990.62555
1457123040053,990.62555
1457123040083,990.62555
1457123040114,990.62555
1457123040143,990.62555
1457123040178,990.62555
1457123040203,990.62555
1457123040233,990.62555
1457123040292,990.62555
1457123040325,990.62555
1457123040350,990.62555
1457123040380,990.62555
1457123040411,990.62555
1457123040439,990.62555
1457123040472,990.62555
1457123040502,990.62555
1457123040560,990.6258
1457123040591,990.6355
1457123040620,990.6355
1457123040649,990.6355
1457123040679,990.6355
1457123040709,990.6355
1457123040739,990.6355
1457123040769,990.6355
1457123040828,990.6355
1457123040863,990.6355
1457123040893,990.6355
1457123040923,990.6355
1457123040950,990.6355
1457123040978,990.6355
1457123041010,990.6355
1457123041038,990.6355
1457123041112,990.6355
1457123041149,990.6355
1457123041154,990.6355
1457123041184,990.6355
1457123041214,990.6355
1457123041243,990.6355
1457123041273,990.6355
1457123041305,990.6355
1457123041372,990.6355
1457123041397,990.6355
1457123041423,990.6355
1457123041453,990.6355
1457123041482,990.6355
1457123041514,990.6355
1457123041541,990.6355
1457123041571,990.6355
1457123041630,990.6355
1457123041663,990.6377
1457123041690,990.6455
1457123041720,990.6455
1457123041749,990.6455
1457123041779,990.6383
1457123041809,990.6355
1457123041839,990.6355
1457123041900,990.6355
1457123041930,990.6355
1457123041960,990.6355
1457123041990,990.6355
1457123042019,990.6355
1457123042049,990.6282
1457123042079,990.62555
1457123042116,990.62555
1457123042167,990.62555
1457123042197,990.62555
1457123042228,990.62555
1457123042257,990.6305
1457123042288,990.6355
1457123042316,990.6355
1457123042348,990.6355
1457123042406,990.6355
1457123042435,990.6355
1457123042467,990.6355
1457123042495,990.6355
1457123042528,990.6355
1457123042559,990.6355
1457123042589,990.6355
1457123042615,990.6355
1457123042674,990.6355
1457123042703,990.6355
1457123042733,990.6355
1457123042766,990.63153
1457123042798,990.62555
1457123042828,990.62555
1457123042854,990.62555
1457123042884,990.62555
1457123042944,990.61554
1457123042974,990.6172
1457123043003,990.62555
1457123043034,990.62555
1457123043063,990.62555
1457123043094,990.61884
1457123043122,990.61554
1457123043152,990.61554
1457123043212,990.61554
1457123043242,990.61554
1457123043277,990.61554
1457123043302,990.61554
1457123043338,990.61554
1457123043360,990.6224
1457123043394,990.62555
1457123043420,990.62555
1457123043480,990.62555
1457123043513,990.62555
1457123043540,990.62555
1457123043569,990.62555
1457123043599,990.62555
1457123043648,990.63257
1457123043668,990.6355
1457123043688,990.6355
1457123043751,990.6355
1457123043780,990.6355
1457123043806,990.6355
1457123043835,990.6355
1457123043865,990.6355
1457123043894,990.6355
1457123043926,990.6355
1457123043961,990.6452
1457123044015,990.6455
1457123044047,990.6455
1457123044077,990.6455
1457123044105,990.6455
1457123044135,990.6455
1457123044168,990.6455
1457123044195,990.6455
1457123044224,990.6455
1457123044285,990.6455
1457123044314,990.6455
1457123044344,990.6455
1457123044374,990.6455
1457123044426,990.6455
1457123044432,990.6455
1457123044460,990.6367
1457123044522,990.6355
1457123044550,990.6355
1457123044580,990.6355
1457123044609,990.6355
1457123044639,990.6355
1457123044669,990.6355
1457123044699,990.6355
1457123044729,990.6355
1457123044788,990.6355
1457123044818,990.6355
1457123044848,990.6328
1457123044877,990.62555
1457123044907,990.62555
1457123044937,990.62555
1457123044967,990.62555
1457123044998,990.62555
1457123045057,990.62555
1457123045086,990.62555
1457123045116,990.62555
1457123045146,990.62555
1457123045176,990.62555
1457123045205,990.62555
1457123045235,990.62555
1457123045265,990.62555
1457123045325,990.62555
1457123045357,990.62555
1457123045389,990.62555
1457123045420,990.62555
1457123045471,990.62555
1457123045474,990.62555
1457123045506,990.62555
1457123045535,990.62555
1457123045595,990.62555
1457123045624,990.62555
1457123045655,990.6223
1457123045685,990.61554
1457123045718,990.61554
1457123045743,990.61554
1457123045775,990.61554
1457123045803,990.61554
1457123045862,990.61554
1457123045893,990.61554
1457123045922,990.61554
1457123045952,990.61554
1457123045982,990.61554
1457123046012,990.61554
1457123046042,990.61554
1457123046071,990.61554
1457123046133,990.61554
1457123046160,990.61554
1457123046190,990.61554
1457123046218,990.61554
1457123046250,990.61554
1457123046277,990.61554
1457123046307,990.61554
1457123046339,990.61554
1457123046397,990.61554
1457123046427,990.61554
1457123046457,990.61554
1457123046487,990.61554
1457123046516,990.61554
1457123046548,990.61554
1457123046579,990.61554
1457123046638,990.61554
1457123046667,990.62555
1457123046697,990.623
1457123046727,990.61554
1457123046757,990.6206
1457123046786,990.62555
1457123046816,990.62555
1457123046845,990.62555
1457123046905,990.62555
1457123046940,990.62555
1457123046967,990.62555
1457123046999,990.62555
1457123047024,990.62555
1457123047055,990.62555
1457123047084,990.62555
1457123047114,990.62555
1457123047173,990.62555
1457123047204,990.62555
1457123047233,990.62555
1457123047263,990.62555
1457123047292,990.62555
1457123047322,990.62555
1457123047352,990.62555
1457123047382,990.62555
1457123047448,990.6355
1457123047471,990.6337
1457123047501,990.62555
1457123047529,990.62555
1457123047558,990.62555
1457123047592,990.62555
1457123047621,990.62555
1457123047652,990.62555
1457123047709,990.62555
1457123047738,990.62555
1457123047769,990.62555
1457123047799,990.62555
1457123047828,990.62555
1457123047858,990.62555
1457123047888,990.62555
1457123047918,990.62555
1457123047979,990.62555
1457123048007,990.62555
1457123048043,990.62555
1457123048071,990.62555
1457123048097,990.62555
1457123048129,990.62555
1457123048156,990.62555
1457123048186,990.62555
1457123048245,990.62555
1457123048275,990.62555
1457123048305,990.62555
1457123048334,990.62555
1457123048364,990.62555
1457123048394,990.62555
1457123048424,990.62555
1457123048455,990.62555
1457123048513,990.62555
1457123048543,990.62555
1457123048573,990.62555
1457123048603,990.62555
1457123048633,990.62555
1457123048662,990.62555
1457123048692,990.62555
1457123048752,990.62555
1457123048781,990.62555
1457123048809,990.62555
1457123048840,990.62555
1457123048873,990.62555
1457123048901,990.62555
1457123048928,990.62555
1457123048958,990.62555
1457123049019,990.62555
1457123049050,990.62555
1457123049080,990.62555
1457123049111,990.62555
1457123049138,990.62555
1457123049170,990.6189
1457123049199,990.61554
1457123049230,990.61554
1457123049288,990.61554
1457123049318,990.61554
1457123049347,990.61554
1457123049378,990.61554
1457123049407,990.61554
1457123049437,990.61554
1457123049466,990.61554
1457123049496,990.61554
1457123049556,990.61554
1457123049584,990.61554
1457123049613,990.61554
1457123049646,990.61554
1457123049678,990.61554
1457123049703,990.61554
1457123049733,990.61554
1457123049765,990.61554
1457123049825,990.61554
1457123049860,990.61554
1457123049882,990.61554
1457123049913,990.61554
1457123049941,990.61554
1457123049971,990.61554
1457123050003,990.61554
1457123050030,990.61554
1457123050090,990.61554
1457123050120,990.61554
1457123050150,990.6189
1457123050180,990.62555
1457123050209,990.62555
1457123050241,990.62555
1457123050270,990.62555
1457123050302,990.62555
1457123050358,990.62555
1457123050389,990.62555
1457123050418,990.62555
1457123050448,990.62555
1457123050477,990.62555
1457123050511,990.62555
1457123050540,990.62555
1457123050572,990.62555
1457123050629,990.62555
1457123050658,990.62555
1457123050689,990.6218
1457123050718,990.61554
1457123050748,990.61554
1457123050777,990.61554
1457123050807,990.61554
1457123050868,990.61554
1457123050902,990.61554
1457123050926,990.61554
1457123050957,990.61554
1457123050987,990.61554
1457123051018,990.61554
1457123051047,990.61554
1457123051076,990.61554
1457123051135,990.61554
1457123051164,990.61554
1457123051194,990.6183
1457123051224,990.62555
1457123051264,990.62555
1457123051284,990.62555
1457123051315,990.62555
1457123051344,990.62555
1457123051403,990.62555
1457123051435,990.62555
1457123051460,990.62555
1457123051491,990.62555
1457123051522,990.62555
1457123051551,990.62555
1457123051580,990.62555
1457123051611,990.62555
1457123051671,990.62555
1457123051701,990.62555
1457123051736,990.62555
1457123051760,990.62555
1457123051796,990.62555
1457123051819,990.62555
1457123051850,990.62555
1457123051879,990.62555
1457123051939,990.62555
1457123051969,990.62555
1457123051999,990.62555
1457123052028,990.62555
1457123052058,990.62555
1457123052088,990.62555
1457123052118,990.62555
1457123052147,990.62555
1457123052208,990.62555
1457123052243,990.62555
1457123052266,990.62555
1457123052297,990.62555
1457123052327,990.62555
1457123052359,990.62555
1457123052387,990.62555
1457123052416,990.62555
1457123052475,990.62555
1457123052505,990.6232
1457123052535,990.61554
1457123052565,990.61554
1457123052594,990.61554
1457123052623,990.61554
1457123052652,990.61554
1457123052682,990.61554
1457123052742,990.61554
1457123052776,990.61554
1457123052800,990.61554
1457123052834,990.61554
1457123052863,990.61554
1457123052892,990.61554
1457123052921,990.61554
1457123052979,990.61554
1457123053014,990.61554
1457123053039,990.61554
1457123053069,990.61554
1457123053100,990.62067
1457123053129,990.62555
1457123053158,990.61786
1457123053190,990.61554
1457123053260,990.62555
1457123053279,990.62555
1457123053310,990.62555
1457123053339,990.62555
1457123053370,990.62555
1457123053399,990.62555
1457123053429,990.62555
1457123053458,990.62555
1457123053521,990.62555
1457123053547,990.62555
1457123053582,990.62555
1457123053613,990.62555
1457123053640,990.62555
1457123053666,990.62555
1457123053697,990.62555
1457123053726,990.62555
1457123053785,990.62555
1457123053816,990.62555
1457123053857,990.62555
1457123053876,990.62555
1457123053903,990.62555
1457123053932,990.62555
1457123053962,990.62555
1457123053993,990.62555
1457123054053,990.62555
1457123054081,990.62555
1457123054111,990.62555
1457123054141,990.62555
1457123054171,990.62555
1457123054200,990.62555
1457123054230,990.62555
1457123054260,990.62555
1457123054320,990.62555
1457123054350,990.62555
1457123054379,990.62555
1457123054409,990.62085
1457123054439,990.61554
1457123054469,990.61554
1457123054499,990.61554
1457123054528,990.62524
1457123054588,990.62555
1457123054618,990.62555
1457123054647,990.62555
1457123054677,990.62555
1457123054707,990.62555
1457123054738,990.62555
1457123054768,990.62555
1457123054799,990.62555
1457123054859,990.6267
1457123054888,990.6355
1457123054918,990.6355
1457123054948,990.6355
1457123054977,990.6355
1457123055007,990.6355
1457123055037,990.6355
1457123055108,990.6355
1457123055135,990.6355
1457123055154,990.6355
1457123055184,990.6355
1457123055214,990.6355
1457123055243,990.6355
1457123055273,990.6355
1457123055303,990.6355
1457123055364,990.6355
1457123055393,990.6355
1457123055423,990.6355
1457123055453,990.6395
1457123055482,990.6455
1457123055512,990.6455
1457123055543,990.6455
1457123055571,990.6455
1457123055641,990.6455
1457123055662,990.6455
1457123055693,990.6455
1457123055723,990.6455
1457123055752,990.6455
1457123055782,990.6388
1457123055812,990.6355
1457123055841,990.6448
1457123055900,990.645
1457123055936,990.6355
1457123055961,990.63855
1457123055995,990.6455
1457123056020,990.6455
1457123056051,990.6455
1457123056079,990.6455
1457123056107,990.6455
1457123056167,990.6455
1457123056196,990.6455
1457123056227,990.6455
1457123056256,990.6455
1457123056286,990.6455
1457123056316,990.6455
1457123056345,990.6372
1457123056375,990.6355
1457123056435,990.6355
1457123056465,990.6355
1457123056494,990.63214
1457123056524,990.62555
1457123056554,990.62555
1457123056584,990.62555
1457123056614,990.62555
1457123056644,990.62555
1457123056703,990.6355
1457123056732,990.6355
1457123056762,990.632
1457123056792,990.62555
1457123056822,990.62555
1457123056852,990.62555
1457123056884,990.62555
1457123056912,990.62555
1457123057039,990.62555
1457123057040,990.62555
1457123057040,990.62555
1457123057061,990.62555
1457123057090,990.62555
1457123057120,990.62555
1457123057150,990.61676
1457123057214,990.6155
1457123057239,990.6055
1457123057272,990.6055
1457123057301,990.6055
1457123057331,990.6055
1457123057360,990.6055
1457123057390,990.6055
1457123057420,990.6055
1457123057479,990.6055
1457123057514,990.6055
1457123057539,990.6083
1457123057574,990.61554
1457123057606,990.6102
1457123057628,990.6055
1457123057656,990.6055
1457123057686,990.6055
1457123057750,990.6055
1457123057778,990.6055
1457123057805,990.60266
1457123057836,990.5956
1457123057865,990.5956
1457123057895,990.5956
1457123057926,990.5956
1457123057955,990.5956
1457123058015,990.5956
1457123058045,990.59375
1457123058078,990.5856
1457123058108,990.5856
1457123058138,990.5856
1457123058165,990.5856
1457123058194,990.5856
1457123058224,990.5856
1457123058284,990.5856
1457123058317,990.5856
1457123058358,990.5856
1457123058372,990.5856
1457123058401,990.5856
1457123058430,990.5856
1457123058460,990.5856
1457123058490,990.5856
1457123058550,990.57556
1457123058580,990.57556
1457123058615,990.57556
1457123058640,990.57556
1457123058669,990.57556
1457123058699,990.57556
1457123058729,990.57556
1457123058758,990.57556
1457123058818,990.57556
1457123058848,990.57556
1457123058877,990.57556
1457123058907,990.57556
1457123058937,990.57556
1457123058967,990.56824
1457123058996,990.56555
1457123059026,990.57544
1457123059086,990.57556
1457123059116,990.57556
1457123059145,990.57556
1457123059175,990.57556
1457123059205,990.57556
1457123059235,990.57556
1457123059265,990.57556
1457123059294,990.57556
1457123059354,990.5743
1457123059384,990.56555
1457123059414,990.56555
1457123059454,990.56555
1457123059475,990.56555
1457123059503,990.56555
1457123059533,990.56555
1457123059592,990.56555
1457123059622,990.56555
1457123059652,990.56555
1457123059682,990.56555
1457123059712,990.56555
1457123059742,990.56555
1457123059772,990.56555
1457123059801,990.56555
1457123059860,990.56555
1457123059891,990.56555
1457123059922,990.56555
1457123059950,990.56555
1457123059980,990.56555
1457123060009,990.56555
1457123060039,990.56555
1457123060069,990.56555
1457123060129,990.56555
1457123060158,990.56555
1457123060188,990.56555
1457123060218,990.56555
1457123060248,990.56555
1457123060278,990.56555
1457123060307,990.56555
1457123060337,990.56555
