1457122466568,990.5856
1457122466596,990.5856
1457122466656,990.5856
1457122466686,990.5856
1457122466715,990.5856
1457122466745,990.5856
1457122466775,990.5856
1457122466805,990.5856
1457122466834,990.5856
1457122466865,990.5856
1457122466924,990.5856
1457122466954,990.5856
1457122466984,990.5856
1457122467013,990.5856
1457122467043,990.5856
1457122467073,990.5856
1457122467103,990.5856
1457122467133,990.5856
1457122467192,990.5856
1457122467222,990.5856
1457122467252,990.5856
1457122467282,990.5856
1457122467311,990.5856
1457122467342,990.5856
1457122467371,990.5856
1457122467401,990.5856
1457122467461,990.5856
1457122467490,990.5877
1457122467521,990.5956
1457122467550,990.5956
1457122467580,990.5956
1457122467610,990.5956
1457122467640,990.5956
1457122467670,990.5956
1457122467729,990.5965
1457122467759,990.6055
1457122467790,990.6055
1457122467819,990.6055
1457122467849,990.6055
1457122467879,990.6055
1457122467908,990.6055
1457122467938,990.61523
1457122467998,990.61554
1457122468030,990.61554
1457122468058,990.619
1457122468094,990.62555
1457122468117,990.62555
1457122468149,990.62555
1457122468177,990.62555
1457122468217,990.62555
1457122468266,990.6265
1457122468306,990.6355
1457122468335,990.6355
1457122468365,990.6355
1457122468395,990.6355
1457122468425,990.6355
1457122468455,990.64075
1457122468485,990.6455
1457122468514,990.6455
1457122468544,990.6455
1457122468604,990.6455
1457122468637,990.6455
1457122468664,990.6455
1457122468694,990.6455
1457122468724,990.65076
1457122468754,990.6555
1457122468783,990.6478
1457122468813,990.6455
1457122468873,990.6455
1457122468902,990.6455
1457122468932,990.64276
1457122468962,990.6355
1457122468992,990.6355
1457122469022,990.6355
1457122469052,990.6355
1457122469082,990.6355
1457122469146,990.6355
1457122469171,990.6355
1457122469201,990.6355
1457122469232,990.6355
1457122469262,990.6355
1457122469293,990.6355
1457122469323,990.62775
1457122469350,990.62555
1457122469410,990.62555
1457122469440,990.62555
1457122469470,990.62555
1457122469499,990.62555
1457122469529,990.62555
1457122469559,990.62555
1457122469589,990.62555
1457122469618,990.62555
1457122469681,990.62555
1457122469708,990.62555
1457122469738,990.62555
1457122469768,990.62555
1457122469797,990.62555
1457122469828,990.6189
1457122469858,990.61554
1457122469886,990.6247
1457122469946,990.62555
1457122469976,990.62555
1457122470007,990.62555
1457122470036,990.62555
1457122470066,990.62555
1457122470097,990.62555
1457122470126,990.62555
1457122470157,990.62555
1457122470216,990.62555
1457122470245,990.62555
1457122470276,990.62555
1457122470304,990.6213
1457122470335,990.61554
1457122470364,990.6223
1457122470393,990.62555
1457122470426,990.62555
1457122470483,990.62555
1457122470513,990.62555
1457122470546,990.62555
1457122470574,990.62555
1457122470602,990.62555
1457122470633,990.62555
1457122470662,990.62555
1457122470692,990.6348
1457122470751,990.63495
1457122470781,990.62555
1457122470811,990.62244
1457122470841,990.61554
1457122470871,990.6099
1457122470900,990.6055
1457122470930,990.6055
1457122470960,990.5962
1457122471020,990.5962
1457122471050,990.6055
1457122471080,990.60864
1457122471111,990.61554
1457122471140,990.6212
1457122471169,990.62555
1457122471210,990.62555
1457122471229,990.62555
1457122471288,990.62555
1457122471318,990.62555
1457122471348,990.6287
1457122471378,990.6355
1457122471408,990.6355
1457122471438,990.6355
1457122471467,990.64374
1457122471497,990.6455
1457122471556,990.6455
1457122471589,990.6455
1457122471617,990.6455
1457122471646,990.6455
1457122471676,990.65704
1457122471705,990.6655
1457122471735,990.67377
1457122471765,990.67554
1457122471826,990.67554
1457122471855,990.67554
1457122471884,990.67554
1457122471914,990.6664
1457122471944,990.6555
1457122471974,990.6555
1457122472004,990.6472
1457122472033,990.6455
1457122472094,990.62555
1457122472124,990.62555
1457122472155,990.62555
1457122472186,990.62555
1457122472243,990.62555
1457122472243,990.6326
1457122472273,990.6355
1457122472303,990.6355
1457122472362,990.6355
1457122472392,990.6355
1457122472421,990.6355
1457122472451,990.64014
1457122472483,990.6455
1457122472512,990.6455
1457122472542,990.6455
1457122472571,990.62616
1457122472638,990.6283
1457122472660,990.6555
1457122472690,990.6555
1457122472720,990.6508
1457122472749,990.6455
1457122472781,990.6455
1457122472809,990.6455
1457122472841,990.6553
1457122472900,990.6555
1457122472928,990.6555
1457122472958,990.6555
1457122472991,990.6555
1457122473018,990.6555
1457122473048,990.641
1457122473077,990.6355
1457122473107,990.61597
1457122473166,990.6145
1457122473197,990.6055
1457122473226,990.602
1457122473257,990.5956
1457122473287,990.60156
1457122473318,990.6055
1457122473347,990.6055
1457122473377,990.6055
1457122473437,990.6066
1457122473472,990.61554
1457122473495,990.61914
1457122473525,990.62555
1457122473555,990.62555
1457122473584,990.62555
1457122473614,990.62555
1457122473644,990.62555
1457122473704,990.62555
1457122473734,990.62555
1457122473764,990.6219
1457122473794,990.61554
1457122473826,990.6217
1457122473854,990.62555
1457122473885,990.62555
1457122473920,990.62555
1457122473972,990.6355
1457122474002,990.6355
1457122474034,990.6355
1457122474061,990.6355
1457122474091,990.64795
1457122474122,990.6555
1457122474151,990.6468
1457122474183,990.6455
1457122474240,990.62555
1457122474271,990.62305
1457122474301,990.61554
1457122474330,990.6105
1457122474362,990.6055
1457122474392,990.6055
1457122474420,990.6055
1457122474479,990.6055
1457122474510,990.6055
1457122474541,990.6055
1457122474568,990.6055
1457122474598,990.6106
1457122474628,990.61554
1457122474658,990.6231
1457122474688,990.62555
1457122474747,990.62555
1457122474777,990.62555
1457122474807,990.62555
1457122474837,990.62555
1457122474867,990.62036
1457122474898,990.61554
1457122474929,990.6308
1457122474957,990.6355
1457122475018,990.6355
1457122475047,990.6355
1457122475079,990.6355
1457122475108,990.6355
1457122475135,990.6407
1457122475165,990.6455
1457122475196,990.6532
1457122475229,990.6555
1457122475285,990.6555
1457122475315,990.65405
1457122475344,990.6455
1457122475375,990.63367
1457122475404,990.61554
1457122475451,990.61554
1457122475465,990.61554
1457122475493,990.61554
1457122475553,990.61554
1457122475586,990.61554
1457122475614,990.61554
1457122475643,990.61554
1457122475672,990.61554
1457122475702,990.61554
1457122475732,990.61554
1457122475761,990.6246
1457122475821,990.62555
1457122475854,990.6271
1457122475882,990.6355
1457122475911,990.6315
1457122475941,990.62555
1457122475971,990.62555
1457122476000,990.62555
1457122476031,990.62555
1457122476091,990.6259
1457122476121,990.6355
1457122476151,990.6355
1457122476211,990.6355
1457122476211,990.6355
1457122476238,990.64215
1457122476269,990.6455
1457122476298,990.65466
1457122476358,990.65594
1457122476388,990.6655
1457122476417,990.6655
1457122476448,990.6655
1457122476477,990.6546
1457122476507,990.6455
1457122476537,990.6455
1457122476566,990.6271
1457122476626,990.6245
1457122476656,990.6055
1457122476686,990.6055
1457122476716,990.6055
1457122476749,990.6055
1457122476778,990.6055
1457122476806,990.6136
1457122476836,990.61554
1457122476895,990.6161
1457122476925,990.62555
1457122476954,990.62555
1457122476984,990.62555
1457122477013,990.62555
1457122477043,990.62555
1457122477073,990.62555
1457122477103,990.62555
1457122477164,990.62555
1457122477194,990.62555
1457122477223,990.62866
1457122477254,990.6355
1457122477284,990.6412
1457122477314,990.6455
1457122477345,990.6373
1457122477384,990.6355
1457122477432,990.6455
1457122477462,990.64746
1457122477496,990.6555
1457122477522,990.6555
1457122477552,990.66125
1457122477584,990.6655
1457122477610,990.6489
1457122477640,990.6455
1457122477699,990.62555
1457122477729,990.6235
1457122477764,990.61554
1457122477792,990.61096
1457122477819,990.6055
1457122477850,990.6055
1457122477879,990.6055
1457122477909,990.6055
1457122477969,990.6055
1457122477999,990.60767
1457122478039,990.61554
1457122478058,990.6202
1457122478088,990.62555
1457122478116,990.62555
1457122478147,990.62555
1457122478177,990.62555
1457122478236,990.62555
1457122478266,990.62555
1457122478296,990.62555
1457122478331,990.6208
1457122478356,990.61554
1457122478388,990.63
1457122478417,990.6355
1457122478448,990.6355
1457122478506,990.63654
1457122478536,990.6455
1457122478566,990.6455
1457122478596,990.6455
1457122478625,990.6455
1457122478655,990.65283
1457122478685,990.6555
1457122478727,990.66534
1457122478772,990.66223
1457122478802,990.6355
1457122478832,990.62463
1457122478862,990.6055
1457122478893,990.5994
1457122478922,990.5956
1457122478952,990.5956
1457122478982,990.5956
1457122479044,990.5967
1457122479073,990.6055
1457122479102,990.6055
1457122479133,990.6055
1457122479162,990.6179
1457122479201,990.62555
1457122479220,990.62555
1457122479253,990.62555
1457122479309,990.62555
1457122479344,990.62555
1457122479372,990.62555
1457122479400,990.62555
1457122479429,990.62555
1457122479459,990.62555
1457122479489,990.62555
1457122479549,990.6256
1457122479579,990.6355
1457122479609,990.6355
1457122479639,990.63165
1457122479669,990.62555
1457122479698,990.6319
1457122479728,990.6355
1457122479758,990.6444
1457122479816,990.6458
1457122479849,990.6655
1457122479876,990.6655
1457122479905,990.6655
1457122479936,990.65515
1457122479965,990.6455
1457122479995,990.6455
1457122480025,990.63654
1457122480084,990.63513
1457122480114,990.61554
1457122480144,990.61554
1457122480175,990.61554
1457122480204,990.61554
1457122480234,990.61554
1457122480263,990.6233
1457122480297,990.62555
1457122480354,990.62585
1457122480388,990.6355
1457122480412,990.6355
1457122480443,990.6355
1457122480472,990.6355
1457122480502,990.6355
1457122480531,990.6434
1457122480564,990.6455
1457122480621,990.62555
1457122480659,990.62555
1457122480683,990.63135
1457122480713,990.6455
1457122480742,990.6455
1457122480772,990.6455
1457122480802,990.6455
1457122480831,990.6455
1457122480891,990.6555
1457122480921,990.6572
1457122480951,990.6655
1457122480980,990.6655
1457122481011,990.671
1457122481040,990.67554
1457122481070,990.6514
1457122481100,990.6455
1457122481159,990.62555
1457122481189,990.6237
1457122481219,990.61554
1457122481248,990.6112
1457122481277,990.6055
1457122481307,990.6055
1457122481336,990.6055
1457122481370,990.6055
1457122481427,990.61554
1457122481456,990.61743
1457122481486,990.62555
1457122481516,990.62555
1457122481545,990.62555
1457122481580,990.62555
1457122481608,990.62555
1457122481638,990.62555
1457122481695,990.62555
1457122481724,990.62354
1457122481756,990.61554
1457122481785,990.6245
1457122481814,990.6355
1457122481845,990.6425
1457122481878,990.6455
1457122481904,990.636
1457122481966,990.6363
1457122481993,990.6455
1457122482023,990.6455
1457122482052,990.6501
1457122482084,990.6555
1457122482112,990.6626
1457122482143,990.6655
1457122482172,990.6559
1457122482231,990.6538
1457122482261,990.6355
1457122482291,990.63214
1457122482320,990.62555
1457122482350,990.6196
1457122482380,990.61554
1457122482410,990.61554
1457122482440,990.61554
1457122482500,990.61554
1457122482529,990.61554
1457122482559,990.61896
1457122482589,990.62555
1457122482619,990.6315
1457122482649,990.6355
1457122482679,990.6355
1457122482709,990.6355
1457122482768,990.63654
1457122482798,990.6455
1457122482828,990.6455
1457122482859,990.6455
1457122482888,990.63947
1457122482918,990.6355
1457122482949,990.6441
1457122482979,990.6455
1457122483038,990.6455
1457122483068,990.6455
1457122483098,990.6455
1457122483127,990.6455
1457122483157,990.6516
1457122483186,990.6555
1457122483217,990.6728
1457122483246,990.67554
1457122483306,990.67554
1457122483340,990.6682
1457122483368,990.6455
1457122483398,990.6455
1457122483426,990.6269
1457122483457,990.61554
1457122483486,990.61554
1457122483515,990.61554
1457122483575,990.61554
1457122483604,990.61554
1457122483634,990.61554
1457122483663,990.61554
1457122483693,990.61554
1457122483723,990.62305
1457122483754,990.62555
1457122483813,990.6256
1457122483842,990.6355
1457122483872,990.6355
1457122483905,990.6355
1457122483931,990.6355
1457122483960,990.6355
1457122483990,990.6355
1457122484023,990.6355
1457122484079,990.6355
1457122484109,990.6355
1457122484140,990.6355
1457122484169,990.6355
1457122484199,990.6355
1457122484230,990.6355
1457122484259,990.6432
1457122484293,990.6455
1457122484349,990.6455
1457122484381,990.6485
1457122484407,990.6655
1457122484438,990.6655
1457122484467,990.6602
1457122484497,990.6555
1457122484526,990.6399
1457122484556,990.6355
1457122484616,990.62555
1457122484647,990.6224
1457122484678,990.6055
1457122484707,990.60144
1457122484738,990.5956
1457122484768,990.5956
1457122484797,990.5956
1457122484835,990.5956
1457122484884,990.6055
1457122484915,990.6072
1457122484945,990.61554
1457122484974,990.61554
1457122485004,990.61554
1457122485033,990.6222
1457122485067,990.62555
1457122485093,990.6347
1457122485154,990.6355
1457122485184,990.6338
1457122485216,990.62555
1457122485244,990.62976
1457122485274,990.6355
1457122485304,990.6355
1457122485333,990.6355
1457122485363,990.6355
1457122485422,990.63605
1457122485452,990.6455
1457122485482,990.6455
1457122485512,990.6541
1457122485542,990.6655
1457122485572,990.6655
1457122485601,990.6655
1457122485644,990.6468
1457122485690,990.6437
1457122485720,990.61554
1457122485752,990.60925
1457122485779,990.5956
1457122485813,990.5956
1457122485838,990.5956
1457122485868,990.5956
1457122485899,990.5956
1457122485958,990.5962
1457122485989,990.6055
1457122486020,990.6087
1457122486060,990.61554
1457122486077,990.6212
1457122486107,990.62555
1457122486138,990.62555
1457122486166,990.62555
1457122486226,990.62555
1457122486256,990.62555
1457122486286,990.6288
1457122486316,990.6355
1457122486345,990.62976
1457122486375,990.62555
1457122486406,990.6338
1457122486436,990.6355
1457122486495,990.6355
1457122486526,990.6355
1457122486555,990.63885
1457122486584,990.6455
1457122486614,990.65137
1457122486646,990.6555
1457122486673,990.6722
1457122486703,990.67554
1457122486763,990.6555
1457122486794,990.6534
1457122486825,990.6455
1457122486853,990.6455
1457122486883,990.6337
1457122486912,990.62555
1457122486944,990.6171
1457122486978,990.61554
1457122487037,990.61554
1457122487063,990.6177
1457122487093,990.62555
1457122487120,990.62555
1457122487150,990.62555
1457122487180,990.63275
1457122487210,990.6355
1457122487240,990.6355
1457122487299,990.6355
1457122487329,990.6355
1457122487359,990.6355
1457122487389,990.64026
1457122487418,990.6455
1457122487449,990.63824
1457122487479,990.6355
1457122487509,990.65515
1457122487568,990.6555
1457122487598,990.6555
1457122487630,990.6555
1457122487657,990.66034
1457122487688,990.6655
1457122487717,990.6655
1457122487747,990.6655
1457122487777,990.67535
1457122487837,990.67554
1457122487867,990.67554
1457122487898,990.67554
1457122487928,990.66077
1457122487957,990.6455
1457122487987,990.6307
1457122488017,990.62555
1457122488046,990.6156
1457122488106,990.61554
1457122488140,990.61554
1457122488169,990.6118
1457122488198,990.6055
1457122488227,990.6055
1457122488256,990.6055
1457122488286,990.6055
1457122488344,990.61554
1457122488376,990.6168
1457122488403,990.62555
1457122488432,990.62555
1457122488467,990.62555
1457122488496,990.62555
1457122488523,990.62555
1457122488553,990.63434
1457122488614,990.6355
1457122488645,990.63416
1457122488673,990.62555
1457122488702,990.63324
1457122488733,990.6455
1457122488762,990.6455
1457122488792,990.6455
1457122488822,990.6544
1457122488882,990.6555
1457122488914,990.6555
1457122488940,990.6555
1457122488970,990.6594
1457122488999,990.6655
1457122489031,990.6655
1457122489058,990.6655
1457122489094,990.6476
1457122489152,990.6451
1457122489179,990.62555
1457122489210,990.62555
1457122489240,990.62555
1457122489270,990.62555
1457122489299,990.619
1457122489329,990.61554
1457122489358,990.61554
1457122489418,990.61584
1457122489448,990.62555
1457122489482,990.62836
1457122489509,990.6355
1457122489539,990.6355
1457122489566,990.6355
1457122489596,990.6434
1457122489625,990.6455
1457122489687,990.64514
1457122489715,990.6355
1457122489748,990.6384
1457122489777,990.6455
1457122489807,990.64014
1457122489836,990.6355
1457122489866,990.65137
1457122489896,990.6555
1457122489955,990.6455
1457122489985,990.6455
1457122490014,990.64844
1457122490044,990.6555
1457122490074,990.6555
1457122490104,990.6555
1457122490136,990.6635
1457122490165,990.6655
1457122490226,990.67554
1457122490256,990.67017
1457122490281,990.6455
1457122490316,990.6455
1457122490342,990.6289
1457122490372,990.61554
1457122490402,990.61554
1457122490431,990.61554
1457122490495,990.6055
1457122490521,990.6055
1457122490557,990.6055
1457122490581,990.60986
1457122490612,990.61554
1457122490642,990.61554
1457122490680,990.61554
1457122490698,990.61554
1457122490758,990.62555
1457122490790,990.62555
1457122490818,990.62555
1457122490851,990.62555
1457122490877,990.62555
1457122490909,990.63245
1457122490939,990.6355
1457122490969,990.6261
1457122491028,990.62555
1457122491058,990.6275
1457122491088,990.6355
1457122491118,990.6355
1457122491148,990.6355
1457122491177,990.6425
1457122491207,990.6455
1457122491248,990.6455
1457122491297,990.64703
1457122491326,990.6655
1457122491357,990.6655
1457122491391,990.6655
1457122491416,990.6655
1457122491444,990.64435
1457122491475,990.6355
1457122491504,990.61633
1457122491565,990.61554
1457122491593,990.61554
1457122491624,990.6122
1457122491655,990.6055
1457122491686,990.6113
1457122491714,990.61554
1457122491744,990.61554
1457122491774,990.61554
1457122491834,990.61646
1457122491864,990.62555
1457122491894,990.6289
1457122491922,990.6355
1457122491957,990.6355
1457122491984,990.6355
1457122492013,990.6355
1457122492043,990.6355
1457122492102,990.6355
1457122492133,990.6355
1457122492161,990.6321
1457122492191,990.62555
1457122492221,990.63153
1457122492252,990.6355
1457122492280,990.6355
1457122492314,990.6355
1457122492372,990.6455
1457122492400,990.6455
1457122492430,990.64905
1457122492459,990.6555
1457122492490,990.6616
1457122492519,990.6655
1457122492553,990.6655
1457122492577,990.6655
1457122492636,990.6455
1457122492667,990.6431
1457122492696,990.6355
1457122492727,990.6306
1457122492756,990.62555
1457122492786,990.62555
1457122492816,990.62555
1457122492847,990.62555
1457122492906,990.62555
1457122492938,990.628
1457122492968,990.6355
1457122492996,990.6405
1457122493027,990.6455
1457122493054,990.6455
1457122493084,990.6455
1457122493143,990.6455
1457122493173,990.6455
1457122493205,990.6481
1457122493234,990.6555
1457122493263,990.65045
1457122493293,990.6455
1457122493323,990.6455
1457122493353,990.6455
1457122493412,990.6555
1457122493442,990.6555
1457122493472,990.6555
1457122493503,990.6555
1457122493536,990.66064
1457122493562,990.6655
1457122493593,990.6655
1457122493622,990.6655
1457122493685,990.6855
1457122493710,990.6841
1457122493743,990.67554
1457122493774,990.67554
1457122493800,990.6703
1457122493830,990.6655
1457122493860,990.65784
1457122493889,990.6555
1457122493949,990.6355
1457122493979,990.63696
1457122494014,990.6455
1457122494039,990.64154
1457122494074,990.6355
1457122494100,990.6355
1457122494131,990.6355
1457122494159,990.6355
1457122494217,990.6555
1457122494247,990.6555
1457122494279,990.6555
1457122494306,990.6555
1457122494336,990.6555
1457122494366,990.6555
1457122494396,990.6555
1457122494430,990.6555
1457122494486,990.6555
1457122494517,990.6571
1457122494547,990.6655
1457122494582,990.6655
1457122494604,990.6655
1457122494634,990.6655
1457122494666,990.6655
1457122494694,990.6747
1457122494757,990.67554
1457122494787,990.67554
1457122494814,990.67554
1457122494844,990.6797
1457122494874,990.6855
1457122494904,990.6788
1457122494934,990.67554
1457122494963,990.64777
1457122495025,990.645
1457122495053,990.6355
1457122495085,990.6325
1457122495113,990.62555
1457122495144,990.62555
1457122495171,990.62555
1457122495203,990.62555
1457122495231,990.62555
1457122495290,990.6261
1457122495320,990.6355
1457122495350,990.6386
1457122495380,990.6455
1457122495411,990.6455
1457122495440,990.6455
1457122495470,990.6455
1457122495499,990.6455
1457122495560,990.6455
1457122495590,990.6455
1457122495621,990.6455
1457122495655,990.6455
1457122495679,990.65686
1457122495710,990.6655
1457122495740,990.6655
1457122495769,990.6655
1457122495829,990.67554
1457122495858,990.67554
1457122495889,990.67554
1457122495918,990.67554
1457122495948,990.6813
1457122495978,990.6855
1457122496007,990.6855
1457122496037,990.6855
1457122496098,990.6855
1457122496128,990.68134
1457122496159,990.6655
1457122496188,990.6609
1457122496217,990.6555
1457122496247,990.6555
1457122496276,990.64716
1457122496306,990.6455
1457122496370,990.6355
1457122496395,990.6377
1457122496424,990.6455
1457122496456,990.6455
1457122496486,990.6455
1457122496513,990.6527
1457122496543,990.6555
1457122496572,990.6555
1457122496632,990.6555
1457122496662,990.6577
1457122496693,990.6655
1457122496721,990.66077
1457122496752,990.6555
1457122496782,990.6555
1457122496813,990.6555
1457122496842,990.6555
1457122496902,990.6555
1457122496932,990.65784
1457122496961,990.6655
1457122496991,990.6655
1457122497021,990.6655
1457122497051,990.67285
1457122497080,990.67554
1457122497110,990.66565
1457122497171,990.6666
1457122497200,990.67554
1457122497229,990.67554
1457122497260,990.67554
1457122497294,990.67554
1457122497319,990.65326
1457122497350,990.6455
1457122497380,990.63556
1457122497438,990.6343
1457122497469,990.62555
1457122497498,990.6218
1457122497528,990.61554
1457122497558,990.62177
1457122497587,990.62555
1457122497618,990.62555
1457122497677,990.62555
1457122497707,990.62683
1457122497735,990.6355
1457122497769,990.63934
1457122497799,990.6455
1457122497825,990.6455
1457122497855,990.6455
1457122497884,990.6455
1457122497944,990.6455
1457122497974,990.6469
1457122498004,990.6555
1457122498036,990.6516
1457122498064,990.6455
1457122498099,990.6583
1457122498124,990.6655
1457122498156,990.65656
1457122498215,990.6557
1457122498244,990.6655
1457122498274,990.6655
1457122498304,990.6695
1457122498333,990.67554
1457122498363,990.67554
1457122498392,990.67554
1457122498422,990.6845
1457122498482,990.68494
1457122498513,990.6655
1457122498543,990.6571
1457122498575,990.6355
1457122498602,990.6249
1457122498631,990.61554
1457122498660,990.61554
1457122498691,990.61554
1457122498750,990.61554
1457122498780,990.61554
1457122498810,990.61554
1457122498840,990.61554
1457122498870,990.6209
1457122498910,990.62555
1457122498929,990.6334
1457122498957,990.6355
1457122499017,990.6355
1457122499047,990.6355
1457122499077,990.6384
1457122499106,990.6455
1457122499136,990.6455
1457122499166,990.6455
1457122499196,990.6455
1457122499226,990.6455
1457122499288,990.6455
1457122499327,990.6455
1457122499348,990.6455
1457122499378,990.6455
1457122499405,990.651
1457122499435,990.6555
1457122499465,990.6555
1457122499497,990.6555
1457122499567,990.6555
1457122499586,990.65735
1457122499618,990.6655
1457122499643,990.6655
1457122499674,990.6655
1457122499704,990.6655
1457122499733,990.6493
1457122499765,990.6455
1457122499825,990.62555
1457122499856,990.62555
1457122499885,990.62555
1457122499914,990.6211
1457122499943,990.61554
1457122499974,990.61554
1457122500002,990.61554
1457122500032,990.61554
1457122500091,990.62555
1457122500120,990.6275
1457122500151,990.6355
1457122500180,990.64
1457122500212,990.6455
1457122500239,990.63855
1457122500270,990.6355
1457122500300,990.645
1457122500360,990.6455
1457122500391,990.6455
1457122500420,990.6455
1457122500450,990.6409
1457122500479,990.6355
1457122500509,990.64966
1457122500539,990.6555
1457122500569,990.6555
1457122500629,990.6555
1457122500658,990.6555
1457122500693,990.6555
1457122500740,990.66016
1457122500748,990.6655
1457122500778,990.6655
1457122500806,990.6655
1457122500838,990.6752
1457122500895,990.67456
1457122500925,990.6655
1457122500955,990.65515
1457122500985,990.6355
1457122501015,990.6295
1457122501048,990.62555
1457122501075,990.62555
1457122501104,990.6158
1457122501164,990.6165
1457122501194,990.62555
1457122501224,990.62555
1457122501253,990.62555
1457122501283,990.63153
1457122501320,990.6355
1457122501343,990.64404
1457122501383,990.6455
1457122501432,990.6455
1457122501462,990.6455
1457122501492,990.6455
1457122501521,990.6455
1457122501552,990.6516
1457122501581,990.6555
1457122501611,990.6555
1457122501642,990.6555
1457122501703,990.6655
1457122501733,990.6655
1457122501763,990.6691
1457122501791,990.67554
1457122501820,990.67554
1457122501850,990.67554
1457122501880,990.68414
1457122501911,990.6855
1457122501970,990.6855
1457122502044,990.6903
1457122502045,990.7055
1457122502059,990.70056
1457122502088,990.6955
1457122502118,990.6955
1457122502150,990.6781
1457122502178,990.67554
1457122502238,990.6655
1457122502269,990.6605
1457122502297,990.6455
1457122502328,990.6455
1457122502358,990.6455
1457122502388,990.6455
1457122502418,990.6455
1457122502479,990.6455
1457122502511,990.6455
1457122502539,990.6481
1457122502565,990.6555
1457122502595,990.6606
1457122502625,990.6655
1457122502656,990.6655
1457122502685,990.6655
1457122502746,990.6655
1457122502774,990.6655
1457122502806,990.6655
1457122502840,990.6655
1457122502868,990.67065
1457122502895,990.67554
1457122502926,990.67554
1457122502957,990.67554
1457122503015,990.67554
1457122503044,990.67554
1457122503074,990.67554
1457122503104,990.67554
1457122503133,990.67554
1457122503163,990.67554
1457122503194,990.69104
1457122503223,990.6955
1457122503287,990.67554
1457122503312,990.6725
1457122503345,990.6555
1457122503371,990.64746
1457122503402,990.6355
1457122503430,990.62897
1457122503465,990.62555
1457122503495,990.62555
1457122503550,990.62555
1457122503580,990.62714
1457122503610,990.6355
1457122503640,990.6355
1457122503670,990.6355
1457122503715,990.64215
1457122503728,990.6455
1457122503758,990.6455
1457122503820,990.6455
1457122503852,990.6455
1457122503877,990.6455
1457122503907,990.6455
1457122503936,990.6455
1457122503967,990.6455
1457122503997,990.6455
1457122504028,990.66394
1457122504087,990.66504
1457122504119,990.6555
1457122504153,990.6585
1457122504179,990.6655
1457122504208,990.6655
1457122504239,990.6655
1457122504268,990.6655
1457122504320,990.6655
1457122504354,990.6661
1457122504385,990.67554
1457122504414,990.6724
1457122504445,990.6655
1457122504473,990.6543
1457122504503,990.6455
1457122504533,990.6455
1457122504564,990.6361
1457122504623,990.6349
1457122504652,990.62555
1457122504682,990.6224
1457122504713,990.61554
1457122504743,990.6212
1457122504776,990.62555
1457122504803,990.62555
1457122504837,990.62555
1457122504892,990.6262
1457122504922,990.6355
1457122504952,990.6355
1457122504981,990.6355
1457122505011,990.6355
1457122505040,990.6355
1457122505070,990.6438
1457122505100,990.6455
1457122505159,990.6555
1457122505189,990.6555
1457122505219,990.6588
1457122505249,990.6655
1457122505278,990.6655
1457122505309,990.6655
1457122505340,990.6655
1457122505371,990.6655
1457122505430,990.67554
1457122505459,990.67554
1457122505489,990.67554
1457122505518,990.6801
1457122505548,990.6855
1457122505578,990.6855
1457122505608,990.6771
1457122505636,990.67554
1457122505700,990.6455
1457122505726,990.6433
1457122505756,990.6355
1457122505786,990.6308
1457122505815,990.62555
1457122505845,990.62555
1457122505876,990.62555
1457122505905,990.62555
1457122505967,990.6355
1457122506000,990.6355
1457122506026,990.6355
1457122506056,990.645
1457122506086,990.6555
1457122506115,990.6555
1457122506145,990.6555
1457122506175,990.6555
1457122506273,990.6555
1457122506274,990.6555
1457122506295,990.6555
1457122506322,990.6555
1457122506352,990.6555
1457122506382,990.6702
1457122506412,990.67554
1457122506441,990.67554
1457122506501,990.67554
1457122506536,990.67554
1457122506566,990.67914
1457122506596,990.6855
1457122506622,990.6855
1457122506654,990.6855
1457122506681,990.6855
1457122506712,990.69543
1457122506771,990.6943
1457122506801,990.6855
1457122506830,990.67804
1457122506860,990.6655
1457122506890,990.6593
1457122506920,990.6555
1457122506949,990.6555
1457122507010,990.6455
1457122507039,990.6455
1457122507071,990.6455
1457122507100,990.6455
1457122507130,990.6455
1457122507159,990.6455
1457122507188,990.6455
1457122507216,990.65436
1457122507276,990.6555
1457122507306,990.6555
1457122507338,990.6555
1457122507366,990.65936
1457122507399,990.6655
1457122507428,990.6655
1457122507456,990.6655
1457122507485,990.6655
1457122507549,990.66565
1457122507576,990.67554
1457122507604,990.67554
1457122507635,990.67554
1457122507666,990.67554
1457122507699,990.67554
1457122507725,990.67554
1457122507756,990.68445
1457122507816,990.6855
1457122507844,990.6855
1457122507875,990.68823
1457122507904,990.6955
1457122507934,990.69025
1457122507963,990.6855
1457122507993,990.6855
1457122508023,990.67645
1457122508083,990.6749
1457122508111,990.6555
1457122508141,990.6527
1457122508170,990.6455
1457122508203,990.6455
1457122508234,990.6455
1457122508260,990.6455
1457122508301,990.6455
1457122508351,990.6459
1457122508380,990.6555
1457122508411,990.6555
1457122508441,990.6555
1457122508471,990.6609
1457122508500,990.6655
1457122508530,990.6655
1457122508560,990.6655
1457122508619,990.6655
1457122508653,990.6655
1457122508680,990.6655
1457122508713,990.6655
1457122508739,990.67096
1457122508769,990.67554
1457122508796,990.67554
1457122508826,990.67554
1457122508889,990.67554
1457122508918,990.67554
1457122508949,990.67554
1457122508976,990.67554
1457122509006,990.67554
1457122509036,990.67554
1457122509067,990.68353
1457122509099,990.6855
1457122509157,990.6855
1457122509184,990.68005
1457122509218,990.6555
1457122509247,990.6512
1457122509274,990.6455
1457122509304,990.6387
1457122509335,990.6355
1457122509364,990.6355
1457122509425,990.6355
1457122509454,990.6355
1457122509485,990.6355
1457122509513,990.6355
1457122509544,990.6355
1457122509572,990.6355
1457122509605,990.6355
1457122509632,990.64496
1457122509694,990.6455
1457122509722,990.6455
1457122509753,990.6455
1457122509785,990.6455
1457122509812,990.6455
1457122509842,990.6525
1457122509871,990.6555
1457122509901,990.646
1457122509961,990.6463
1457122509991,990.6555
1457122510021,990.6555
1457122510050,990.6555
1457122510080,990.6555
1457122510109,990.6626
1457122510139,990.6655
1457122510171,990.6751
1457122510233,990.6764
1457122510258,990.6855
1457122510289,990.6821
1457122510318,990.67554
1457122510349,990.6696
1457122510378,990.6655
1457122510408,990.6655
1457122510438,990.63654
1457122510498,990.6346
1457122510527,990.62555
1457122510562,990.6221
1457122510587,990.61554
1457122510618,990.61554
1457122510649,990.61554
1457122510679,990.61554
1457122510708,990.61554
1457122510766,990.61554
1457122510796,990.61554
1457122510826,990.619
1457122510856,990.62555
1457122510885,990.62555
1457122510916,990.62555
1457122510945,990.6341
1457122510974,990.6355
1457122511034,990.6455
1457122511062,990.6455
1457122511093,990.6455
1457122511126,990.6455
1457122511153,990.6577
1457122511183,990.6655
1457122511212,990.65686
1457122511249,990.6555
1457122511302,990.6655
1457122511332,990.6655
1457122511362,990.6655
1457122511393,990.6655
1457122511421,990.6655
1457122511451,990.6655
1457122511480,990.6742
1457122511515,990.67554
1457122511570,990.67554
1457122511600,990.668
1457122511629,990.6455
1457122511659,990.6405
1457122511689,990.6355
1457122511719,990.628
1457122511752,990.62555
1457122511810,990.62555
1457122511838,990.62555
1457122511868,990.62555
1457122511899,990.62555
1457122511929,990.62555
1457122511958,990.62555
1457122511989,990.6331
1457122512018,990.6355
1457122512079,990.6455
1457122512107,990.64417
1457122512138,990.6355
1457122512170,990.6355
1457122512198,990.6407
1457122512229,990.6455
1457122512258,990.6455
1457122512286,990.6455
1457122512346,990.6455
1457122512376,990.647
1457122512406,990.6555
1457122512436,990.65155
1457122512466,990.6455
1457122512495,990.6455
1457122512525,990.65326
1457122512555,990.6555
1457122512613,990.6555
1457122512643,990.65704
1457122512675,990.6655
1457122512702,990.6655
1457122512737,990.6655
1457122512766,990.6524
1457122512795,990.6455
1457122512823,990.6455
1457122512882,990.62555
1457122512911,990.6239
1457122512941,990.61554
1457122512974,990.61554
1457122513003,990.61554
1457122513031,990.61554
1457122513061,990.61554
1457122513092,990.61554
1457122513153,990.61597
1457122513188,990.62555
1457122513211,990.62555
1457122513239,990.62555
1457122513269,990.62555
1457122513299,990.6322
1457122513329,990.6355
1457122513358,990.6355
1457122513418,990.6355
1457122513448,990.6355
1457122513480,990.6355
1457122513509,990.6355
1457122513539,990.6355
1457122513570,990.6423
1457122513599,990.6455
1457122513629,990.6362
1457122513689,990.6361
1457122513718,990.6455
1457122513747,990.6455
1457122513778,990.6455
1457122513807,990.6511
1457122513836,990.6555
1457122513870,990.6555
1457122513895,990.66486
1457122513956,990.66364
1457122513985,990.6355
1457122514015,990.6293
1457122514044,990.61554
1457122514077,990.60986
1457122514107,990.6055
1457122514138,990.6055
1457122514167,990.6055
1457122514224,990.6062
1457122514253,990.61554
1457122514289,990.61554
1457122514314,990.61554
1457122514343,990.6212
1457122514374,990.62555
1457122514404,990.62555
1457122514435,990.62555
1457122514492,990.62555
1457122514522,990.6275
1457122514551,990.6355
1457122514583,990.6355
1457122514611,990.6355
1457122514644,990.6355
1457122514676,990.6355
1457122514701,990.6355
1457122514762,990.6555
1457122514792,990.65344
1457122514822,990.6455
1457122514851,990.6501
1457122514881,990.6555
1457122514910,990.6555
1457122514940,990.6555
1457122514971,990.6555
1457122515031,990.6555
1457122515065,990.65765
1457122515089,990.6655
1457122515118,990.6609
1457122515147,990.6555
1457122515180,990.64124
1457122515212,990.6355
1457122515238,990.6355
1457122515297,990.61554
1457122515327,990.61554
1457122515356,990.61554
1457122515387,990.61554
1457122515418,990.61554
1457122515447,990.61554
1457122515478,990.61554
1457122515512,990.61554
1457122515571,990.6166
1457122515597,990.62555
1457122515624,990.62555
1457122515655,990.62555
1457122515685,990.62555
1457122515715,990.6328
1457122515744,990.6355
1457122515774,990.6355
1457122515834,990.6366
1457122515867,990.6455
1457122515900,990.6491
1457122515926,990.6555
1457122515954,990.6555
1457122515984,990.6555
1457122516014,990.6555
1457122516044,990.6555
1457122516103,990.6567
1457122516137,990.6655
1457122516163,990.66187
1457122516196,990.6555
1457122516223,990.6679
1457122516274,990.67554
1457122516283,990.67554
1457122516313,990.67554
1457122516371,990.673
1457122516405,990.6555
1457122516430,990.64795
1457122516459,990.6355
1457122516489,990.6355
1457122516519,990.6355
1457122516554,990.6267
1457122516609,990.62555
1457122516639,990.62555
1457122516668,990.62555
1457122516698,990.62555
1457122516728,990.62555
1457122516759,990.6319
1457122516788,990.6355
1457122516820,990.6444
1457122516878,990.6455
1457122516908,990.6455
1457122516938,990.6455
1457122516968,990.6455
1457122516998,990.6455
1457122517027,990.652
1457122517057,990.6555
1457122517087,990.6465
1457122517148,990.64575
1457122517181,990.6555
1457122517222,990.6555
1457122517235,990.6555
1457122517264,990.6608
1457122517294,990.6655
1457122517323,990.6655
1457122517354,990.6655
1457122517415,990.6659
1457122517443,990.67554
1457122517476,990.67554
1457122517503,990.67554
1457122517535,990.6647
1457122517564,990.6555
1457122517599,990.6476
1457122517624,990.6455
1457122517682,990.645
1457122517712,990.6355
1457122517742,990.6355
1457122517771,990.6355
1457122517800,990.6355
1457122517834,990.6355
1457122517861,990.64355
1457122517891,990.6455
1457122517951,990.6555
1457122517981,990.6555
1457122518009,990.6555
1457122518039,990.6555
1457122518072,990.6555
1457122518099,990.6555
1457122518132,990.6636
1457122518159,990.6655
1457122518219,990.6655
1457122518249,990.6655
1457122518279,990.6655
1457122518309,990.6655
1457122518340,990.6655
1457122518368,990.6655
1457122518399,990.6655
1457122518430,990.6655
1457122518489,990.6655
1457122518518,990.6655
1457122518549,990.6655
1457122518578,990.67
1457122518607,990.67554
1457122518637,990.67554
1457122518667,990.67554
1457122518697,990.67554
1457122518756,990.6455
1457122518788,990.6435
1457122518821,990.6355
1457122518848,990.631
1457122518875,990.62555
1457122518904,990.62555
1457122518933,990.62555
1457122518964,990.62555
1457122519023,990.62555
1457122519059,990.62555
1457122519084,990.62555
1457122519114,990.6301
1457122519143,990.6355
1457122519174,990.64264
1457122519203,990.6455
1457122519233,990.6455
1457122519293,990.6455
1457122519322,990.6455
1457122519358,990.6489
1457122519383,990.6555
1457122519414,990.6555
1457122519442,990.6555
1457122519473,990.6555
1457122519502,990.6555
1457122519561,990.6555
1457122519591,990.6555
1457122519622,990.659
1457122519651,990.6655
1457122519681,990.6715
1457122519711,990.67554
1457122519740,990.67554
1457122519770,990.67554
1457122519831,990.67554
1457122519859,990.67554
1457122519894,990.6649
1457122519919,990.6455
1457122519953,990.63947
1457122519979,990.6355
1457122520010,990.6355
1457122520038,990.6355
1457122520098,990.6355
1457122520128,990.6355
1457122520161,990.63916
1457122520186,990.6455
1457122520217,990.6455
1457122520246,990.6455
1457122520276,990.6542
1457122520305,990.6555
1457122520370,990.6555
1457122520395,990.6555
1457122520425,990.6555
1457122520456,990.6555
1457122520486,990.6555
1457122520514,990.6555
1457122520546,990.66425
1457122520573,990.6655
1457122520635,990.6655
1457122520664,990.6655
1457122520693,990.6655
1457122520723,990.67053
1457122520753,990.67554
1457122520782,990.67554
1457122520814,990.67554
1457122520878,990.67554
1457122520903,990.67554
1457122520937,990.67554
1457122520964,990.67554
1457122520994,990.6806
1457122521024,990.6855
1457122521053,990.6703
1457122521083,990.6655
1457122521141,990.6652
1457122521172,990.6455
1457122521202,990.6455
1457122521231,990.6455
1457122521272,990.6455
1457122521290,990.6455
1457122521324,990.6455
1457122521352,990.6455
1457122521410,990.6455
1457122521438,990.647
1457122521469,990.6555
1457122521500,990.6555
1457122521528,990.6555
1457122521558,990.6555
1457122521588,990.6555
1457122521617,990.6555
1457122521678,990.6555
1457122521708,990.65704
1457122521738,990.6655
1457122521769,990.66144
1457122521802,990.6555
1457122521831,990.6555
1457122521857,990.67114
1457122521887,990.67554
1457122521947,990.6655
1457122521977,990.6671
1457122522027,990.67554
1457122522036,990.67554
1457122522064,990.67554
1457122522094,990.67554
1457122522126,990.67554
1457122522154,990.67554
1457122522214,990.6855
1457122522243,990.6805
1457122522273,990.6555
1457122522303,990.64716
1457122522333,990.6355
1457122522363,990.6355
1457122522392,990.6355
1457122522422,990.62634
1457122522483,990.62555
1457122522514,990.62555
1457122522543,990.62555
1457122522573,990.62976
1457122522604,990.6355
1457122522633,990.6355
1457122522663,990.6355
1457122522692,990.6448
1457122522751,990.6455
1457122522780,990.6455
1457122522810,990.6455
1457122522840,990.6455
1457122522870,990.6455
1457122522900,990.6455
1457122522929,990.6455
1457122522961,990.6455
1457122523020,990.64667
1457122523050,990.6655
1457122523081,990.6655
1457122523109,990.6655
1457122523139,990.67114
1457122523169,990.67554
1457122523199,990.67554
1457122523229,990.67554
1457122523289,990.67554
1457122523319,990.67554
1457122523348,990.67865
1457122523383,990.6855
1457122523412,990.67413
1457122523438,990.6655
1457122523467,990.6491
1457122523498,990.6455
1457122523558,990.6441
1457122523587,990.62555
1457122523617,990.62555
1457122523646,990.62555
1457122523676,990.62555
1457122523706,990.62555
1457122523736,990.62555
1457122523765,990.62555
1457122523826,990.6355
1457122523859,990.6355
1457122523885,990.6355
1457122523924,990.6355
1457122523946,990.64136
1457122523974,990.6455
1457122524003,990.6455
1457122524033,990.6455
1457122524092,990.6555
1457122524122,990.6555
1457122524156,990.6555
1457122524189,990.66016
1457122524221,990.6655
1457122524244,990.6655
1457122524271,990.6655
1457122524301,990.6655
1457122524360,990.6655
1457122524390,990.6655
1457122524420,990.6655
1457122524450,990.6655
1457122524479,990.6655
1457122524510,990.67993
1457122524539,990.6855
1457122524569,990.6855
1457122524629,990.6855
1457122524660,990.68097
1457122524692,990.6655
1457122524719,990.6607
1457122524750,990.6555
1457122524779,990.6409
1457122524809,990.6355
1457122524839,990.62573
1457122524898,990.62555
1457122524933,990.62555
1457122524960,990.62555
1457122524994,990.62555
1457122525019,990.62555
1457122525048,990.6329
1457122525078,990.6355
1457122525107,990.6454
1457122525167,990.6455
1457122525197,990.6455
1457122525228,990.6455
1457122525257,990.6455
1457122525286,990.6455
1457122525314,990.65295
1457122525344,990.6555
1457122525374,990.6555
1457122525437,990.6555
1457122525467,990.6555
1457122525494,990.6555
1457122525524,990.6555
1457122525554,990.66174
1457122525585,990.6655
1457122525614,990.6655
1457122525674,990.6555
1457122525704,990.6568
1457122525738,990.6655
1457122525765,990.6655
1457122525798,990.6655
1457122525823,990.6529
1457122525854,990.6455
1457122525882,990.619
1457122525960,990.6155
1457122525970,990.6055
1457122526000,990.6055
1457122526033,990.6055
1457122526063,990.6055
1457122526090,990.61194
1457122526120,990.61554
1457122526150,990.6244
1457122526210,990.62555
1457122526239,990.62555
1457122526301,990.6282
1457122526301,990.6355
1457122526331,990.6355
1457122526360,990.6355
1457122526390,990.6355
1457122526419,990.6445
1457122526479,990.64575
1457122526509,990.6555
1457122526537,990.6528
1457122526569,990.6455
1457122526596,990.656
1457122526627,990.6655
1457122526656,990.6655
1457122526686,990.6655
1457122526747,990.6655
1457122526776,990.6655
1457122526805,990.6655
1457122526835,990.6655
1457122526865,990.6655
1457122526894,990.6655
1457122526925,990.6655
1457122526954,990.6655
1457122527014,990.66516
1457122527044,990.6555
1457122527074,990.64984
1457122527107,990.6355
1457122527135,990.6302
1457122527165,990.62555
1457122527194,990.6177
1457122527226,990.61554
1457122527284,990.61554
1457122527314,990.61554
1457122527344,990.61554
1457122527373,990.61554
1457122527403,990.61554
1457122527433,990.61554
1457122527463,990.6234
1457122527494,990.62555
1457122527554,990.6355
1457122527582,990.6355
1457122527618,990.6355
1457122527645,990.6397
1457122527673,990.6455
1457122527701,990.6455
1457122527732,990.6455
1457122527763,990.6455
1457122527819,990.6355
1457122527849,990.639
1457122527879,990.6555
1457122527909,990.6555
1457122527942,990.6555
1457122527972,990.6555
1457122527998,990.6555
1457122528028,990.6555
1457122528088,990.6555
1457122528118,990.6555
1457122528150,990.6555
1457122528179,990.6598
1457122528208,990.6655
1457122528238,990.6587
1457122528269,990.6555
1457122528302,990.6275
1457122528362,990.62494
1457122528388,990.61554
1457122528419,990.61554
1457122528447,990.61115
1457122528478,990.6055
1457122528519,990.6055
1457122528537,990.6055
1457122528565,990.6055
1457122528625,990.6062
1457122528654,990.61554
1457122528685,990.6187
1457122528716,990.62555
1457122528744,990.62555
1457122528774,990.62555
1457122528804,990.62555
1457122528833,990.63495
1457122528893,990.6355
1457122528923,990.6355
1457122528953,990.63873
1457122528982,990.6455
1457122529012,990.65125
1457122529042,990.6555
1457122529072,990.6555
1457122529102,990.6555
1457122529161,990.6548
1457122529191,990.6455
1457122529223,990.6488
1457122529251,990.6555
1457122529282,990.6497
1457122529311,990.6455
1457122529340,990.6538
1457122529370,990.6555
1457122529430,990.6555
1457122529464,990.6555
1457122529492,990.64886
1457122529519,990.6355
1457122529549,990.6239
1457122529579,990.61554
1457122529609,990.6072
1457122529639,990.6055
1457122529698,990.6055
1457122529729,990.6055
1457122529759,990.6055
1457122529788,990.6055
1457122529818,990.61145
1457122529848,990.61554
1457122529878,990.61554
1457122529907,990.61554
1457122529967,990.62555
1457122529996,990.62555
1457122530027,990.62555
1457122530056,990.62555
1457122530085,990.62555
1457122530116,990.62555
1457122530145,990.634
1457122530175,990.6355
1457122530237,990.6355
1457122530266,990.6355
1457122530296,990.6355
1457122530326,990.64026
1457122530360,990.6455
1457122530385,990.6383
1457122530414,990.6355
1457122530444,990.6355
1457122530503,990.6355
1457122530533,990.63324
1457122530562,990.62555
1457122530593,990.6303
1457122530622,990.6355
1457122530652,990.6428
1457122530682,990.6455
1457122530713,990.6259
1457122530775,990.62445
1457122530806,990.61554
1457122530833,990.61554
1457122530862,990.6107
1457122530891,990.6055
1457122530921,990.6055
1457122530974,990.6055
1457122530985,990.6055
1457122531042,990.6055
1457122531071,990.6055
1457122531101,990.6055
1457122531130,990.6055
1457122531159,990.6055
1457122531192,990.6055
1457122531220,990.6055
1457122531250,990.6155
1457122531311,990.6167
1457122531339,990.62555
1457122531371,990.62555
1457122531399,990.62555
1457122531430,990.62555
1457122531459,990.62555
1457122531499,990.62555
1457122531519,990.61554
1457122531577,990.61554
1457122531607,990.61554
1457122531636,990.61554
1457122531666,990.61554
1457122531701,990.61554
1457122531727,990.61554
1457122531757,990.61554
1457122531819,990.61554
1457122531847,990.61554
1457122531878,990.61554
1457122531907,990.61554
1457122531937,990.61554
1457122531967,990.6092
1457122531996,990.6055
1457122532027,990.6055
1457122532085,990.6055
1457122532114,990.6055
1457122532144,990.6029
1457122532176,990.5956
1457122532203,990.5956
1457122532238,990.5956
1457122532267,990.5956
1457122532293,990.5866
1457122532355,990.5856
1457122532384,990.5856
1457122532414,990.5856
1457122532444,990.5856
1457122532473,990.5803
1457122532503,990.57556
1457122532534,990.57556
1457122532562,990.57556
1457122532622,990.5753
1457122532652,990.56555
1457122532683,990.56555
1457122532732,990.56555
1457122532740,990.56555
1457122532769,990.56555
1457122532800,990.56555
1457122532829,990.56555
1457122532888,990.56555
1457122532918,990.56555
1457122532948,990.56555
1457122532978,990.56555
1457122533008,990.56555
1457122533038,990.56555
1457122533067,990.56555
1457122533097,990.56555
1457122533157,990.56555
1457122533187,990.56555
1457122533217,990.56555
1457122533248,990.56555
1457122533276,990.57104
1457122533306,990.57556
1457122533336,990.57556
1457122533366,990.57556
1457122533425,990.56555
1457122533455,990.56726
1457122533485,990.57556
1457122533515,990.57556
1457122533544,990.57556
1457122533576,990.57556
1457122533604,990.57556
1457122533634,990.57556
1457122533693,990.57556
1457122533723,990.57733
1457122533754,990.5856
1457122533784,990.58124
1457122533814,990.57556
1457122533846,990.57556
1457122533876,990.57556
1457122533903,990.57556
1457122533962,990.57556
1457122533992,990.57556
1457122534022,990.57556
1457122534052,990.57556
1457122534082,990.57556
1457122534111,990.57556
1457122534142,990.57556
1457122534171,990.57556
1457122534231,990.57556
1457122534260,990.57556
1457122534291,990.57556
1457122534321,990.57556
1457122534349,990.57556
1457122534380,990.5686
1457122534409,990.56555
1457122534439,990.56555
1457122534499,990.56555
1457122534529,990.56555
1457122534560,990.56555
1457122534589,990.56555
1457122534619,990.56555
1457122534649,990.56555
1457122534678,990.56555
1457122534708,990.56555
1457122534768,990.56476
1457122534798,990.55554
1457122534827,990.55554
1457122534857,990.55554
1457122534887,990.55554
1457122534919,990.55554
1457122534946,990.5639
1457122534976,990.56555
1457122535036,990.5647
1457122535065,990.55554
