1581013256478,997.1843
1581013256505,997.19556
1581013256544,997.20215
1581013256584,997.209
1581013256625,997.2114
1581013256663,997.2168
1581013256704,997.2202
1581013256744,997.2031
1581013256784,997.1919
1581013256823,997.1887
1581013256864,997.17896
1581013256904,997.1885
1581013256944,997.2092
1581013256985,997.22
1581013257024,997.2258
1581013257065,997.22
1581013257103,997.21313
1581013257145,997.20435
1581013257185,997.2097
1581013257225,997.21094
1581013257264,997.19653
1581013257305,997.20337
1581013257344,997.1968
1581013257384,997.20166
1581013257425,997.19507
1581013257467,997.1814
1581013257503,997.18604
1581013257545,997.1892
1581013257584,997.1865
1581013257624,997.177
1581013257663,997.176
1581013257705,997.18774
1581013257743,997.20386
1581013257784,997.2075
1581013257824,997.20703
1581013257866,997.219
1581013257904,997.2229
1581013257946,997.2229
1581013257985,997.22705
1581013258028,997.21436
1581013258066,997.2058
1581013258103,997.20483
1581013258144,997.1958
1581013258183,997.19556
1581013258225,997.19165
1581013258268,997.2075
1581013258304,997.2051
1581013258343,997.2009
1581013258384,997.1885
1581013258423,997.1887
1581013258481,997.1892
1581013258504,997.18604
1581013258544,997.18945
1581013258585,997.2019
1581013258623,997.20874
1581013258665,997.2029
1581013258703,997.19946
1581013258744,997.20605
1581013258784,997.2036
1581013258824,997.1948
1581013258864,997.1885
1581013258904,997.18677
1581013258944,997.1821
1581013258984,997.1765
1581013259023,997.18384
1581013259065,997.1953
1581013259103,997.2024
1581013259143,997.1963
1581013259184,997.1968
1581013259226,997.1892
1581013259265,997.18823
1581013259304,997.198
1581013259345,997.19116
1581013259384,997.18335
1581013259426,997.17285
1581013259465,997.1692
1581013259505,997.17847
1581013259544,997.1848
1581013259585,997.17773
1581013259624,997.18506
1581013259664,997.19214
1581013259704,997.1997
1581013259744,997.19775
1581013259784,997.2102
1581013259824,997.20776
1581013259865,997.2168
1581013259903,997.21655
1581013259944,997.20874
1581013259983,997.2114
1581013260024,997.2068
1581013260067,997.20776
1581013260105,997.2009
1581013260144,997.19824
1581013260185,997.1924
1581013260224,997.18604
1581013260264,997.1865
1581013260303,997.18774
1581013260344,997.19214
1581013260383,997.19165
1581013260424,997.19116
1581013260463,997.19165
1581013260503,997.2014
1581013260544,997.19824
1581013260585,997.1941
1581013260624,997.1987
1581013260664,997.2112
1581013260704,997.2114
1581013260745,997.2063
1581013260784,997.2085
1581013260824,997.2036
1581013260866,997.2012
1581013260903,997.208
1581013260945,997.2095
1581013260984,997.219
1581013261028,997.2212
1581013261064,997.2212
1581013261104,997.2163
1581013261143,997.22705
1581013261184,997.209
1581013261223,997.21045
1581013261265,997.21045
1581013261305,997.2097
1581013261353,997.209
1581013261386,997.19385
1581013261425,997.20215
1581013261464,997.1987
1581013261506,997.2063
1581013261545,997.20776
1581013261587,997.2019
1581013261624,997.23193
1581013261663,997.2346
1581013261705,997.2368
1581013261747,997.2605
1581013261785,997.34204
1581013261823,997.3943
1581013261864,997.3733
1581013261904,997.3291
1581013261945,997.2854
1581013261984,997.27734
1581013262031,997.2781
1581013262065,997.2676
1581013262103,997.3208
1581013262145,997.3274
1581013262183,997.2698
1581013262224,997.178
1581013262263,997.1194
1581013262304,997.1062
1581013262345,997.10596
1581013262385,997.1211
1581013262425,997.1421
1581013262464,997.1697
1581013262503,997.16895
1581013262547,997.16284
1581013262584,997.14966
1581013262623,997.17725
1581013262663,997.18945
1581013262704,997.2053
1581013262745,997.2168
1581013262784,997.2439
1581013262824,997.27246
1581013262864,997.30054
1581013262904,997.2842
1581013262944,997.2471
1581013262984,997.2141
1581013263024,997.21313
1581013263066,997.22144
1581013263103,997.2283
1581013263144,997.23145
1581013263183,997.2388
1581013263224,997.24414
1581013263263,997.2473
1581013263306,997.2322
1581013263344,997.24146
1581013263384,997.30176
1581013263424,997.30347
1581013263467,997.28174
1581013263509,997.2749
1581013263543,997.28906
1581013263584,997.2388
1581013263628,997.187
1581013263664,997.1582
1581013263704,997.1648
1581013263745,997.1836
1581013263785,997.18945
1581013263825,997.1902
1581013263866,997.20264
1581013263904,997.20166
1581013263945,997.2063
1581013263984,997.2417
1581013264024,997.3296
1581013264064,997.322
1581013264104,997.28174
1581013264143,997.18384
1581013264184,997.1648
1581013264224,997.1714
1581013264265,997.1953
1581013264304,997.20557
1581013264348,997.2075
1581013264385,997.22534
1581013264425,997.2219
1581013264464,997.22974
1581013264505,997.24146
1581013264543,997.28076
1581013264584,997.32104
1581013264623,997.30493
1581013264665,997.23535
1581013264704,997.1948
1581013264744,997.1748
1581013264787,997.1687
1581013264826,997.166
1581013264866,997.1797
1581013264903,997.188
1581013264945,997.20703
1581013264987,997.2388
1581013265024,997.25073
1581013265063,997.27466
1581013265105,997.31396
1581013265143,997.31885
1581013265184,997.24536
1581013265223,997.1748
1581013265265,997.1548
1581013265303,997.17456
1581013265344,997.20044
1581013265384,997.21045
1581013265425,997.2168
1581013265466,997.21924
1581013265505,997.23193
1581013265545,997.2383
1581013265586,997.2593
1581013265624,997.2883
1581013265663,997.2991
1581013265704,997.2776
1581013265745,997.2439
1581013265787,997.18945
1581013265823,997.1648
1581013265865,997.14746
1581013265909,997.1594
1581013265944,997.17944
1581013265987,997.19653
1581013266028,997.2178
1581013266064,997.2483
1581013266105,997.25195
1581013266144,997.23535
1581013266184,997.2898
1581013266223,997.3296
1581013266263,997.32275
1581013266304,997.23706
1581013266345,997.17285
1581013266385,997.16895
1581013266424,997.1824
1581013266465,997.20215
1581013266504,997.2102
1581013266550,997.21655
1581013266584,997.2224
1581013266624,997.2312
1581013266664,997.2383
1581013266706,997.28345
1581013266743,997.2798
1581013266785,997.26514
1581013266823,997.2539
1581013266864,997.2273
1581013266907,997.1648
1581013266944,997.16724
1581013266986,997.17847
1581013267023,997.1931
1581013267064,997.19727
1581013267104,997.20605
1581013267144,997.2258
1581013267184,997.2512
1581013267225,997.27
1581013267263,997.3096
1581013267308,997.3113
1581013267343,997.2881
1581013267384,997.2258
1581013267423,997.176
1581013267465,997.16626
1581013267503,997.1775
1581013267548,997.2009
1581013267586,997.2261
1581013267624,997.2366
1581013267664,997.2693
1581013267704,997.2715
1581013267752,997.2385
1581013267786,997.2246
1581013267824,997.2273
1581013267864,997.23315
1581013267904,997.25146
1581013267944,997.25146
1581013267996,997.21436
1581013268034,997.1775
1581013268065,997.1636
1581013268104,997.17944
1581013268143,997.1887
1581013268184,997.1914
1581013268224,997.20703
1581013268266,997.24146
1581013268304,997.2622
1581013268345,997.251
1581013268385,997.2471
1581013268424,997.3164
1581013268464,997.3469
1581013268504,997.3147
1581013268544,997.25073
1581013268584,997.19653
1581013268623,997.17456
1581013268664,997.17725
1581013268704,997.1846
1581013268745,997.198
1581013268785,997.2097
1581013268824,997.2263
1581013268866,997.2551
1581013268904,997.2639
1581013268944,997.27783
1581013268983,997.25854
1581013269025,997.24365
1581013269064,997.24634
1581013269104,997.23926
1581013269144,997.24805
1581013269185,997.2175
1581013269224,997.1887
1581013269264,997.1821
1581013269303,997.1858
1581013269347,997.197
1581013269385,997.1948
1581013269424,997.2007
1581013269464,997.22656
1581013269508,997.23926
1581013269543,997.2317
1581013269584,997.2383
1581013269623,997.3015
1581013269663,997.32324
1581013269703,997.30615
1581013269744,997.2549
1581013269785,997.18506
1581013269823,997.1636
1581013269864,997.1897
1581013269903,997.208
1581013269945,997.2163
1581013269983,997.2114
1581013270025,997.22437
1581013270064,997.23755
1581013270107,997.25464
1581013270145,997.2793
1581013270183,997.2886
1581013270223,997.2781
1581013270263,997.26294
1581013270303,997.2356
1581013270343,997.2114
1581013270383,997.19165
1581013270424,997.1836
1581013270465,997.1831
1581013270503,997.19385
1581013270545,997.2024
1581013270583,997.21094
1581013270624,997.24365
1581013270663,997.25977
1581013270705,997.2407
1581013270750,997.2395
1581013270784,997.3164
1581013270823,997.32886
1581013270864,997.31934
1581013270903,997.28784
1581013270944,997.2307
1581013270985,997.1909
1581013271024,997.16846
1581013271064,997.1904
1581013271104,997.2073
1581013271144,997.22095
1581013271183,997.2268
1581013271225,997.2471
1581013271263,997.26294
1581013271304,997.26245
1581013271344,997.25146
1581013271384,997.25195
1581013271423,997.26025
1581013271464,997.2429
1581013271503,997.2439
1581013271546,997.2534
1581013271584,997.2178
1581013271625,997.1963
1581013271663,997.1792
1581013271703,997.17725
1581013271750,997.1787
1581013271787,997.1843
1581013271826,997.1853
1581013271866,997.22485
1581013271904,997.24097
1581013271943,997.2239
1581013271985,997.24
1581013272023,997.3125
1581013272064,997.33716
1581013272104,997.3269
1581013272144,997.28076
1581013272184,997.2351
1581013272225,997.2002
1581013272264,997.1907
1581013272304,997.2068
1581013272347,997.21924
1581013272384,997.2258
1581013272424,997.2263
1581013272463,997.2654
1581013272505,997.24536
1581013272544,997.2366
1581013272585,997.23584
1581013272628,997.2378
1581013272664,997.2334
1581013272703,997.23193
1581013272745,997.24194
1581013272784,997.23193
1581013272826,997.2102
1581013272865,997.18774
1581013272905,997.18604
1581013272945,997.18677
1581013272984,997.19995
1581013273026,997.2029
1581013273064,997.22
1581013273103,997.2461
1581013273145,997.24316
1581013273185,997.25464
1581013273224,997.29224
1581013273264,997.32007
1581013273303,997.32837
1581013273344,997.31006
1581013273384,997.25024
1581013273424,997.2173
1581013273465,997.2114
1581013273506,997.2102
1581013273545,997.2324
1581013273584,997.22314
1581013273624,997.22485
1581013273664,997.2395
1581013273703,997.2644
1581013273746,997.28687
1581013273783,997.29956
1581013273823,997.28516
1581013273865,997.2888
1581013273903,997.2759
1581013273944,997.27295
1581013273984,997.26
1581013274025,997.2273
1581013274066,997.1968
1581013274104,997.188
1581013274145,997.1909
1581013274184,997.19434
1581013274224,997.20337
1581013274266,997.21216
1581013274304,997.2461
1581013274345,997.27
1581013274383,997.2742
1581013274424,997.27515
1581013274463,997.323
1581013274503,997.355
1581013274543,997.3535
1581013274583,997.3303
1581013274623,997.2805
1581013274663,997.2256
1581013274704,997.2031
1581013274744,997.21387
1581013274784,997.24854
1581013274826,997.24927
1581013274865,997.2644
1581013274904,997.2942
1581013274945,997.3179
1581013274990,997.33203
1581013275027,997.3186
1581013275064,997.28906
1581013275104,997.26855
1581013275144,997.2622
1581013275183,997.2688
1581013275225,997.2864
1581013275265,997.25586
1581013275305,997.2241
1581013275349,997.2307
1581013275384,997.2285
1581013275423,997.2329
1581013275464,997.24854
1581013275503,997.2612
1581013275545,997.27783
1581013275584,997.2883
1581013275624,997.27295
1581013275663,997.28174
1581013275705,997.32983
1581013275743,997.3789
1581013275783,997.37573
1581013275824,997.3367
1581013275863,997.2632
1581013275903,997.2224
1581013275945,997.2202
1581013275985,997.24976
1581013276023,997.26465
1581013276065,997.27734
1581013276104,997.2798
1581013276144,997.28955
1581013276183,997.30273
1581013276225,997.3091
1581013276265,997.3086
1581013276304,997.29614
1581013276344,997.2954
1581013276383,997.2886
1581013276427,997.25024
1581013276463,997.2278
1581013276503,997.2014
1581013276544,997.2117
1581013276585,997.2229
1581013276623,997.2366
1581013276664,997.2427
1581013276703,997.2522
1581013276745,997.2749
1581013276784,997.2947
1581013276828,997.30396
1581013276863,997.3662
1581013276904,997.43604
1581013276943,997.4282
1581013276985,997.33545
1581013277023,997.2761
1581013277065,997.25244
1581013277118,997.2554
1581013277144,997.2639
1581013277183,997.26196
1581013277224,997.26636
1581013277264,997.26245
1581013277304,997.2781
1581013277345,997.2793
1581013277384,997.30444
1581013277424,997.2749
1581013277463,997.27734
1581013277505,997.27124
1581013277558,997.26196
1581013277589,997.2405
1581013277623,997.23193
1581013277664,997.2251
1581013277703,997.2263
1581013277744,997.24146
1581013277785,997.2422
1581013277826,997.2517
1581013277869,997.2615
1581013277905,997.3032
1581013277944,997.3408
1581013277984,997.4026
1581013278024,997.4136
1581013278063,997.3877
1581013278107,997.30835
1581013278150,997.2578
1581013278184,997.2412
1581013278223,997.2471
1581013278264,997.26514
1581013278304,997.2761
1581013278345,997.2844
1581013278384,997.2793
1581013278425,997.29956
1581013278466,997.3452
1581013278510,997.3801
1581013278543,997.3418
1581013278583,997.313
1581013278622,997.3142
1581013278667,997.32837
1581013278704,997.2993
1581013278744,997.24927
1581013278786,997.2185
1581013278824,997.2163
1581013278865,997.239
1581013278906,997.2517
1581013278944,997.2527
1581013278984,997.2612
1581013279024,997.26
1581013279063,997.2683
1581013279105,997.3037
1581013279143,997.36865
1581013279187,997.3694
1581013279223,997.34424
1581013279264,997.25635
1581013279303,997.20605
1581013279344,997.1987
1581013279384,997.2097
1581013279423,997.2278
1581013279464,997.25
1581013279503,997.2654
1581013279544,997.27515
1581013279583,997.29956
1581013279624,997.3418
1581013279663,997.3125
1581013279704,997.26904
1581013279743,997.2688
1581013279784,997.2637
1581013279823,997.2595
1581013279864,997.2351
1581013279903,997.20435
1581013279943,997.19824
1581013279982,997.20044
1581013280025,997.22485
1581013280064,997.2329
1581013280105,997.2307
1581013280147,997.2634
1581013280183,997.2754
1581013280224,997.28467
1581013280264,997.3108
1581013280304,997.3423
1581013280344,997.34595
1581013280385,997.3225
1581013280425,997.2373
1581013280466,997.20264
1581013280505,997.1992
1581013280545,997.2239
1581013280584,997.25195
1581013280624,997.26245
1581013280664,997.26416
1581013280704,997.2898
1581013280743,997.30005
1581013280784,997.33203
1581013280824,997.3147
1581013280865,997.2842
1581013280904,997.28784
1581013280943,997.28
1581013280986,997.2615
1581013281025,997.2285
1581013281066,997.20337
1581013281103,997.198
1581013281145,997.20703
1581013281183,997.2261
1581013281224,997.2302
1581013281264,997.24585
1581013281307,997.2588
1581013281344,997.2737
1581013281385,997.2888
1581013281423,997.3286
1581013281464,997.3574
1581013281504,997.3611
1581013281544,997.3125
1581013281585,997.23047
1581013281624,997.2068
1581013281665,997.21313
1581013281703,997.2427
1581013281745,997.25586
1581013281783,997.2549
1581013281824,997.25635
1581013281867,997.27246
1581013281905,997.27783
1581013281945,997.2971
1581013281984,997.2893
1581013282022,997.25806
1581013282064,997.26465
1581013282103,997.27075
1581013282144,997.2717
1581013282184,997.2488
1581013282224,997.2124
1581013282265,997.20264
1581013282304,997.21313
1581013282345,997.2285
1581013282384,997.23926
1581013282425,997.2422
1581013282464,997.24976
1581013282507,997.27295
1581013282545,997.2903
1581013282584,997.26636
1581013282624,997.28613
1581013282666,997.282
1581013282702,997.2532
1581013282745,997.24243
1581013282784,997.2141
1581013282824,997.22705
1581013282866,997.2554
1581013282904,997.2578
1581013282947,997.2483
1581013282985,997.261
1581013283024,997.2429
1581013283064,997.2229
1581013283105,997.2058
1581013283145,997.20483
1581013283184,997.2041
1581013283223,997.2102
1581013283264,997.2197
1581013283303,997.2239
1581013283344,997.2234
1581013283383,997.24756
1581013283424,997.26196
1581013283463,997.26514
1581013283504,997.2566
1581013283544,997.25244
1581013283583,997.2539
1581013283623,997.2471
1581013283663,997.2427
1581013283704,997.2456
1581013283743,997.25415
1581013283784,997.27
1581013283823,997.27563
1581013283864,997.2749
1581013283903,997.27124
1581013283944,997.2637
1581013283987,997.2676
1581013284024,997.2771
1581013284064,997.27466
1581013284103,997.2615
1581013284144,997.2578
1581013284183,997.2422
1581013284224,997.22974
1581013284264,997.2483
1581013284304,997.23315
1581013284344,997.2107
1581013284384,997.21655
1581013284425,997.2324
1581013284465,997.2373
1581013284504,997.23193
1581013284544,997.2258
1581013284583,997.23413
1581013284627,997.23145
1581013284663,997.22485
1581013284704,997.218
1581013284743,997.2195
1581013284784,997.22144
1581013284823,997.23267
1581013284864,997.2258
1581013284904,997.2217
1581013284944,997.2258
1581013284984,997.2329
1581013285028,997.2261
1581013285065,997.20703
1581013285103,997.21094
1581013285146,997.2195
1581013285184,997.23364
1581013285225,997.2356
1581013285263,997.23926
1581013285304,997.26
1581013285349,997.27686
1581013285384,997.2722
1581013285425,997.27124
1581013285464,997.28784
1581013285503,997.29175
1581013285544,997.282
1581013285583,997.2578
1581013285623,997.21216
1581013285664,997.20044
1581013285703,997.2041
1581013285744,997.2124
1581013285784,997.2129
1581013285826,997.2217
1581013285863,997.23804
1581013285905,997.2468
1581013285944,997.2639
1581013285984,997.2949
1581013286025,997.2925
1581013286064,997.24805
1581013286104,997.2278
1581013286145,997.22925
1581013286183,997.22534
1581013286223,997.22974
1581013286264,997.21265
1581013286304,997.20874
1581013286344,997.2058
1581013286384,997.20557
1581013286427,997.20874
1581013286471,997.2031
1581013286504,997.2151
1581013286543,997.25024
1581013286585,997.2644
1581013286624,997.2322
1581013286666,997.2373
1581013286703,997.3186
1581013286744,997.3484
1581013286783,997.3457
1581013286823,997.3037
1581013286862,997.2344
1581013286905,997.19727
1581013286943,997.19775
1581013286984,997.2119
1581013287027,997.22437
1581013287064,997.2302
1581013287104,997.2339
1581013287143,997.22705
1581013287184,997.2383
1581013287223,997.2593
1581013287264,997.2483
1581013287304,997.2329
1581013287344,997.2175
1581013287384,997.2256
1581013287424,997.2234
1581013287463,997.2378
1581013287503,997.2129
1581013287543,997.1963
1581013287584,997.1902
1581013287623,997.1885
1581013287666,997.20605
1581013287704,997.2073
1581013287743,997.20996
1581013287786,997.2656
1581013287824,997.29297
1581013287864,997.2793
1581013287904,997.2781
1581013287945,997.3252
1581013287984,997.32983
1581013288024,997.30664
1581013288063,997.25415
1581013288104,997.1907
1581013288144,997.15576
1581013288187,997.1577
1581013288223,997.1809
1581013288263,997.19385
1581013288306,997.20703
1581013288344,997.20166
1581013288385,997.22485
1581013288424,997.2185
1581013288464,997.23193
1581013288503,997.2827
1581013288544,997.2588
1581013288584,997.2395
1581013288624,997.2329
1581013288664,997.22925
1581013288704,997.1958
1581013288744,997.18994
1581013288795,997.1968
1581013288823,997.2124
1581013288865,997.2119
1581013288903,997.2185
1581013288944,997.2258
1581013288984,997.2634
1581013289024,997.2588
1581013289068,997.2339
1581013289103,997.2805
1581013289143,997.3076
1581013289183,997.313
1581013289224,997.27783
1581013289263,997.2114
1581013289304,997.1836
1581013289343,997.1885
1581013289384,997.2051
1581013289427,997.2202
1581013289464,997.2283
1581013289503,997.2334
1581013289555,997.2307
1581013289583,997.23413
1581013289623,997.2385
1581013289663,997.2578
1581013289703,997.28076
1581013289743,997.2717
1581013289783,997.2556
1581013289823,997.23975
1581013289863,997.2168
1581013289903,997.208
1581013289943,997.2129
1581013289983,997.2107
1581013290023,997.20776
1581013290063,997.2068
1581013290117,997.22754
1581013290143,997.24365
1581013290225,997.2637
1581013290253,997.3069
1581013290294,997.42163
1581013290333,997.40405
1581013290374,997.3635
1581013290413,997.26025
1581013290454,997.21826
1581013290495,997.2212
1581013290534,997.24243
1581013290575,997.2529
1581013290614,997.3406
1581013290655,997.3777
1581013290694,997.3323
1581013290735,997.2827
1581013290773,997.2937
1581013290815,997.29224
1581013290853,997.28564
1581013290895,997.2761
1581013290934,997.2566
1581013290975,997.2444
1581013291014,997.18896
1581013291054,997.1655
1581013291094,997.1614
1581013291135,997.16895
1581013291173,997.18994
1581013291216,997.1946
1581013291254,997.2029
1581013291302,997.2268
1581013291335,997.2302
1581013291374,997.2427
1581013291414,997.2927
1581013291454,997.3137
1581013291495,997.3423
1581013291534,997.29004
1581013291574,997.22314
1581013291613,997.2117
1581013291654,997.20776
1581013291695,997.22314
1581013291735,997.2285
1581013291774,997.2334
1581013291814,997.2322
1581013291853,997.2256
1581013291894,997.22925
1581013291934,997.2456
1581013291974,997.28613
1581013292014,997.2617
1581013292054,997.239
1581013292095,997.2456
1581013292134,997.249
1581013292174,997.2239
1581013292214,997.1853
1581013292255,997.17896
1581013292294,997.17847
1581013292334,997.1929
1581013292373,997.197
1581013292414,997.1946
1581013292453,997.2178
1581013292494,997.2471
1581013292534,997.2661
1581013292574,997.29224
1581013292614,997.3191
1581013292653,997.3274
1581013292695,997.2444
1581013292735,997.1946
1581013292776,997.1787
1581013292813,997.1953
1581013292854,997.21924
1581013292893,997.23755
1581013292934,997.24585
1581013292973,997.249
1581013293013,997.2634
1581013293054,997.28345
1581013293097,997.3152
1581013293133,997.3237
1581013293174,997.28955
1581013293214,997.25757
1581013293254,997.23755
1581013293294,997.2212
1581013293334,997.19336
1581013293375,997.1787
1581013293414,997.17554
1581013293454,997.1821
1581013293494,997.2029
1581013293535,997.2068
1581013293573,997.2263
1581013293615,997.2588
1581013293653,997.25586
1581013293695,997.24097
1581013293733,997.2693
1581013293776,997.3252
1581013293814,997.3242
1581013293854,997.30786
1581013293894,997.2471
1581013293934,997.1948
1581013293974,997.1753
1581013294014,997.1792
1581013294054,997.2112
1581013294094,997.2229
1581013294152,997.23535
1581013294173,997.239
1581013294214,997.2322
1581013294254,997.23584
1581013294295,997.2588
1581013294333,997.3042
1581013294375,997.2993
1581013294414,997.28076
1581013294454,997.26196
1581013294493,997.2241
1581013294534,997.1841
1581013294573,997.1758
1581013294615,997.17773
1581013294653,997.2002
1581013294694,997.2019
1581013294734,997.20166
1581013294773,997.20557
1581013294816,997.24023
1581013294854,997.2307
1581013294895,997.23486
1581013294934,997.2915
1581013294974,997.3296
1581013295013,997.3406
1581013295055,997.30273
1581013295094,997.2334
1581013295134,997.1931
1581013295173,997.1936
1581013295214,997.22876
1581013295254,997.251
1581013295294,997.2539
1581013295334,997.2544
1581013295374,997.2822
1581013295414,997.29004
1581013295453,997.31396
1581013295494,997.2959
1581013295534,997.2776
1581013295574,997.2705
1581013295614,997.2478
1581013295654,997.23364
1581013295694,997.20337
1581013295735,997.18823
1581013295774,997.1802
1581013295815,997.1865
1581013295853,997.2029
1581013295895,997.2085
1581013295935,997.22314
1581013295975,997.2583
1581013296014,997.26074
1581013296055,997.24
1581013296095,997.2573
1581013296133,997.3042
1581013296174,997.3076
1581013296214,997.2998
1581013296255,997.2566
1581013296294,997.19214
1581013296335,997.1748
1581013296374,997.18604
1581013296415,997.2014
1581013296454,997.2053
1581013296494,997.218
1581013296533,997.22876
1581013296573,997.2632
1581013296613,997.2888
1581013296654,997.28467
1581013296694,997.2446
1581013296735,997.2312
1581013296775,997.2163
1581013296813,997.20605
1581013296860,997.18384
1581013296894,997.16284
1581013296934,997.1631
1581013296974,997.1687
1581013297014,997.1819
1581013297053,997.1907
1581013297095,997.1907
1581013297133,997.2019
1581013297174,997.2114
1581013297213,997.24927
1581013297254,997.31055
1581013297293,997.34155
1581013297335,997.3584
1581013297374,997.3052
1581013297415,997.2363
1581013297454,997.2251
1581013297494,997.219
1581013297534,997.2322
1581013297574,997.22974
1581013297614,997.24097
1581013297653,997.2483
1581013297695,997.2737
1581013297734,997.32544
1581013297774,997.3137
1581013297813,997.28564
1581013297855,997.281
1581013297894,997.2849
1581013297935,997.2832
1581013297973,997.2449
1581013298014,997.2009
1581013298054,997.19653
1581013298094,997.19556
1581013298134,997.1992
1581013298174,997.19727
1581013298213,997.20776
1581013298254,997.2363
1581013298294,997.2378
1581013298334,997.23145
1581013298374,997.26587
1581013298413,997.29126
1581013298455,997.3208
1581013298494,997.30225
1581013298534,997.22437
1581013298574,997.18335
1581013298615,997.1697
1581013298653,997.1836
1581013298698,997.21533
1581013298734,997.21606
1581013298773,997.22534
1581013298814,997.25806
1581013298854,997.2954
1581013298898,997.33276
1581013298933,997.3428
1581013298974,997.3125
1581013299014,997.29614
1581013299055,997.26465
1581013299093,997.21533
1581013299135,997.1846
1581013299174,997.15967
1581013299215,997.17065
1581013299254,997.1904
1581013299295,997.21533
1581013299334,997.2241
1581013299374,997.2561
1581013299414,997.24634
1581013299454,997.2473
1581013299499,997.2915
1581013299534,997.32715
1581013299573,997.3196
1581013299614,997.2456
1581013299653,997.1763
1581013299694,997.16675
1581013299736,997.1575
1581013299774,997.1814
1581013299815,997.21045
1581013299854,997.22754
1581013299894,997.24805
1581013299934,997.2676
1581013299976,997.3406
1581013300014,997.3269
1581013300055,997.29565
1581013300094,997.26953
1581013300135,997.24414
1581013300174,997.19653
1581013300214,997.17456
1581013300254,997.1682
1581013300295,997.1975
1581013300334,997.22046
1581013300374,997.24316
1581013300415,997.27075
1581013300454,997.28076
1581013300497,997.2798
1581013300534,997.35693
1581013300575,997.38574
1581013300613,997.3142
1581013300654,997.2385
1581013300694,997.20557
1581013300735,997.2007
1581013300774,997.2053
1581013300814,997.2241
1581013300863,997.2302
1581013300894,997.25
1581013300934,997.2849
1581013300974,997.3396
1581013301014,997.30347
1581013301054,997.27246
1581013301095,997.2534
1581013301134,997.2434
1581013301175,997.19995
1581013301214,997.1726
1581013301256,997.1697
1581013301294,997.1824
1581013301336,997.20264
1581013301374,997.2146
1581013301416,997.2278
1581013301454,997.23926
1581013301495,997.2561
1581013301534,997.26025
1581013301575,997.31934
1581013301614,997.3738
1581013301655,997.3137
1581013301695,997.23413
1581013301734,997.18677
1581013301774,997.1802
1581013301813,997.1743
1581013301858,997.18066
1581013301899,997.1836
1581013301935,997.18994
1581013301974,997.2141
1581013302014,997.2241
1581013302053,997.2451
1581013302094,997.3169
1581013302133,997.2998
1581013302175,997.25635
1581013302213,997.23706
1581013302255,997.20996
1581013302294,997.20703
1581013302335,997.197
1581013302374,997.1963
1581013302414,997.19946
1581013302454,997.1975
1581013302494,997.2041
1581013302535,997.22437
1581013302574,997.2739
1581013302616,997.3203
1581013302653,997.4114
1581013302695,997.3928
1581013302734,997.35425
1581013302777,997.2793
1581013302814,997.2344
1581013302857,997.21313
1581013302893,997.19653
1581013302935,997.2097
1581013302974,997.2136
1581013303015,997.2117
1581013303054,997.20996
1581013303096,997.2095
1581013303134,997.2178
1581013303174,997.2158
1581013303215,997.22363
1581013303254,997.2864
1581013303295,997.27637
1581013303334,997.23535
1581013303376,997.2014
1581013303414,997.1841
1581013303455,997.1858
1581013303494,997.2046
1581013303535,997.2073
1581013303574,997.2224
1581013303615,997.2422
1581013303654,997.26465
1581013303695,997.26733
1581013303734,997.3015
1581013303773,997.3096
1581013303814,997.31616
1581013303857,997.2981
1581013303895,997.26
1581013303936,997.2041
1581013303975,997.1953
1581013304014,997.18115
1581013304055,997.178
1581013304094,997.1909
1581013304136,997.2053
1581013304174,997.2173
1581013304215,997.2173
1581013304254,997.2031
1581013304295,997.2119
1581013304334,997.218
1581013304374,997.2302
1581013304414,997.2366
1581013304454,997.229
1581013304495,997.23267
1581013304534,997.2234
1581013304575,997.1858
1581013304614,997.167
1581013304655,997.1741
1581013304694,997.1892
1581013304736,997.20557
1581013304774,997.20874
1581013304815,997.21313
1581013304853,997.23267
1581013304894,997.24585
1581013304936,997.2549
1581013304975,997.2866
1581013305014,997.30664
1581013305064,997.2947
1581013305093,997.2534
1581013305135,997.19165
1581013305174,997.1765
1581013305214,997.187
1581013305255,997.20557
1581013305296,997.2329
1581013305336,997.2478
1581013305374,997.2517
1581013305415,997.26074
1581013305455,997.26245
1581013305495,997.27026
1581013305534,997.2661
1581013305575,997.2407
1581013305614,997.21924
1581013305655,997.2261
1581013305695,997.22217
1581013305735,997.19214
1581013305774,997.1631
1581013305817,997.147
1581013305858,997.15405
1581013305899,997.1804
1581013305934,997.18115
1581013305974,997.19604
1581013306015,997.2322
1581013306054,997.23047
1581013306095,997.21313
1581013306134,997.2478
1581013306175,997.3042
1581013306214,997.3196
1581013306254,997.30664
1581013306294,997.2532
1581013306337,997.2114
1581013306374,997.19116
1581013306414,997.1848
1581013306454,997.2024
1581013306495,997.20605
1581013306535,997.197
1581013306576,997.2073
1581013306615,997.25684
1581013306656,997.2744
1581013306696,997.2512
1581013306735,997.2114
1581013306775,997.20166
1581013306814,997.2024
1581013306855,997.2053
1581013306895,997.22754
1581013306935,997.20166
1581013306974,997.2041
1581013307016,997.2224
1581013307054,997.23706
1581013307094,997.24854
1581013307133,997.24414
1581013307175,997.2388
1581013307214,997.2302
1581013307255,997.2942
1581013307295,997.3252
1581013307335,997.3047
1581013307375,997.2407
1581013307414,997.2114
1581013307456,997.22046
1581013307494,997.2334
1581013307536,997.23364
1581013307574,997.2278
1581013307616,997.20605
1581013307655,997.17847
1581013307695,997.18896
1581013307734,997.1885
1581013307774,997.1863
1581013307814,997.1958
1581013307855,997.198
1581013307899,997.19507
1581013307933,997.21313
1581013307974,997.2346
1581013308014,997.2361
1581013308054,997.2412
1581013308095,997.2422
1581013308134,997.24365
1581013308174,997.2368
1581013308215,997.23364
1581013308254,997.23535
1581013308295,997.25073
1581013308334,997.2522
1581013308375,997.2529
1581013308416,997.2488
1581013308456,997.2429
1581013308494,997.23267
1581013308534,997.2256
1581013308574,997.2051
1581013308614,997.2019
1581013308655,997.228
1581013308694,997.23975
1581013308734,997.21094
1581013308774,997.20996
1581013308813,997.20996
1581013308854,997.20825
1581013308897,997.2163
1581013308938,997.2334
1581013308975,997.2407
1581013309014,997.2346
1581013309056,997.2251
1581013309094,997.21655
1581013309136,997.22314
1581013309174,997.22485
1581013309215,997.22046
1581013309254,997.22437
1581013309295,997.2351
1581013309334,997.2346
1581013309374,997.2258
1581013309414,997.22705
1581013309457,997.22876
1581013309495,997.2185
1581013309534,997.2119
1581013309575,997.208
1581013309615,997.20435
1581013309655,997.19824
1581013309694,997.19385
1581013309736,997.19653
1581013309774,997.1909
1581013309815,997.20483
1581013309854,997.199
1581013309894,997.178
1581013309935,997.1731
1581013309976,997.1753
1581013310016,997.18506
1581013310054,997.18774
1581013310095,997.1929
1581013310136,997.18774
1581013310179,997.1924
1581013310215,997.1968
1581013310256,997.1914
1581013310294,997.17944
1581013310336,997.1682
1581013310374,997.1721
1581013310415,997.19434
1581013310454,997.20825
1581013310495,997.21826
1581013310534,997.22656
1581013310578,997.22046
1581013310614,997.218
1581013310656,997.21436
1581013310696,997.219
1581013310735,997.2195
1581013310775,997.22925
1581013310814,997.23267
1581013310869,997.24146
1581013310901,997.2412
1581013310935,997.23535
1581013310974,997.23364
1581013311015,997.24536
1581013311054,997.2495
1581013311095,997.26
1581013311134,997.2632
1581013311176,997.2512
1581013311214,997.2378
1581013311256,997.2444
1581013311295,997.23804
1581013311335,997.2251
1581013311375,997.20483
1581013311414,997.208
1581013311454,997.2175
1581013311496,997.29126
1581013311535,997.22363
1581013311573,997.1948
1581013311613,997.1748
1581013311653,997.178
1581013311694,997.19507
1581013311734,997.20044
1581013311775,997.2068
1581013311814,997.2173
1581013311855,997.23315
1581013311897,997.2412
1581013311934,997.32544
1581013311974,997.35254
1581013312014,997.301
1581013312054,997.20605
1581013312094,997.1904
1581013312136,997.19995
1581013312174,997.21875
1581013312214,997.2158
1581013312254,997.2102
1581013312295,997.23364
1581013312336,997.2446
1581013312375,997.26074
1581013312416,997.3103
1581013312455,997.2783
1581013312495,997.2661
1581013312535,997.2368
1581013312573,997.2112
1581013312615,997.20044
1581013312654,997.1987
1581013312695,997.2178
1581013312734,997.2324
1581013312775,997.2583
1581013312814,997.2539
1581013312860,997.23584
1581013312896,997.2339
1581013312933,997.2971
1581013312974,997.34766
1581013313015,997.33716
1581013313054,997.2759
1581013313095,997.2158
1581013313135,997.2051
1581013313173,997.2041
1581013313216,997.2212
1581013313254,997.22314
1581013313295,997.2241
1581013313334,997.2388
1581013313375,997.26416
1581013313413,997.2825
1581013313454,997.2612
1581013313494,997.2532
1581013313535,997.2656
1581013313575,997.2844
1581013313615,997.2263
1581013313654,997.1858
1581013313695,997.1792
1581013313735,997.17993
1581013313774,997.18945
1581013313816,997.20605
1581013313864,997.2036
1581013313898,997.2346
1581013313933,997.25073
1581013313975,997.25024
1581013314014,997.28955
1581013314055,997.33765
1581013314094,997.31274
1581013314136,997.24365
1581013314174,997.19434
1581013314215,997.1792
1581013314255,997.1948
1581013314295,997.2156
1581013314334,997.2483
1581013314375,997.24927
1581013314415,997.24365
1581013314456,997.24976
1581013314495,997.2488
1581013314534,997.24194
1581013314576,997.26
1581013314614,997.3125
1581013314657,997.29785
1581013314694,997.2324
1581013314736,997.2051
1581013314774,997.1853
1581013314814,997.19434
1581013314860,997.21216
1581013314896,997.21704
1581013314934,997.2256
1581013314976,997.22656
1581013315014,997.2451
1581013315053,997.26465
1581013315095,997.3347
1581013315134,997.3662
1581013315175,997.33765
1581013315219,997.26465
1581013315255,997.20044
1581013315294,997.18945
1581013315336,997.2041
1581013315374,997.23486
1581013315416,997.25366
1581013315454,997.25073
1581013315496,997.2388
1581013315535,997.25
1581013315575,997.26196
1581013315614,997.26953
1581013315656,997.28
1581013315694,997.2803
1581013315735,997.2634
1581013315774,997.22266
1581013315814,997.1946
1581013315856,997.19165
1581013315897,997.208
1581013315934,997.2075
1581013315974,997.21387
1581013316015,997.2471
1581013316054,997.2512
1581013316095,997.2478
1581013316134,997.2886
1581013316175,997.3574
1581013316214,997.3257
1581013316254,997.21265
1581013316294,997.17505
1581013316336,997.1763
1581013316373,997.1929
1581013316414,997.20215
1581013316455,997.2241
1581013316495,997.24414
1581013316536,997.2805
1581013316575,997.3108
1581013316615,997.33203
1581013316654,997.3313
1581013316695,997.27954
1581013316736,997.27026
1581013316776,997.2517
1581013316814,997.228
1581013316858,997.2041
1581013316896,997.2024
1581013316934,997.2185
1581013316974,997.22534
1581013317014,997.21387
1581013317057,997.23096
1581013317095,997.2627
1581013317134,997.26196
1581013317174,997.2495
1581013317215,997.29736
1581013317256,997.3367
1581013317294,997.3335
1581013317335,997.2898
1581013317375,997.22046
1581013317414,997.20044
1581013317454,997.2046
1581013317496,997.21265
1581013317535,997.22217
1581013317573,997.23145
1581013317617,997.2422
1581013317653,997.28955
1581013317695,997.3064
1581013317734,997.30005
1581013317775,997.2886
1581013317813,997.2639
1581013317854,997.2715
1581013317899,997.2771
1581013317934,997.2671
1581013317974,997.2388
1581013318014,997.2141
1581013318054,997.20044
1581013318094,997.2151
1581013318136,997.2307
1581013318174,997.22363
1581013318215,997.2295
1581013318254,997.2446
1581013318296,997.23706
1581013318336,997.2173
1581013318374,997.26636
1581013318414,997.3186
1581013318455,997.3279
1581013318495,997.30396
1581013318535,997.23096
1581013318574,997.19116
1581013318614,997.1924
1581013318654,997.20703
1581013318697,997.2388
1581013318735,997.2661
1581013318774,997.2749
1581013318815,997.2876
1581013318854,997.2991
1581013318894,997.33325
1581013318934,997.3545
1581013318974,997.2915
1581013319014,997.2678
1581013319054,997.2666
1581013319094,997.2622
1581013319135,997.229
1581013319174,997.2053
1581013319215,997.2036
1581013319254,997.20825
1581013319295,997.23584
1581013319338,997.2246
1581013319375,997.2219
1581013319414,997.2344
1581013319454,997.2549
1581013319495,997.27295
1581013319534,997.3291
1581013319575,997.3489
1581013319614,997.3428
1581013319655,997.2749
1581013319694,997.21704
1581013319735,997.19507
1581013319774,997.2151
1581013319814,997.2461
1581013319854,997.249
1581013319894,997.2522
1581013319939,997.2637
1581013319974,997.28955
1581013320014,997.3154
1581013320057,997.32227
1581013320094,997.2866
1581013320134,997.28564
1581013320174,997.26953
1581013320214,997.24756
1581013320254,997.2195
1581013320294,997.1948
1581013320335,997.1992
1581013320374,997.2151
1581013320415,997.2219
1581013320456,997.2234
1581013320494,997.2307
1581013320533,997.26416
1581013320575,997.2649
1581013320613,997.27124
1581013320653,997.3313
1581013320695,997.34937
1581013320737,997.3357
1581013320774,997.26855
1581013320815,997.2124
1581013320854,997.209
1581013320895,997.2339
1581013320935,997.2549
1581013320974,997.2654
1581013321015,997.26074
1581013321055,997.29224
1581013321095,997.3386
1581013321135,997.35815
1581013321175,997.3032
1581013321214,997.26294
1581013321255,997.2522
1581013321294,997.24536
1581013321334,997.2363
1581013321374,997.2146
1581013321414,997.2031
1581013321454,997.1963
1581013321496,997.21875
1581013321534,997.2246
1581013321586,997.2068
1581013321618,997.22437
1581013321653,997.24585
1581013321698,997.23755
1581013321733,997.25586
1581013321774,997.3174
1581013321813,997.31274
1581013321854,997.30493
1581013321898,997.2561
1581013321934,997.1926
1581013321973,997.1853
1581013322013,997.2097
1581013322053,997.23096
1581013322094,997.23755
1581013322134,997.25806
1581013322175,997.3159
1581013322215,997.32275
1581013322253,997.31055
1581013322293,997.26904
1581013322333,997.25464
1581013322375,997.25024
1581013322414,997.2473
1581013322455,997.2278
1581013322494,997.1936
1581013322536,997.1687
1581013322574,997.18066
1581013322616,997.20703
1581013322653,997.2185
1581013322694,997.2224
1581013322733,997.23193
1581013322774,997.25244
1581013322813,997.24854
1581013322853,997.2798
1581013322901,997.3281
1581013322933,997.3093
1581013322974,997.30566
1581013323014,997.2473
1581013323055,997.21216
1581013323095,997.1958
1581013323136,997.20654
1581013323174,997.2346
1581013323215,997.2407
1581013323254,997.2495
1581013323296,997.25073
1581013323334,997.2634
1581013323375,997.2761
1581013323415,997.281
1581013323455,997.23584
1581013323495,997.2324
1581013323536,997.2295
1581013323574,997.25024
1581013323615,997.2256
1581013323655,997.19385
1581013323694,997.18726
1581013323735,997.1975
1581013323773,997.1992
1581013323815,997.2014
1581013323870,997.21265
1581013323895,997.23926
1581013323938,997.2571
1581013323975,997.27026
1581013324014,997.2993
1581013324055,997.3296
1581013324094,997.3428
1581013324135,997.33203
1581013324174,997.3086
1581013324215,997.2285
1581013324254,997.20044
1581013324294,997.20264
1581013324335,997.23584
1581013324374,997.24854
1581013324414,997.2527
1581013324454,997.2925
1581013324495,997.2988
1581013324534,997.3008
1581013324577,997.2588
1581013324614,997.22363
1581013324656,997.22217
1581013324694,997.2263
1581013324735,997.2168
1581013324774,997.23193
1581013324814,997.21436
1581013324853,997.18823
1581013324894,997.1814
1581013324936,997.187
1581013324973,997.21216
1581013325015,997.21606
1581013325055,997.21436
1581013325095,997.24536
1581013325134,997.25806
1581013325175,997.2529
1581013325214,997.2678
1581013325255,997.303
1581013325296,997.30005
1581013325336,997.29346
1581013325374,997.2688
1581013325414,997.2156
1581013325453,997.1902
1581013325495,997.1909
1581013325534,997.2156
1581013325574,997.2473
1581013325614,997.25854
1581013325655,997.272
1581013325694,997.3152
1581013325736,997.3181
1581013325774,997.32495
1581013325814,997.30884
1581013325855,997.2908
1581013325895,997.2754
1581013325935,997.2678
1581013325973,997.2678
1581013326016,997.2388
1581013326054,997.20166
1581013326096,997.187
1581013326133,997.18335
1581013326175,997.1904
1581013326214,997.2007
1581013326255,997.19556
1581013326294,997.2102
1581013326335,997.22266
1581013326375,997.22314
1581013326415,997.25854
1581013326454,997.30615
1581013326496,997.3135
1581013326536,997.3191
1581013326574,997.27466
1581013326615,997.20483
1581013326654,997.17065
1581013326695,997.17505
1581013326734,997.2163
1581013326778,997.24023
1581013326814,997.2617
1581013326858,997.2737
1581013326893,997.3091
1581013326936,997.301
1581013326973,997.2859
1581013327014,997.2534
1581013327053,997.2429
1581013327093,997.2444
1581013327134,997.25366
1581013327175,997.25
1581013327214,997.228
1581013327254,997.1992
1581013327295,997.1819
1581013327335,997.18066
1581013327376,997.2097
1581013327415,997.22144
1581013327457,997.2136
1581013327494,997.2234
1581013327535,997.2407
1581013327574,997.249
1581013327619,997.24756
1581013327655,997.30786
1581013327695,997.3418
1581013327734,997.3357
1581013327774,997.2859
1581013327814,997.2258
1581013327862,997.2068
1581013327898,997.2051
1581013327933,997.2322
1581013327975,997.2522
1581013328014,997.2378
1581013328056,997.2427
1581013328094,997.2881
1581013328135,997.3086
1581013328177,997.312
1581013328215,997.28564
1581013328254,997.2583
1581013328300,997.2544
1581013328334,997.26514
1581013328375,997.2937
1581013328415,997.27954
1581013328461,997.23096
1581013328494,997.2019
1581013328535,997.1919
1581013328575,997.2046
1581013328615,997.22974
1581013328655,997.23193
1581013328694,997.2405
1581013328735,997.27124
1581013328774,997.2649
1581013328815,997.2534
1581013328856,997.27637
1581013328894,997.35156
1581013328933,997.38525
1581013328976,997.36426
1581013329014,997.3115
1581013329055,997.2407
1581013329094,997.2224
1581013329135,997.2239
1581013329175,997.2429
1581013329215,997.2612
1581013329254,997.25073
1581013329295,997.24927
1581013329336,997.2549
1581013329375,997.2529
1581013329415,997.25806
1581013329454,997.2622
1581013329495,997.23804
1581013329534,997.2158
1581013329576,997.2219
1581013329614,997.23926
1581013329655,997.24365
1581013329694,997.19946
1581013329735,997.1792
1581013329775,997.1924
1581013329815,997.21265
1581013329854,997.2263
1581013329894,997.22437
1581013329937,997.2307
1581013329974,997.29126
1581013330014,997.2844
1581013330056,997.2754
1581013330096,997.301
1581013330134,997.333
1581013330175,997.3237
1581013330215,997.301
1581013330255,997.2722
1581013330295,997.2229
1581013330335,997.19604
1581013330374,997.1931
1581013330415,997.2085
1581013330453,997.22656
1581013330495,997.2302
1581013330534,997.25146
1581013330574,997.2742
1581013330614,997.28174
1581013330655,997.2893
1581013330695,997.2554
1581013330735,997.2344
1581013330775,997.2119
1581013330814,997.21655
1581013330855,997.2339
1581013330905,997.24243
1581013330937,997.20703
1581013330973,997.17847
1581013331015,997.17993
1581013331054,997.1787
1581013331096,997.19214
1581013331133,997.20825
1581013331177,997.219
1581013331214,997.2363
1581013331255,997.2451
1581013331295,997.2661
1581013331335,997.2976
1581013331374,997.3125
1581013331414,997.30176
1581013331455,997.2754
1581013331495,997.22437
1581013331536,997.1826
1581013331574,997.17676
1581013331617,997.19336
1581013331654,997.2178
1581013331695,997.2263
1581013331734,997.2202
1581013331776,997.229
1581013331814,997.2378
1581013331855,997.25146
1581013331899,997.28394
1581013331939,997.2871
1581013331973,997.25244
1581013332014,997.2317
1581013332053,997.22876
1581013332094,997.24
1581013332134,997.2634
1581013332173,997.2495
1581013332214,997.1985
1581013332254,997.1721
1581013332296,997.1626
1581013332334,997.1904
1581013332375,997.2041
1581013332414,997.2092
1581013332455,997.2175
1581013332495,997.24805
1581013332535,997.2478
1581013332574,997.24536
1581013332615,997.2761
1581013332654,997.3169
1581013332696,997.3325
1581013332735,997.31616
1581013332775,997.2317
1581013332814,997.1919
1581013332876,997.18286
1581013332896,997.2075
1581013332934,997.24316
1581013332975,997.251
1581013333014,997.2483
1581013333056,997.2468
1581013333094,997.26685
1581013333135,997.30054
1581013333175,997.3196
1581013333216,997.2727
1581013333253,997.2671
1581013333299,997.24316
1581013333334,997.25806
1581013333374,997.25854
1581013333414,997.2258
1581013333455,997.19336
1581013333494,997.1887
1581013333535,997.199
1581013333576,997.2114
1581013333614,997.2163
1581013333656,997.23413
1581013333694,997.2727
1581013333735,997.2727
1581013333774,997.25366
1581013333816,997.2898
1581013333856,997.3496
1581013333894,997.3579
1581013333934,997.32837
1581013333975,997.25244
1581013334013,997.2007
1581013334055,997.19556
1581013334096,997.22314
1581013334134,997.24976
1581013334174,997.25464
1581013334214,997.25684
1581013334256,997.27295
1581013334294,997.291
1581013334334,997.3262
1581013334377,997.2805
1581013334416,997.2578
1581013334454,997.2422
1581013334497,997.2429
1581013334534,997.2722
1581013334575,997.26685
1581013334614,997.2295
1581013334655,997.2151
1581013334695,997.2219
1581013334735,997.2251
1581013334774,997.2385
1581013334816,997.24414
1581013334860,997.2456
1581013334896,997.24805
1581013334935,997.2678
1581013334974,997.31616
1581013335014,997.3281
1581013335055,997.34033
1581013335095,997.3489
1581013335134,997.281
1581013335176,997.23364
1581013335214,997.2163
1581013335257,997.228
1581013335294,997.2388
1581013335335,997.2429
1581013335375,997.24634
1581013335416,997.24146
1581013335454,997.2378
1581013335495,997.24
1581013335536,997.2378
1581013335575,997.24
1581013335615,997.2471
1581013335655,997.24976
1581013335695,997.2561
1581013335734,997.2705
1581013335776,997.26245
1581013335814,997.2256
1581013335857,997.2119
1581013335894,997.2097
1581013335936,997.22314
1581013335973,997.2283
1581013336015,997.2239
1581013336054,997.2339
1581013336094,997.25146
1581013336133,997.2886
1581013336173,997.3003
1581013336213,997.2788
1581013336254,997.2964
1581013336300,997.31274
1581013336337,997.2888
1581013336375,997.28564
1581013336415,997.2539
1581013336454,997.2273
1581013336494,997.2251
1581013336535,997.21606
1581013336574,997.21704
1581013336616,997.2256
1581013336654,997.23486
1581013336696,997.24
1581013336734,997.23975
1581013336776,997.2405
1581013336814,997.2483
1581013336872,997.2427
1581013336893,997.23755
1581013336935,997.2473
1581013336973,997.2388
1581013337016,997.23535
1581013337055,997.23364
1581013337094,997.2368
1581013337135,997.2422
1581013337174,997.24805
1581013337217,997.2473
1581013337254,997.2449
1581013337297,997.24805
1581013337334,997.23975
1581013337376,997.22363
1581013337413,997.2124
1581013337455,997.2197
1581013337494,997.2239
1581013337535,997.2334
1581013337574,997.23315
1581013337615,997.2468
1581013337654,997.2573
1581013337694,997.26855
1581013337733,997.2717
1581013337774,997.26733
1581013337815,997.26953
1581013337860,997.2693
1581013337895,997.2649
1581013337939,997.2632
1581013337975,997.2595
1581013338014,997.2666
1581013338056,997.2578
1581013338094,997.25195
1581013338136,997.2471
1581013338174,997.2488
1581013338215,997.2698
1581013338253,997.2627
1581013338296,997.2637
1581013338334,997.24536
1581013338375,997.22974
1581013338414,997.228
1581013338456,997.2363
1581013338496,997.24243
1581013338534,997.25244
1581013338575,997.2566
1581013338614,997.26245
1581013338656,997.2593
1581013338694,997.2571
1581013338737,997.24927
1581013338774,997.2446
1581013338815,997.2366
1581013338854,997.2363
1581013338894,997.2351
1581013338934,997.22925
1581013338976,997.2197
1581013339014,997.22925
1581013339055,997.24585
1581013339094,997.2505
1581013339134,997.26245
1581013339175,997.2617
1581013339214,997.2654
1581013339254,997.2676
1581013339294,997.2637
1581013339335,997.261
1581013339374,997.2556
1581013339416,997.2551
1581013339453,997.24585
1581013339495,997.23486
1581013339534,997.2344
1581013339575,997.23804
1581013339613,997.23315
1581013339656,997.2268
1581013339694,997.23145
1581013339735,997.2412
1581013339774,997.24585
1581013339814,997.2549
1581013339870,997.25366
1581013339897,997.2427
1581013339934,997.23926
1581013339974,997.23706
1581013340016,997.2439
1581013340054,997.24634
1581013340096,997.2522
1581013340135,997.2595
1581013340177,997.2822
1581013340214,997.3213
1581013340254,997.29785
1581013340294,997.2717
1581013340337,997.24976
1581013340374,997.2434
1581013340416,997.2639
1581013340454,997.28
1581013340495,997.28125
1581013340535,997.2588
1581013340575,997.2207
1581013340614,997.19653
1581013340656,997.20825
1581013340695,997.2285
1581013340734,997.2429
1581013340776,997.23584
1581013340814,997.24097
1581013340855,997.2446
1581013340894,997.251
1581013340935,997.25684
1581013340974,997.2627
1581013341015,997.2881
1581013341054,997.3071
1581013341094,997.2927
1581013341133,997.2803
1581013341174,997.2422
1581013341215,997.20386
1581013341256,997.1931
1581013341295,997.2085
1581013341334,997.2446
1581013341375,997.27344
1581013341414,997.28296
1581013341455,997.3142
1581013341494,997.35693
1581013341535,997.3198
1581013341575,997.28613
1581013341617,997.2822
1581013341654,997.2749
1581013341696,997.2661
1581013341734,997.261
1581013341775,997.2893
1581013341814,997.2737
1581013341856,997.2117
1581013341894,997.1848
1581013341939,997.1929
1581013341974,997.21484
1581013342014,997.2117
1581013342055,997.20825
1581013342093,997.23267
1581013342134,997.2434
1581013342175,997.2329
1581013342214,997.2219
1581013342253,997.2717
1581013342294,997.3408
1581013342333,997.343
1581013342375,997.2705
1581013342414,997.2383
1581013342455,997.229
1581013342494,997.2395
1581013342535,997.25073
1581013342576,997.2388
1581013342618,997.2676
1581013342653,997.2727
1581013342694,997.25244
1581013342734,997.2461
1581013342776,997.2649
1581013342814,997.25684
1581013342855,997.2539
1581013342896,997.24854
1581013342936,997.2617
1581013342975,997.25464
1581013343019,997.2612
1581013343056,997.2583
1581013343094,997.25586
1581013343135,997.27954
1581013343174,997.29126
1581013343215,997.27
1581013343254,997.24097
1581013343295,997.22266
1581013343334,997.2256
1581013343375,997.2207
1581013343414,997.2405
1581013343454,997.25
1581013343495,997.26196
1581013343534,997.26636
1581013343576,997.2561
1581013343615,997.2444
1581013343655,997.2466
1581013343694,997.2439
1581013343736,997.23364
1581013343773,997.2141
1581013343815,997.2114
1581013343855,997.2229
1581013343895,997.23706
1581013343934,997.24365
1581013343975,997.24634
1581013344014,997.2466
1581013344055,997.2434
1581013344094,997.2317
1581013344134,997.2363
1581013344175,997.2517
1581013344214,997.2466
1581013344254,997.24976
1581013344294,997.2573
1581013344336,997.26
1581013344374,997.2422
1581013344416,997.2278
1581013344454,997.2197
1581013344496,997.2363
1581013344534,997.2539
1581013344575,997.27515
1581013344614,997.3037
1581013344655,997.3252
1581013344695,997.29443
1581013344737,997.2798
1581013344775,997.27637
1581013344814,997.29004
1581013344854,997.2844
1581013344894,997.272
1581013344938,997.2859
1581013344973,997.2988
1581013345014,997.28296
1581013345054,997.2761
1581013345095,997.2676
1581013345133,997.2583
1581013345177,997.24976
1581013345214,997.2268
1581013345255,997.2024
1581013345294,997.2173
1581013345335,997.229
1581013345374,997.23584
1581013345414,997.2478
1581013345455,997.2554
1581013345494,997.2605
1581013345534,997.2617
1581013345575,997.2517
1581013345615,997.26514
1581013345655,997.25903
1581013345695,997.2527
1581013345734,997.2527
1581013345779,997.26245
1581013345813,997.26733
1581013345859,997.2761
1581013345894,997.2742
1581013345935,997.25244
1581013345973,997.23706
1581013346014,997.22485
1581013346054,997.2217
1581013346095,997.2273
1581013346135,997.271
1581013346175,997.30176
1581013346214,997.28564
1581013346254,997.2417
1581013346296,997.2363
1581013346338,997.2588
1581013346373,997.2688
1581013346413,997.2549
1581013346455,997.25195
1581013346494,997.271
1581013346536,997.2788
1581013346574,997.2688
1581013346616,997.2644
1581013346654,997.2739
1581013346695,997.2549
1581013346734,997.2324
1581013346775,997.20215
1581013346813,997.22144
1581013346864,997.2363
1581013346893,997.2024
1581013346934,997.18774
1581013346977,997.199
1581013347014,997.24634
1581013347054,997.2649
1581013347094,997.26196
1581013347135,997.25024
1581013347174,997.2634
1581013347216,997.27246
1581013347254,997.2593
1581013347296,997.27563
1581013347334,997.26904
1581013347378,997.28613
1581013347413,997.28906
1581013347454,997.2737
1581013347494,997.24805
1581013347534,997.20605
1581013347574,997.1675
1581013347615,997.14404
1581013347654,997.1531
1581013347694,997.166
1581013347734,997.1633
1581013347774,997.17285
1581013347816,997.18604
1581013347863,997.1985
1581013347894,997.1997
1581013347934,997.21436
1581013347974,997.23755
1581013348014,997.2776
1581013348055,997.2993
1581013348094,997.29297
1581013348136,997.28296
1581013348180,997.27075
1581013348215,997.2654
1581013348254,997.2544
1581013348295,997.2407
1581013348334,997.2744
1581013348374,997.31104
1581013348415,997.30566
1581013348457,997.2986
1581013348494,997.26855
1581013348535,997.25195
1581013348575,997.21265
1581013348614,997.1814
1581013348657,997.17676
1581013348694,997.178
1581013348734,997.19165
1581013348774,997.2014
1581013348814,997.2009
1581013348859,997.20605
1581013348896,997.2175
1581013348934,997.22266
1581013348975,997.22
1581013349013,997.2283
1581013349054,997.22925
1581013349094,997.24023
1581013349135,997.2373
1581013349180,997.23145
1581013349214,997.23145
1581013349255,997.22363
1581013349293,997.22046
1581013349335,997.2197
1581013349374,997.2317
1581013349414,997.23145
1581013349453,997.2178
1581013349495,997.20483
1581013349535,997.2134
1581013349574,997.22876
1581013349614,997.24585
1581013349655,997.261
1581013349694,997.28
1581013349734,997.28296
1581013349773,997.2693
1581013349813,997.2705
1581013349854,997.2488
1581013349894,997.25806
1581013349935,997.27563
1581013349974,997.29126
1581013350015,997.29126
1581013350056,997.25146
1581013350095,997.1992
1581013350133,997.18896
1581013350175,997.19214
1581013350213,997.1997
1581013350255,997.2151
1581013350294,997.20435
1581013350336,997.20215
1581013350375,997.2095
1581013350415,997.22534
1581013350454,997.2185
1581013350495,997.2156
1581013350534,997.2251
1581013350574,997.2195
1581013350614,997.23267
1581013350654,997.2363
1581013350695,997.2317
1581013350734,997.2356
1581013350776,997.2405
1581013350813,997.2451
1581013350857,997.24097
1581013350894,997.2427
1581013350935,997.23535
1581013350974,997.2617
1581013351015,997.27905
1581013351055,997.3147
1581013351096,997.3286
1581013351134,997.2908
1581013351177,997.2612
1581013351215,997.2471
1581013351256,997.2825
1581013351296,997.2893
1581013351334,997.2905
1581013351376,997.23535
1581013351414,997.2009
1581013351455,997.1975
1581013351494,997.1975
1581013351536,997.1997
1581013351574,997.20654
1581013351615,997.2112
1581013351654,997.2119
1581013351695,997.2136
1581013351734,997.2185
1581013351774,997.22656
1581013351813,997.23096
1581013351869,997.2312
1581013351894,997.24927
1581013351935,997.24634
1581013351974,997.2395
1581013352013,997.24414
1581013352055,997.2366
1581013352093,997.2351
1581013352135,997.23364
1581013352174,997.2251
1581013352216,997.24146
1581013352254,997.2683
1581013352295,997.30225
1581013352336,997.31104
1581013352380,997.2832
1581013352414,997.2573
1581013352454,997.2527
1581013352496,997.26416
1581013352535,997.2803
1581013352574,997.30225
1581013352617,997.2837
1581013352655,997.2224
1581013352696,997.17896
1581013352735,997.16724
1581013352774,997.1697
1581013352815,997.1892
1581013352854,997.1985
1581013352894,997.2053
1581013352934,997.2224
1581013352976,997.24023
1581013353014,997.249
1581013353057,997.2449
1581013353094,997.2373
1581013353136,997.24927
1581013353179,997.2446
1581013353214,997.2456
1581013353253,997.24805
1581013353297,997.24585
1581013353334,997.2351
1581013353376,997.22266
1581013353415,997.22363
1581013353454,997.23804
1581013353496,997.28345
1581013353534,997.29517
1581013353575,997.2876
1581013353614,997.2976
1581013353655,997.2883
1581013353694,997.2715
1581013353736,997.2844
1581013353775,997.3052
1581013353815,997.31836
1581013353854,997.2988
1581013353894,997.27075
1581013353934,997.22534
1581013353975,997.1809
1581013354014,997.19214
1581013354055,997.2007
1581013354095,997.2019
1581013354135,997.20605
1581013354175,997.21924
1581013354213,997.2307
1581013354255,997.25024
1581013354295,997.2798
1581013354334,997.2742
1581013354374,997.2678
1581013354415,997.26636
1581013354453,997.2744
1581013354495,997.2544
1581013354535,997.2261
1581013354575,997.20483
1581013354614,997.2019
1581013354656,997.2058
1581013354694,997.2251
1581013354735,997.23193
1581013354774,997.24
1581013354814,997.2649
1581013354859,997.2639
1581013354896,997.26294
1581013354936,997.28687
1581013354973,997.3152
1581013355015,997.323
1581013355054,997.2986
1581013355096,997.2344
1581013355134,997.19824
1581013355175,997.187
1581013355215,997.1953
1581013355254,997.2278
1581013355296,997.23584
1581013355339,997.2456
1581013355374,997.2532
1581013355415,997.2617
1581013355455,997.261
1581013355496,997.25757
1581013355534,997.26587
1581013355575,997.2534
1581013355616,997.2429
1581013355654,997.2461
1581013355695,997.24243
1581013355734,997.22046
1581013355775,997.20557
1581013355814,997.1946
1581013355857,997.2095
1581013355894,997.23047
1581013355938,997.2551
1581013355974,997.27075
1581013356015,997.292
1581013356054,997.26807
1581013356094,997.2588
1581013356135,997.32935
1581013356176,997.35767
1581013356215,997.3601
1581013356256,997.3115
1581013356295,997.26
1581013356334,997.23315
1581013356378,997.209
1581013356413,997.2263
1581013356455,997.2461
1581013356494,997.26294
1581013356535,997.2639
1581013356574,997.28467
1581013356615,997.2954
1581013356653,997.3291
1581013356694,997.32935
1581013356734,997.3174
1581013356775,997.2915
1581013356819,997.2776
1581013356871,997.2417
1581013356894,997.20654
1581013356937,997.19775
1581013356974,997.1948
1581013357015,997.2151
1581013357055,997.228
1581013357094,997.2429
1581013357135,997.27075
1581013357174,997.29126
1581013357215,997.26245
1581013357254,997.2805
1581013357296,997.3574
1581013357334,997.37427
1581013357374,997.3484
1581013357414,997.28125
1581013357455,997.22266
1581013357494,997.21484
1581013357536,997.2173
1581013357575,997.249
1581013357615,997.26245
1581013357655,997.2803
1581013357694,997.30176
1581013357736,997.33984
1581013357774,997.3406
1581013357815,997.313
1581013357854,997.2822
1581013357894,997.2717
1581013357937,997.281
1581013357974,997.2993
1581013358014,997.2456
1581013358054,997.2239
1581013358095,997.19824
1581013358135,997.19946
1581013358174,997.2273
1581013358214,997.24414
1581013358254,997.2539
1581013358294,997.26685
1581013358335,997.25684
1581013358376,997.2561
1581013358415,997.32764
1581013358453,997.3594
1581013358496,997.36426
1581013358535,997.302
1581013358576,997.2366
1581013358614,997.20215
1581013358657,997.21436
1581013358695,997.23706
1581013358735,997.2468
1581013358774,997.2417
1581013358815,997.2612
1581013358854,997.2954
1581013358894,997.39966
1581013358933,997.3684
1581013358974,997.3179
1581013359017,997.2827
1581013359055,997.2468
1581013359095,997.199
1581013359134,997.16846
1581013359177,997.15967
1581013359214,997.1836
1581013359256,997.21216
1581013359294,997.2278
1581013359335,997.2339
1581013359374,997.2417
1581013359415,997.2495
1581013359454,997.3013
1581013359495,997.36597
1581013359533,997.3694
1581013359575,997.3445
1581013359615,997.2744
1581013359654,997.22144
1581013359694,997.2107
1581013359736,997.22266
1581013359774,997.23267
1581013359814,997.239
1581013359868,997.2488
1581013359893,997.2468
1581013359934,997.2434
1581013359974,997.24536
1581013360015,997.31177
1581013360054,997.3093
1581013360095,997.2656
1581013360134,997.22314
1581013360174,997.20044
1581013360214,997.1865
1581013360254,997.18604
1581013360294,997.1992
1581013360335,997.2283
1581013360374,997.23975
1581013360416,997.2715
1581013360454,997.2998
1581013360494,997.2915
1581013360535,997.30396
1581013360574,997.3616
1581013360615,997.36865
1581013360656,997.301
1581013360697,997.2356
1581013360734,997.20654
1581013360776,997.2119
1581013360814,997.2273
1581013360856,997.22925
1581013360894,997.2339
1581013360934,997.23315
1581013360974,997.22705
1581013361015,997.2334
1581013361054,997.24805
1581013361096,997.2549
1581013361135,997.27246
1581013361174,997.3032
1581013361214,997.2615
1581013361254,997.229
1581013361295,997.20776
1581013361334,997.2146
1581013361377,997.2285
1581013361415,997.2473
1581013361455,997.26025
1581013361494,997.25684
1581013361535,997.2671
1581013361573,997.32544
1581013361614,997.3938
1581013361654,997.38086
1581013361695,997.353
1581013361736,997.3342
1581013361775,997.2637
1581013361814,997.2124
1581013361868,997.19727
1581013361893,997.2009
1581013361939,997.228
1581013361974,997.2451
1581013362013,997.2749
1581013362054,997.2615
1581013362093,997.2473
1581013362135,997.25854
1581013362174,997.25854
1581013362215,997.28125
1581013362254,997.3003
1581013362295,997.3198
1581013362334,997.291
1581013362374,997.249
1581013362418,997.23535
1581013362454,997.22656
1581013362495,997.2434
1581013362534,997.25195
1581013362574,997.2705
1581013362614,997.2654
1581013362654,997.26685
1581013362693,997.25757
1581013362735,997.2634
1581013362773,997.28394
1581013362815,997.323
1581013362858,997.32056
1581013362894,997.3013
1581013362933,997.22876
1581013362974,997.1985
1581013363014,997.1958
1581013363054,997.1997
1581013363094,997.20557
1581013363135,997.20483
1581013363175,997.2041
1581013363215,997.2051
1581013363258,997.22876
1581013363294,997.24634
1581013363334,997.2727
1581013363374,997.28125
1581013363414,997.2649
1581013363454,997.2693
1581013363498,997.30054
1581013363534,997.2888
1581013363575,997.2351
1581013363614,997.2117
1581013363657,997.2058
1581013363694,997.2129
1581013363737,997.25
1581013363774,997.2573
1581013363816,997.2595
1581013363855,997.26294
1581013363894,997.251
1581013363934,997.22925
1581013363974,997.25195
1581013364015,997.3164
1581013364055,997.3291
1581013364094,997.3015
1581013364135,997.25073
1581013364177,997.20776
1581013364215,997.19336
1581013364255,997.19507
1581013364294,997.2258
1581013364336,997.2407
1581013364373,997.2449
1581013364414,997.2532
1581013364454,997.27124
1581013364496,997.2832
1581013364534,997.2908
1581013364577,997.29395
1581013364614,997.2727
1581013364654,997.2634
1581013364696,997.2588
1581013364734,997.25757
1581013364775,997.2219
1581013364815,997.1997
1581013364855,997.21265
1581013364893,997.2212
1581013364934,997.2197
1581013364974,997.2212
1581013365016,997.2322
1581013365055,997.24365
1581013365094,997.26294
1581013365134,997.2971
1581013365177,997.33545
1581013365213,997.3413
1581013365255,997.3513
1581013365294,997.31714
1581013365336,997.2488
1581013365375,997.20703
1581013365415,997.19995
1581013365454,997.21924
1581013365494,997.23755
1581013365535,997.2317
1581013365574,997.23364
1581013365616,997.2461
1581013365654,997.24146
1581013365695,997.26416
1581013365735,997.28076
1581013365776,997.2595
1581013365815,997.2522
1581013365854,997.2471
1581013365898,997.2566
1581013365935,997.25684
1581013365974,997.2212
1581013366014,997.19775
1581013366055,997.1853
1581013366095,997.1987
1581013366135,997.2134
1581013366175,997.2224
1581013366216,997.2229
1581013366254,997.2361
1581013366297,997.24976
1581013366334,997.2705
1581013366376,997.30664
1581013366415,997.32764
1581013366455,997.3093
1581013366494,997.2822
1581013366534,997.22876
1581013366575,997.2007
1581013366615,997.1963
1581013366654,997.2092
1581013366695,997.2141
1581013366734,997.22217
1581013366774,997.2263
1581013366815,997.2422
1581013366859,997.26416
1581013366894,997.2588
1581013366935,997.2532
1581013366975,997.2544
1581013367014,997.25977
1581013367055,997.2656
1581013367094,997.2705
1581013367135,997.2405
1581013367176,997.22144
1581013367215,997.1992
1581013367254,997.1948
1581013367296,997.2163
1581013367335,997.2422
1581013367374,997.2615
1581013367414,997.301
1581013367455,997.29346
1581013367494,997.2632
1581013367535,997.2749
1581013367574,997.32153
1581013367616,997.3447
1581013367654,997.3154
1581013367695,997.2798
1581013367736,997.2573
1581013367775,997.2478
1581013367815,997.2239
1581013367861,997.17456
1581013367897,997.1765
1581013367933,997.178
1581013367974,997.26
1581013368013,997.28174
1581013368055,997.2573
1581013368094,997.23364
1581013368136,997.21704
1581013368174,997.23193
1581013368214,997.2366
1581013368255,997.24243
1581013368297,997.25146
1581013368336,997.25415
1581013368374,997.24585
1581013368417,997.2534
1581013368454,997.25366
1581013368495,997.2717
1581013368534,997.2527
1581013368580,997.2573
1581013368614,997.2622
1581013368657,997.2473
1581013368694,997.2527
1581013368735,997.26904
1581013368775,997.292
1581013368814,997.30273
1581013368865,997.2439
1581013368901,997.2175
1581013368935,997.2329
1581013368974,997.22925
1581013369014,997.2202
1581013369055,997.2046
1581013369095,997.2051
1581013369134,997.2095
1581013369175,997.219
1581013369214,997.22095
1581013369256,997.2317
1581013369296,997.22925
1581013369335,997.2324
1581013369374,997.2383
1581013369417,997.23706
1581013369455,997.2344
1581013369502,997.2478
1581013369534,997.24927
1581013369577,997.24023
1581013369614,997.25146
1581013369655,997.2517
1581013369694,997.26294
1581013369734,997.2551
1581013369775,997.2676
1581013369814,997.2622
1581013369855,997.2705
1581013369894,997.26855
1581013369934,997.27344
1581013369974,997.2793
1581013370015,997.2971
1581013370055,997.2986
1581013370094,997.30493
1581013370134,997.2932
1581013370175,997.2827
1581013370216,997.251
1581013370256,997.25684
1581013370297,997.2532
1581013370335,997.2522
1581013370375,997.2449
1581013370414,997.2522
1581013370455,997.2551
1581013370495,997.2554
1581013370536,997.2561
1581013370574,997.26
1581013370615,997.25586
1581013370654,997.25977
1581013370696,997.27
1581013370734,997.2654
1581013370775,997.2451
1581013370814,997.24414
1581013370855,997.24
1581013370893,997.23486
1581013370934,997.2339
1581013370973,997.2385
1581013371014,997.25366
1581013371055,997.27466
1581013371095,997.2864
1581013371135,997.2717
1581013371174,997.27
1581013371215,997.3037
1581013371254,997.3203
1581013371296,997.32056
1581013371334,997.30615
1581013371375,997.26636
1581013371414,997.22876
1581013371455,997.2097
1581013371494,997.2178
1581013371536,997.2307
1581013371574,997.2473
1581013371614,997.2449
1581013371654,997.25464
1581013371696,997.2593
1581013371736,997.27466
1581013371775,997.28174
1581013371815,997.2991
1581013371854,997.2976
1581013371896,997.2881
1581013371933,997.28906
1581013371975,997.28125
1581013372014,997.28345
1581013372055,997.2656
1581013372095,997.2119
1581013372136,997.1841
1581013372173,997.1819
1581013372214,997.20386
1581013372253,997.2141
1581013372294,997.2146
1581013372334,997.2395
1581013372376,997.2717
1581013372414,997.2605
1581013372454,997.24927
1581013372494,997.28516
1581013372537,997.3174
1581013372573,997.3071
1581013372614,997.313
1581013372654,997.2805
1581013372693,997.2258
1581013372734,997.19995
1581013372773,997.1997
1581013372815,997.20605
1581013372860,997.2239
1581013372895,997.2361
1581013372937,997.2461
1581013372974,997.25366
1581013373014,997.2644
1581013373055,997.24927
1581013373093,997.2495
1581013373135,997.24805
1581013373175,997.25415
1581013373216,997.2532
1581013373255,997.25586
1581013373294,997.2671
1581013373335,997.25684
1581013373375,997.272
1581013373415,997.2551
1581013373454,997.22705
1581013373496,997.21436
1581013373534,997.2146
1581013373577,997.23
1581013373614,997.22974
1581013373655,997.2324
1581013373694,997.2417
1581013373734,997.2671
1581013373774,997.28687
1581013373814,997.2781
1581013373855,997.27
1581013373894,997.2866
1581013373934,997.3279
1581013373973,997.3345
1581013374015,997.31445
1581013374057,997.2742
1581013374094,997.2368
1581013374133,997.2329
1581013374174,997.22485
1581013374214,997.2427
1581013374255,997.2617
1581013374294,997.27295
1581013374334,997.25806
1581013374374,997.25684
1581013374414,997.25146
1581013374455,997.24756
1581013374497,997.26855
1581013374535,997.28687
1581013374574,997.2871
1581013374614,997.2612
1581013374656,997.25757
1581013374695,997.24756
1581013374735,997.25464
1581013374775,997.23755
1581013374813,997.2263
1581013374860,997.2068
1581013374897,997.2241
1581013374934,997.23926
1581013374974,997.2622
1581013375016,997.25757
1581013375054,997.26636
1581013375094,997.3081
1581013375134,997.30225
1581013375176,997.26587
1581013375214,997.2759
1581013375256,997.32764
1581013375293,997.3357
1581013375334,997.30005
1581013375374,997.2444
1581013375414,997.22754
1581013375455,997.2075
1581013375495,997.2129
1581013375535,997.218
1581013375574,997.2344
1581013375615,997.24023
1581013375655,997.24316
1581013375696,997.26514
1581013375734,997.2693
1581013375777,997.2893
1581013375813,997.2781
1581013375865,997.261
1581013375893,997.26416
1581013375938,997.24854
1581013375974,997.22485
1581013376015,997.1931
1581013376055,997.178
1581013376094,997.1748
1581013376135,997.1821
1581013376174,997.19824
1581013376215,997.2136
1581013376254,997.2246
1581013376296,997.2444
1581013376334,997.25757
1581013376375,997.2571
1581013376414,997.27686
1581013376455,997.32324
1581013376494,997.3374
1581013376535,997.334
1581013376574,997.30273
1581013376615,997.2263
1581013376654,997.1926
1581013376695,997.1875
1581013376735,997.208
1581013376774,997.23755
1581013376814,997.25415
1581013376862,997.2561
1581013376896,997.3047
1581013376933,997.3479
1581013376975,997.3181
1581013377014,997.2998
1581013377056,997.29956
1581013377094,997.2898
1581013377135,997.29834
1581013377174,997.292
1581013377215,997.2363
1581013377255,997.1904
1581013377294,997.1836
1581013377333,997.2114
1581013377374,997.22705
1581013377414,997.22974
1581013377453,997.2522
1581013377494,997.2615
1581013377533,997.26074
1581013377574,997.2554
1581013377613,997.3025
1581013377654,997.322
1581013377693,997.33325
1581013377735,997.303
1581013377773,997.24805
1581013377814,997.20825
1581013377859,997.19556
1581013377897,997.21387
1581013377933,997.2466
1581013377974,997.2615
1581013378014,997.2727
1581013378054,997.27783
1581013378094,997.27905
1581013378134,997.27124
1581013378174,997.2737
1581013378214,997.2959
1581013378255,997.3076
1581013378294,997.3013
1581013378335,997.2737
1581013378374,997.2434
1581013378414,997.2046
1581013378453,997.18726
1581013378495,997.2136
1581013378534,997.2302
1581013378574,997.2251
1581013378614,997.2388
1581013378655,997.2417
1581013378694,997.2412
1581013378734,997.24097
1581013378774,997.2805
1581013378814,997.32495
1581013378858,997.32983
1581013378893,997.2903
1581013378934,997.21216
1581013378974,997.1914
1581013379015,997.19604
1581013379054,997.2158
1581013379096,997.25195
1581013379134,997.2832
1581013379175,997.32056
1581013379214,997.3296
1581013379255,997.2942
1581013379294,997.26074
1581013379334,997.24146
1581013379374,997.2671
1581013379414,997.2964
1581013379454,997.2837
1581013379495,997.2588
1581013379534,997.2173
1581013379574,997.2085
1581013379614,997.2373
1581013379654,997.2417
1581013379695,997.239
1581013379734,997.25903
1581013379775,997.27075
1581013379813,997.2678
1581013379855,997.30493
1581013379895,997.35205
1581013379934,997.3384
1581013379974,997.323
1581013380015,997.2483
1581013380057,997.219
1581013380095,997.1914
1581013380134,997.2053
1581013380174,997.23047
1581013380214,997.2683
1581013380256,997.3142
1581013380295,997.3076
1581013380336,997.27466
1581013380375,997.2637
1581013380414,997.2556
1581013380460,997.2473
1581013380494,997.25684
1581013380535,997.2781
1581013380574,997.2866
1581013380615,997.2451
1581013380655,997.2107
1581013380695,997.2095
1581013380734,997.2178
1581013380775,997.2312
1581013380814,997.23804
1581013380855,997.239
1581013380893,997.2573
1581013380936,997.28174
1581013380974,997.27344
1581013381015,997.25977
1581013381054,997.2825
1581013381094,997.32495
1581013381136,997.3367
1581013381174,997.3037
1581013381215,997.24805
1581013381255,997.2202
1581013381295,997.23
1581013381334,997.22
1581013381377,997.2351
1581013381414,997.2595
1581013381455,997.271
1581013381494,997.26685
1581013381535,997.28296
1581013381575,997.27295
1581013381614,997.2766
1581013381654,997.282
1581013381695,997.2622
1581013381734,997.25195
1581013381774,997.25024
1581013381816,997.24634
1581013381863,997.2534
1581013381894,997.25586
1581013381934,997.2312
1581013381975,997.2156
1581013382014,997.21313
1581013382054,997.2197
1581013382094,997.22144
1581013382137,997.2368
1581013382176,997.2261
1581013382215,997.2373
1581013382254,997.2505
1581013382296,997.2717
1581013382335,997.2832
1581013382374,997.32056
1581013382414,997.3357
1581013382455,997.3281
1581013382495,997.30664
1581013382534,997.2849
1581013382576,997.2224
1581013382614,997.1987
1581013382655,997.2102
1581013382695,997.2283
1581013382735,997.2483
1581013382774,997.24976
1581013382816,997.2466
1581013382854,997.25903
1581013382896,997.249
1581013382934,997.2556
1581013382974,997.26025
1581013383014,997.24927
1581013383056,997.24976
1581013383094,997.2649
1581013383136,997.2805
1581013383176,997.2898
1581013383214,997.2832
1581013383256,997.2815
1581013383294,997.2639
1581013383335,997.22705
1581013383373,997.2095
1581013383417,997.1985
1581013383454,997.20337
1581013383496,997.2146
1581013383534,997.218
1581013383575,997.23047
1581013383616,997.2478
1581013383655,997.26733
1581013383695,997.2793
1581013383734,997.2832
1581013383774,997.3069
1581013383815,997.3318
1581013383857,997.30273
1581013383894,997.2627
1581013383940,997.2395
1581013383973,997.2175
1581013384015,997.21094
1581013384054,997.21704
1581013384095,997.23
1581013384134,997.2283
1581013384175,997.2256
1581013384214,997.2178
1581013384256,997.2258
1581013384294,997.22656
1581013384335,997.2246
1581013384374,997.22534
1581013384417,997.2295
1581013384454,997.22656
1581013384498,997.2456
1581013384535,997.25146
1581013384574,997.25903
1581013384615,997.26294
1581013384654,997.27295
1581013384695,997.2285
1581013384733,997.1958
1581013384775,997.18506
1581013384814,997.1953
1581013384855,997.2278
1581013384897,997.23047
1581013384935,997.228
1581013384974,997.2317
1581013385016,997.2471
1581013385054,997.2405
1581013385095,997.24756
1581013385134,997.2781
1581013385176,997.2893
1581013385215,997.27783
1581013385254,997.2915
1581013385295,997.2788
1581013385335,997.2405
1581013385375,997.19653
1581013385414,997.1802
1581013385455,997.19116
1581013385494,997.2019
1581013385536,997.21826
1581013385574,997.2263
1581013385616,997.23706
1581013385654,997.2417
1581013385695,997.26074
1581013385735,997.2666
1581013385775,997.2615
1581013385814,997.26
1581013385855,997.25684
1581013385894,997.2207
1581013385937,997.22
1581013385975,997.2461
1581013386015,997.2737
1581013386056,997.25244
1581013386094,997.21436
1581013386135,997.1924
1581013386174,997.188
1581013386216,997.2053
1581013386254,997.2175
1581013386295,997.2229
1581013386334,997.2246
1581013386376,997.2405
1581013386414,997.2405
1581013386455,997.239
1581013386495,997.25464
1581013386534,997.2798
1581013386573,997.3003
1581013386615,997.28467
1581013386655,997.2656
1581013386697,997.2727
1581013386736,997.2612
1581013386774,997.2207
1581013386815,997.19653
1581013386854,997.1958
1581013386895,997.2009
1581013386934,997.2268
1581013386975,997.2549
1581013387014,997.2693
1581013387055,997.26245
1581013387094,997.2583
1581013387134,997.2427
1581013387176,997.22656
1581013387215,997.22754
1581013387254,997.2356
1581013387294,997.2351
1581013387334,997.2488
1581013387374,997.2461
1581013387414,997.2456
1581013387454,997.2307
1581013387494,997.20264
1581013387534,997.1919
1581013387575,997.19946
1581013387614,997.22363
1581013387655,997.2273
1581013387694,997.22705
1581013387735,997.249
1581013387774,997.2842
1581013387815,997.27856
1581013387856,997.25757
1581013387894,997.2964
1581013387933,997.3142
1581013387977,997.31274
1581013388015,997.29956
1581013388055,997.2517
1581013388095,997.2185
1581013388136,997.2036
1581013388174,997.2158
1581013388215,997.23486
1581013388255,997.2468
1581013388295,997.25415
1581013388336,997.2837
1581013388374,997.2776
1581013388415,997.2715
1581013388454,997.26465
1581013388496,997.2688
1581013388534,997.251
1581013388574,997.2461
1581013388614,997.2285
1581013388654,997.21045
1581013388696,997.1875
1581013388735,997.19116
1581013388774,997.199
1581013388814,997.21216
1581013388854,997.22046
1581013388893,997.22754
1581013388936,997.2471
1581013388974,997.2549
1581013389015,997.24756
1581013389054,997.27026
1581013389096,997.33105
1581013389134,997.35645
1581013389175,997.324
1581013389214,997.25806
1581013389255,997.2092
1581013389294,997.19604
1581013389335,997.2012
1581013389374,997.22095
1581013389416,997.2422
1581013389455,997.2356
1581013389494,997.2527
1581013389533,997.27515
1581013389575,997.2859
1581013389615,997.2825
1581013389653,997.2468
1581013389695,997.2141
1581013389739,997.2029
1581013389774,997.22
1581013389814,997.2446
1581013389856,997.22656
1581013389893,997.20483
1581013389934,997.2024
1581013389975,997.21924
1581013390020,997.24316
1581013390054,997.23193
1581013390100,997.2373
1581013390134,997.2605
1581013390179,997.2988
1581013390213,997.29297
1581013390255,997.29126
1581013390295,997.3257
1581013390334,997.4031
1581013390374,997.39014
1581013390415,997.3469
1581013390455,997.2549
1581013390494,997.2175
1581013390535,997.21216
1581013390573,997.23267
1581013390614,997.2556
1581013390653,997.2698
1581013390693,997.2739
1581013390734,997.282
1581013390775,997.2925
1581013390814,997.2991
1581013390855,997.2937
1581013390894,997.27075
1581013390936,997.25806
1581013390975,997.2488
1581013391014,997.2549
1581013391053,997.2256
1581013391095,997.19775
1581013391136,997.17896
1581013391175,997.1841
1581013391216,997.2119
1581013391253,997.2273
1581013391297,997.2351
1581013391334,997.2632
1581013391375,997.27954
1581013391414,997.27295
1581013391456,997.31396
1581013391496,997.365
1581013391537,997.35815
1581013391575,997.3147
1581013391614,997.2522
1581013391654,997.2124
1581013391695,997.2151
1581013391737,997.2368
1581013391775,997.26
1581013391816,997.27075
1581013391862,997.3003
1581013391898,997.3108
1581013391934,997.30444
1581013391977,997.2976
1581013392014,997.29175
1581013392055,997.29395
1581013392093,997.2656
1581013392135,997.2671
1581013392174,997.2136
1581013392215,997.21265
1581013392253,997.21265
1581013392296,997.23
1581013392335,997.2551
1581013392375,997.24634
1581013392414,997.27515
1581013392455,997.28296
1581013392494,997.2688
1581013392534,997.2473
1581013392576,997.2927
1581013392614,997.3965
1581013392657,997.39404
1581013392694,997.35376
1581013392736,997.3169
1581013392775,997.2822
1581013392814,997.271
1581013392853,997.2595
1581013392893,997.26074
1581013392934,997.2632
1581013392975,997.26
1581013393016,997.2549
1581013393055,997.2534
1581013393094,997.25977
1581013393134,997.2634
1581013393179,997.2732
1581013393215,997.2693
1581013393255,997.27
1581013393294,997.27954
1581013393335,997.28345
1581013393374,997.28296
1581013393415,997.2446
1581013393454,997.23364
1581013393495,997.2407
1581013393534,997.24536
1581013393576,997.2495
1581013393614,997.25366
1581013393655,997.24805
1581013393694,997.2776
1581013393734,997.27954
1581013393775,997.28516
1581013393814,997.323
1581013393854,997.3447
1581013393893,997.3369
1581013393935,997.31714
1581013393975,997.2529
1581013394015,997.2219
1581013394054,997.2102
1581013394095,997.2366
1581013394133,997.2766
1581013394174,997.2825
1581013394213,997.28076
1581013394255,997.2986
1581013394294,997.3076
1581013394335,997.32666
1581013394374,997.31836
1581013394415,997.29395
1581013394454,997.2739
1581013394497,997.2788
1581013394534,997.27637
1581013394575,997.26
1581013394615,997.2295
1581013394654,997.2024
1581013394695,997.1946
1581013394735,997.21436
1581013394775,997.24854
1581013394813,997.2378
1581013394855,997.2439
1581013394894,997.2649
1581013394935,997.2644
1581013394974,997.26416
1581013395016,997.29614
1581013395054,997.33374
1581013395095,997.3367
1581013395134,997.3235
1581013395174,997.2844
1581013395215,997.2366
1581013395256,997.2217
1581013395295,997.2092
1581013395334,997.23486
1581013395375,997.25977
1581013395414,997.27686
1581013395456,997.2842
1581013395494,997.3213
1581013395535,997.3225
1581013395574,997.3052
1581013395614,997.282
1581013395654,997.2671
1581013395696,997.2693
1581013395734,997.25366
1581013395775,997.25415
1581013395814,997.25464
1581013395864,997.22754
1581013395894,997.20264
1581013395934,997.2046
1581013395975,997.2129
1581013396015,997.2385
1581013396054,997.2554
1581013396094,997.2522
1581013396137,997.24585
1581013396174,997.23
1581013396215,997.22754
1581013396254,997.2449
1581013396296,997.30005
1581013396336,997.3257
1581013396375,997.32324
1581013396414,997.313
1581013396456,997.3208
1581013396494,997.2886
1581013396536,997.2605
1581013396574,997.2827
1581013396619,997.3838
1581013396654,997.478
1581013396694,997.5027
1581013396736,997.4619
1581013396775,997.4407
1581013396815,997.40967
1581013396869,997.3723
1581013396894,997.35596
1581013396937,997.3152
1581013396975,997.28735
1581013397014,997.2388
1581013397055,997.239
1581013397094,997.2246
1581013397134,997.1987
1581013397174,997.15234
1581013397215,997.0779
1581013397254,997.0432
1581013397298,997.0437
1581013397335,997.04126
1581013397374,997.041
1581013397416,997.0552
1581013397456,997.11084
1581013397497,997.13135
1581013397534,997.1677
1581013397577,997.1467
1581013397614,997.1692
1581013397655,997.19946
1581013397695,997.2666
1581013397740,997.3059
1581013397774,997.29956
1581013397815,997.23926
1581013397853,997.1909
1581013397896,997.21045
1581013397947,997.22144
1581013398053,997.20386
1581013398053,997.2268
1581013398083,997.2385
1581013398094,997.2622
1581013398134,997.24854
1581013398211,997.24
1581013398214,997.2075
1581013398254,997.19116
1581013398293,997.1919
1581013398334,997.1953
1581013398375,997.2046
1581013398414,997.21265
1581013398455,997.2041
1581013398494,997.19165
1581013398534,997.1846
1581013398573,997.1814
1581013398614,997.1904
1581013398654,997.1853
1581013398694,997.1865
1581013398733,997.1763
1581013398775,997.17847
1581013398814,997.1809
1581013398855,997.18555
1581013398894,997.1831
1581013398936,997.18677
1581013398976,997.1941
1581013399014,997.1946
1581013399054,997.18945
