1581013115914,997.3435
1581013115940,997.3506
1581013115966,997.35864
1581013116007,997.3491
1581013116046,997.34937
1581013116087,997.3501
1581013116126,997.3596
1581013116167,997.35913
1581013116207,997.3616
1581013116248,997.35864
1581013116286,997.35767
1581013116326,997.36426
1581013116366,997.3618
1581013116406,997.355
1581013116447,997.34766
1581013116486,997.3406
1581013116528,997.33594
1581013116567,997.33496
1581013116609,997.34595
1581013116647,997.3479
1581013116688,997.34424
1581013116727,997.34375
1581013116769,997.34717
1581013116807,997.34204
1581013116849,997.34424
1581013116886,997.3423
1581013116927,997.3425
1581013116968,997.3425
1581013117007,997.33813
1581013117047,997.3345
1581013117087,997.3303
1581013117127,997.3347
1581013117166,997.33496
1581013117207,997.343
1581013117246,997.3469
1581013117289,997.3462
1581013117327,997.3491
1581013117369,997.353
1581013117406,997.3491
1581013117454,997.3479
1581013117488,997.34375
1581013117527,997.3474
1581013117566,997.3557
1581013117608,997.3506
1581013117647,997.3535
1581013117687,997.3445
1581013117727,997.3535
1581013117767,997.3479
1581013117807,997.34644
1581013117847,997.3469
1581013117914,997.35474
1581013117927,997.35815
1581013117968,997.3528
1581013118007,997.34937
1581013118048,997.3535
1581013118095,997.3513
1581013118127,997.34644
1581013118166,997.3445
1581013118207,997.3489
1581013118248,997.353
1581013118287,997.35474
1581013118326,997.353
1581013118368,997.35376
1581013118408,997.35645
1581013118447,997.34814
1581013118487,997.3511
1581013118527,997.35156
1581013118567,997.3513
1581013118607,997.36255
1581013118648,997.354
1581013118686,997.3506
1581013118729,997.34814
1581013118767,997.34546
1581013118807,997.3562
1581013118848,997.3533
1581013118888,997.3462
1581013118927,997.3374
1581013118969,997.35474
1581013119006,997.3474
1581013119048,997.3428
1581013119092,997.35376
1581013119127,997.35596
1581013119168,997.3572
1581013119206,997.3584
1581013119248,997.35693
1581013119288,997.3467
1581013119328,997.3335
1581013119367,997.32495
1581013119408,997.3142
1581013119447,997.32007
1581013119488,997.31396
1581013119526,997.31934
1581013119568,997.3176
1581013119607,997.3157
1581013119646,997.3115
1581013119687,997.3091
1581013119729,997.3142
1581013119767,997.3159
1581013119809,997.3174
1581013119848,997.3198
1581013119888,997.32495
1581013119929,997.32007
1581013119968,997.3179
1581013120008,997.31714
1581013120047,997.33105
1581013120089,997.32764
1581013120129,997.3303
1581013120168,997.3413
1581013120207,997.3296
1581013120247,997.3242
1581013120289,997.3198
1581013120328,997.31836
1581013120366,997.3186
1581013120406,997.3179
1581013120447,997.30835
1581013120488,997.323
1581013120528,997.32324
1581013120567,997.3247
1581013120609,997.3157
1581013120646,997.3191
1581013120688,997.32104
1581013120727,997.31177
1581013120768,997.31885
1581013120806,997.3174
1581013120847,997.312
1581013120887,997.30835
1581013120928,997.3008
1581013120966,997.3008
1581013121008,997.3086
1581013121047,997.3096
1581013121088,997.3074
1581013121126,997.32153
1581013121167,997.32837
1581013121208,997.322
1581013121248,997.3247
1581013121291,997.3147
1581013121327,997.31494
1581013121369,997.3147
1581013121407,997.3113
1581013121448,997.3137
1581013121489,997.3186
1581013121528,997.3186
1581013121567,997.3191
1581013121608,997.3093
1581013121645,997.31104
1581013121687,997.3137
1581013121726,997.3059
1581013121770,997.30273
1581013121809,997.2986
1581013121847,997.3042
1581013121887,997.3137
1581013121929,997.3181
1581013121968,997.32446
1581013122008,997.3259
1581013122049,997.3286
1581013122086,997.32886
1581013122128,997.3318
1581013122166,997.33057
1581013122208,997.3301
1581013122246,997.32886
1581013122287,997.32764
1581013122326,997.3252
1581013122367,997.31714
1581013122407,997.3247
1581013122447,997.31885
1581013122487,997.31274
1581013122527,997.3208
1581013122568,997.31665
1581013122607,997.32324
1581013122647,997.31177
1581013122687,997.3125
1581013122732,997.3113
1581013122766,997.3071
1581013122807,997.31934
1581013122846,997.32104
1581013122888,997.3157
1581013122927,997.3137
1581013122969,997.31934
1581013123007,997.3218
1581013123049,997.3196
1581013123087,997.3103
1581013123126,997.31274
1581013123166,997.3125
1581013123207,997.3164
1581013123247,997.3164
1581013123286,997.3098
1581013123328,997.3147
1581013123368,997.31006
1581013123407,997.31494
1581013123449,997.3093
1581013123489,997.29614
1581013123527,997.2908
1581013123568,997.29395
1581013123608,997.30176
1581013123647,997.31177
1581013123686,997.30786
1581013123727,997.3135
1581013123767,997.31714
1581013123808,997.3098
1581013123847,997.313
1581013123888,997.3042
1581013123928,997.3081
1581013123967,997.31323
1581013124007,997.3115
1581013124047,997.3157
1581013124088,997.31006
1581013124130,997.3091
1581013124167,997.31396
1581013124206,997.324
1581013124248,997.322
1581013124286,997.3281
1581013124327,997.31934
1581013124366,997.3137
1581013124408,997.3191
1581013124447,997.3108
1581013124487,997.31396
1581013124528,997.3191
1581013124567,997.3198
1581013124606,997.31885
1581013124646,997.3115
1581013124688,997.30615
1581013124727,997.303
1581013124768,997.3074
1581013124806,997.313
1581013124848,997.32227
1581013124887,997.3196
1581013124929,997.31934
1581013124966,997.3152
1581013125009,997.3142
1581013125047,997.31396
1581013125087,997.3157
1581013125129,997.31665
1581013125166,997.3103
1581013125208,997.3032
1581013125248,997.3013
1581013125288,997.29346
1581013125329,997.30396
1581013125368,997.2981
1581013125407,997.3047
1581013125449,997.31006
1581013125487,997.30396
1581013125528,997.3103
1581013125568,997.3142
1581013125607,997.3091
1581013125645,997.3242
1581013125687,997.3169
1581013125726,997.3076
1581013125768,997.3037
1581013125811,997.3125
1581013125847,997.313
1581013125887,997.3071
1581013125928,997.3159
1581013125968,997.30884
1581013126007,997.30005
1581013126048,997.31274
1581013126087,997.3147
1581013126127,997.31616
1581013126167,997.3218
1581013126208,997.324
1581013126246,997.3179
1581013126288,997.31177
1581013126327,997.3064
1581013126369,997.3069
1581013126407,997.3032
1581013126447,997.3037
1581013126487,997.2988
1581013126527,997.2991
1581013126566,997.3052
1581013126608,997.302
1581013126653,997.3098
1581013126686,997.3135
1581013126728,997.31006
1581013126767,997.3181
1581013126809,997.3181
1581013126848,997.31494
1581013126888,997.3176
1581013126929,997.31714
1581013126970,997.3125
1581013127008,997.3093
1581013127048,997.31055
1581013127086,997.31177
1581013127129,997.2986
1581013127167,997.3054
1581013127207,997.3074
1581013127247,997.30884
1581013127289,997.31323
1581013127327,997.3169
1581013127366,997.32544
1581013127407,997.31836
1581013127447,997.31494
1581013127488,997.3176
1581013127526,997.31177
1581013127567,997.3186
1581013127608,997.3159
1581013127647,997.3218
1581013127686,997.3235
1581013127728,997.32007
1581013127766,997.3176
1581013127807,997.313
1581013127846,997.31274
1581013127889,997.32227
1581013127927,997.31494
1581013127967,997.3125
1581013128008,997.3074
1581013128047,997.3108
1581013128087,997.3064
1581013128129,997.3071
1581013128168,997.3125
1581013128206,997.30664
1581013128248,997.3091
1581013128294,997.30884
1581013128328,997.3142
1581013128366,997.3108
1581013128408,997.3154
1581013128447,997.31323
1581013128489,997.3015
1581013128527,997.301
1581013128568,997.29663
1581013128608,997.2993
1581013128647,997.2991
1581013128686,997.29834
1581013128727,997.2993
1581013128768,997.3074
1581013128808,997.3064
1581013128848,997.30396
1581013128887,997.30225
1581013128928,997.3032
1581013128966,997.2991
1581013129008,997.30176
1581013129047,997.303
1581013129088,997.3008
1581013129127,997.31274
1581013129166,997.31104
1581013129208,997.3071
1581013129247,997.29785
1581013129286,997.2964
1581013129326,997.30664
1581013129368,997.30396
1581013129407,997.30444
1581013129448,997.30225
1581013129488,997.30225
1581013129527,997.30054
1581013129567,997.31055
1581013129608,997.30835
1581013129647,997.31104
1581013129689,997.3125
1581013129726,997.30615
1581013129767,997.29834
1581013129806,997.2954
1581013129848,997.301
1581013129889,997.3103
1581013129927,997.2932
1581013129967,997.2876
1581013130007,997.291
1581013130047,997.303
1581013130087,997.30884
1581013130129,997.29663
1581013130166,997.3081
1581013130208,997.3059
1581013130246,997.3096
1581013130288,997.302
1581013130328,997.2993
1581013130368,997.2947
1581013130407,997.29395
1581013130448,997.2876
1581013130488,997.292
1581013130527,997.2871
1581013130568,997.28345
1581013130606,997.2849
1581013130648,997.2898
1581013130686,997.2927
1581013130726,997.2859
1581013130767,997.28613
1581013130807,997.28735
1581013130846,997.2971
1581013130887,997.3008
1581013130928,997.3081
1581013130968,997.29785
1581013131007,997.30005
1581013131048,997.30664
1581013131086,997.30347
1581013131127,997.2988
1581013131168,997.30884
1581013131208,997.30225
1581013131247,997.30054
1581013131287,997.292
1581013131327,997.29565
1581013131367,997.2925
1581013131407,997.2969
1581013131447,997.29785
1581013131488,997.2993
1581013131529,997.2908
1581013131569,997.2886
1581013131608,997.28613
1581013131654,997.28906
1581013131686,997.2915
1581013131726,997.2949
1581013131766,997.29565
1581013131808,997.2949
1581013131846,997.29517
1581013131889,997.28906
1581013131927,997.2844
1581013131969,997.2854
1581013132005,997.2893
1581013132046,997.28613
1581013132087,997.2998
1581013132130,997.2986
1581013132169,997.29834
1581013132206,997.3042
1581013132247,997.312
1581013132286,997.31714
1581013132328,997.3115
1581013132367,997.30664
1581013132407,997.30664
1581013132447,997.2991
1581013132487,997.30054
1581013132526,997.3071
1581013132568,997.30566
1581013132607,997.29956
1581013132652,997.2991
1581013132689,997.30176
1581013132727,997.301
1581013132766,997.3047
1581013132807,997.30176
1581013132847,997.30566
1581013132888,997.30835
1581013132928,997.3186
1581013132967,997.3069
1581013133008,997.3074
1581013133047,997.30835
1581013133088,997.31494
1581013133127,997.32007
1581013133168,997.31665
1581013133205,997.31396
1581013133248,997.3015
1581013133286,997.2988
1581013133328,997.2981
1581013133365,997.3032
1581013133406,997.3142
1581013133448,997.3086
1581013133486,997.3137
1581013133527,997.30835
1581013133568,997.2998
1581013133608,997.2954
1581013133647,997.2969
1581013133688,997.29004
1581013133726,997.27954
1581013133767,997.282
1581013133806,997.28296
1581013133848,997.2842
1581013133887,997.28564
1581013133928,997.29175
1581013133969,997.2927
1581013134007,997.2832
1581013134047,997.2898
1581013134087,997.2888
1581013134125,997.2908
1581013134168,997.2971
1581013134207,997.3069
1581013134247,997.2971
1581013134287,997.29175
1581013134326,997.2998
1581013134368,997.28735
1581013134407,997.2864
1581013134447,997.2788
1581013134487,997.2805
1581013134529,997.2705
1581013134567,997.2683
1581013134608,997.2727
1581013134647,997.26953
1581013134688,997.26294
1581013134726,997.26904
1581013134767,997.2693
1581013134807,997.2798
1581013134848,997.2864
1581013134888,997.28613
1581013134927,997.2871
1581013134968,997.28735
1581013135008,997.28467
1581013135048,997.2883
1581013135087,997.2932
1581013135128,997.2903
1581013135166,997.2905
1581013135208,997.27734
1581013135245,997.2798
1581013135290,997.29736
1581013135326,997.2927
1581013135368,997.282
1581013135407,997.28516
1581013135446,997.28345
1581013135487,997.2854
1581013135527,997.281
1581013135568,997.2859
1581013135608,997.2849
1581013135647,997.29297
1581013135687,997.2925
1581013135727,997.28906
1581013135767,997.29004
1581013135808,997.2954
1581013135847,997.2842
1581013135887,997.2908
1581013135929,997.2881
1581013135968,997.2993
1581013136007,997.31177
1581013136048,997.31006
1581013136087,997.29443
1581013136128,997.2908
1581013136166,997.291
1581013136207,997.2781
1581013136247,997.2798
1581013136286,997.27515
1581013136328,997.281
1581013136367,997.281
1581013136409,997.28345
1581013136447,997.2832
1581013136487,997.282
1581013136527,997.2744
1581013136569,997.28076
1581013136606,997.2842
1581013136647,997.28345
1581013136687,997.28735
1581013136727,997.28735
1581013136768,997.28784
1581013136807,997.28394
1581013136846,997.2793
1581013136887,997.27783
1581013136928,997.2744
1581013136968,997.27856
1581013137007,997.28564
1581013137046,997.28125
1581013137087,997.2822
1581013137126,997.2864
1581013137167,997.28125
1581013137205,997.2864
1581013137247,997.2925
1581013137286,997.30005
1581013137327,997.2954
1581013137366,997.2976
1581013137409,997.2942
1581013137447,997.2903
1581013137488,997.29663
1581013137528,997.28955
1581013137567,997.2888
1581013137607,997.2905
1581013137650,997.29736
1581013137687,997.2981
1581013137726,997.30054
1581013137768,997.3003
1581013137807,997.30176
1581013137846,997.30493
1581013137888,997.2932
1581013137928,997.2871
1581013137966,997.2905
1581013138009,997.28467
1581013138048,997.30273
1581013138088,997.3003
1581013138127,997.2998
1581013138169,997.2998
1581013138208,997.2993
1581013138246,997.29565
1581013138286,997.302
1581013138328,997.3042
1581013138368,997.3042
1581013138409,997.3064
1581013138448,997.30225
1581013138486,997.312
1581013138527,997.31494
1581013138566,997.3213
1581013138607,997.3203
1581013138646,997.3181
1581013138689,997.32275
1581013138725,997.3164
1581013138767,997.31445
1581013138807,997.3115
1581013138848,997.33203
1581013138885,997.3418
1581013138927,997.3401
1581013138965,997.344
1581013139006,997.34424
1581013139047,997.343
1581013139086,997.3513
1581013139127,997.3401
1581013139166,997.3406
1581013139207,997.3342
1581013139246,997.3342
1581013139287,997.33496
1581013139328,997.33057
1581013139367,997.34155
1581013139405,997.334
1581013139448,997.34033
1581013139487,997.34375
1581013139527,997.3428
1581013139568,997.3357
1581013139607,997.3269
1581013139647,997.33496
1581013139690,997.33765
1581013139726,997.35156
1581013139767,997.3596
1581013139809,997.3579
1581013139846,997.3638
1581013139888,997.3655
1581013139926,997.3635
1581013139967,997.355
1581013140007,997.36694
1581013140048,997.3662
1581013140086,997.36206
1581013140128,997.3501
1581013140166,997.3545
1581013140207,997.36914
1581013140245,997.3579
1581013140287,997.3528
1581013140331,997.3535
1581013140366,997.3696
1581013140408,997.37695
1581013140448,997.37134
1581013140488,997.36206
1581013140526,997.3655
1581013140569,997.3672
1581013140607,997.365
1581013140648,997.36255
1581013140688,997.35645
1581013140728,997.353
1581013140766,997.35205
1581013140809,997.35815
1581013140847,997.36597
1581013140888,997.3594
1581013140926,997.36035
1581013140968,997.3584
1581013141008,997.353
1581013141048,997.34937
1581013141087,997.3491
1581013141127,997.34985
1581013141168,997.3489
1581013141206,997.34985
1581013141247,997.3613
1581013141286,997.3635
1581013141329,997.36035
1581013141367,997.35815
1581013141407,997.3611
1581013141446,997.35767
1581013141489,997.3533
1581013141527,997.3479
1581013141567,997.34766
1581013141607,997.345
1581013141648,997.34814
1581013141686,997.34424
1581013141726,997.3513
1581013141766,997.34717
1581013141807,997.34644
1581013141848,997.3545
1581013141887,997.3508
1581013141928,997.34106
1581013141967,997.3428
1581013142008,997.3445
1581013142047,997.3435
1581013142089,997.33716
1581013142127,997.3357
1581013142169,997.32886
1581013142207,997.333
1581013142246,997.3367
1581013142285,997.3281
1581013142327,997.33325
1581013142366,997.33765
1581013142408,997.34326
1581013142447,997.33374
1581013142489,997.3357
1581013142527,997.33545
1581013142566,997.33105
1581013142607,997.3369
1581013142648,997.32544
1581013142688,997.3281
1581013142727,997.3208
1581013142767,997.3247
1581013142808,997.3247
1581013142849,997.3237
1581013142887,997.3237
1581013142928,997.33276
1581013142967,997.32935
1581013143008,997.33105
1581013143048,997.32935
1581013143087,997.3369
1581013143126,997.3323
1581013143168,997.3367
1581013143207,997.3367
1581013143246,997.3347
1581013143288,997.3408
1581013143327,997.3367
1581013143367,997.3418
1581013143408,997.3391
1581013143449,997.3379
1581013143486,997.33276
1581013143527,997.3362
1581013143566,997.3296
1581013143608,997.33057
1581013143646,997.322
1581013143688,997.32837
1581013143726,997.32495
1581013143767,997.32666
1581013143808,997.3259
1581013143847,997.32495
1581013143887,997.32666
1581013143927,997.3213
1581013143968,997.3203
1581013144006,997.3181
1581013144048,997.3108
1581013144087,997.3137
1581013144127,997.32104
1581013144168,997.32764
1581013144207,997.32837
1581013144246,997.3259
1581013144287,997.3225
1581013144327,997.3176
1581013144367,997.31885
1581013144406,997.3208
1581013144448,997.3257
1581013144487,997.32153
1581013144527,997.32764
1581013144568,997.34033
1581013144607,997.34595
1581013144647,997.34155
1581013144687,997.3308
1581013144727,997.3303
1581013144766,997.33374
1581013144807,997.3269
1581013144848,997.3262
1581013144888,997.32715
1581013144927,997.3208
1581013144967,997.3154
1581013145008,997.30786
1581013145047,997.3115
1581013145086,997.3093
1581013145128,997.3047
1581013145167,997.3037
1581013145207,997.3015
1581013145247,997.3069
1581013145287,997.29517
1581013145328,997.2893
1581013145367,997.2822
1581013145409,997.2842
1581013145447,997.2927
1581013145488,997.2915
1581013145526,997.2908
1581013145568,997.2976
1581013145608,997.30396
1581013145648,997.303
1581013145686,997.3054
1581013145729,997.3093
1581013145766,997.3113
1581013145808,997.31006
1581013145846,997.31055
1581013145888,997.30664
1581013145928,997.2993
1581013145967,997.30176
1581013146010,997.31445
1581013146046,997.3159
1581013146088,997.3108
1581013146127,997.3008
1581013146169,997.3054
1581013146207,997.30396
1581013146248,997.30225
1581013146286,997.2964
1581013146328,997.29175
1581013146368,997.2898
1581013146406,997.2971
1581013146447,997.2908
1581013146489,997.301
1581013146526,997.2932
1581013146570,997.2986
1581013146608,997.2998
1581013146648,997.2886
1581013146689,997.29663
1581013146730,997.29395
1581013146768,997.2954
1581013146807,997.29663
1581013146848,997.2986
1581013146888,997.2908
1581013146927,997.2876
1581013146967,997.2815
1581013147008,997.27954
1581013147047,997.282
1581013147087,997.2866
1581013147127,997.28735
1581013147167,997.2805
1581013147207,997.2832
1581013147247,997.2881
1581013147286,997.2744
1581013147326,997.2722
1581013147368,997.2744
1581013147408,997.28
1581013147448,997.2783
1581013147487,997.27
1581013147528,997.2739
1581013147566,997.2717
1581013147608,997.2761
1581013147648,997.28467
1581013147689,997.2888
1581013147727,997.28613
1581013147766,997.2827
1581013147807,997.28467
1581013147847,997.281
1581013147888,997.28735
1581013147927,997.28564
1581013147967,997.29004
1581013148007,997.2947
1581013148047,997.28784
1581013148087,997.2925
1581013148128,997.2876
1581013148167,997.2905
1581013148207,997.2925
1581013148252,997.28613
1581013148288,997.28516
1581013148326,997.2949
1581013148369,997.292
1581013148406,997.292
1581013148447,997.2844
1581013148486,997.28467
1581013148532,997.27856
1581013148566,997.27466
1581013148607,997.2776
1581013148646,997.2886
1581013148686,997.292
1581013148726,997.303
1581013148765,997.29565
1581013148806,997.2883
1581013148849,997.28394
1581013148887,997.2754
1581013148938,997.2783
1581013148978,997.2744
1581013149006,997.2832
1581013149050,997.2815
1581013149085,997.28174
1581013149126,997.27295
1581013149165,997.2732
1581013149212,997.27783
1581013149245,997.2742
1581013149286,997.27954
1581013149325,997.27856
1581013149366,997.2886
1581013149406,997.2964
1581013149445,997.291
1581013149486,997.2854
1581013149525,997.29297
1581013149593,997.2837
1581013149632,997.272
1581013149674,997.31665
1581013149713,997.3032
1581013149753,997.30615
1581013149792,997.30396
1581013149834,997.29785
1581013149872,997.303
1581013149913,997.29175
1581013149952,997.2827
1581013149993,997.2876
1581013150032,997.28784
1581013150073,997.29004
1581013150113,997.2842
1581013150153,997.29346
1581013150193,997.2954
1581013150233,997.29126
1581013150273,997.2915
1581013150312,997.3013
1581013150353,997.30347
1581013150392,997.3015
1581013150433,997.29517
1581013150473,997.30005
1581013150512,997.29297
1581013150553,997.29663
1581013150596,997.30347
1581013150633,997.3076
1581013150674,997.31177
1581013150717,997.3074
1581013150753,997.30225
1581013150793,997.3008
1581013150832,997.3037
1581013150873,997.3003
1581013150912,997.3093
1581013150953,997.322
1581013150992,997.3142
1581013151033,997.3174
1581013151072,997.3203
1581013151112,997.32056
1581013151152,997.31055
1581013151193,997.3098
1581013151232,997.31616
1581013151272,997.31226
1581013151312,997.3071
1581013151352,997.3213
1581013151392,997.3286
1581013151433,997.3342
1581013151473,997.33203
1581013151513,997.3347
1581013151553,997.334
1581013151592,997.3325
1581013151632,997.3374
1581013151672,997.33057
1581013151712,997.3347
1581013151755,997.3281
1581013151793,997.3274
1581013151832,997.32715
1581013151873,997.3257
1581013151912,997.3235
1581013151952,997.3264
1581013151992,997.3269
1581013152033,997.3242
1581013152072,997.31934
1581013152112,997.3364
1581013152152,997.3367
1581013152194,997.33154
1581013152239,997.32764
1581013152286,997.3154
1581013152313,997.31494
1581013152351,997.3269
1581013152392,997.3401
1581013152432,997.34937
1581013152473,997.36255
1581013152512,997.3606
1581013152552,997.36255
1581013152626,997.35205
1581013152679,997.3508
1581013152680,997.3425
1581013152714,997.3511
1581013152752,997.3401
1581013152792,997.33496
1581013152831,997.3367
1581013152872,997.3303
1581013152912,997.3281
1581013152952,997.3379
1581013152992,997.3291
1581013153032,997.3242
1581013153072,997.324
1581013153112,997.32544
1581013153152,997.33154
1581013153192,997.32666
1581013153233,997.31714
1581013153273,997.3147
1581013153313,997.3186
1581013153352,997.30444
1581013153392,997.31616
1581013153432,997.3135
1581013153472,997.3086
1581013153512,997.3198
1581013153552,997.3274
1581013153592,997.3308
1581013153632,997.32544
1581013153673,997.3152
1581013153712,997.31616
1581013153752,997.31494
1581013153792,997.31323
1581013153833,997.31006
1581013153872,997.31177
1581013153913,997.31006
1581013153952,997.3076
1581013153993,997.3076
1581013154032,997.3086
1581013154073,997.3174
1581013154113,997.32935
1581013154152,997.32324
1581013154192,997.31836
1581013154232,997.3301
1581013154272,997.3208
1581013154313,997.3225
1581013154352,997.3235
1581013154392,997.31323
1581013154433,997.3125
1581013154472,997.3091
1581013154512,997.30225
1581013154552,997.3003
1581013154593,997.2937
1581013154632,997.2876
1581013154673,997.2998
1581013154712,997.2964
1581013154753,997.3074
1581013154792,997.303
1581013154832,997.30444
1581013154872,997.2976
1581013154912,997.29297
1581013154952,997.3032
1581013154993,997.3052
1581013155032,997.3037
1581013155072,997.3015
1581013155113,997.3008
1581013155152,997.302
1581013155192,997.30444
1581013155232,997.3071
1581013155273,997.3098
1581013155312,997.30347
1581013155353,997.30664
1581013155392,997.32056
1581013155433,997.32056
1581013155472,997.3213
1581013155512,997.3191
1581013155552,997.30884
1581013155592,997.30835
1581013155632,997.30664
1581013155672,997.3059
1581013155713,997.30225
1581013155752,997.30005
1581013155793,997.3093
1581013155832,997.3069
1581013155873,997.3059
1581013155912,997.29663
1581013155953,997.30664
1581013155992,997.3064
1581013156032,997.3076
1581013156072,997.3113
1581013156112,997.31055
1581013156152,997.31445
1581013156192,997.3108
1581013156232,997.3052
1581013156273,997.2991
1581013156312,997.29175
1581013156352,997.28906
1581013156392,997.2986
1581013156433,997.2949
1581013156473,997.28784
1581013156512,997.2837
1581013156552,997.2932
1581013156593,997.2915
1581013156632,997.27686
1581013156672,997.2783
1581013156713,997.27246
1581013156752,997.2771
1581013156792,997.27515
1581013156832,997.27563
1581013156872,997.2886
1581013156912,997.28687
1581013156952,997.2866
1581013156992,997.28345
1581013157032,997.2822
1581013157072,997.27954
1581013157112,997.27246
1581013157153,997.2622
1581013157192,997.27026
1581013157232,997.2742
1581013157272,997.26733
1581013157313,997.2698
1581013157352,997.27466
1581013157393,997.2698
1581013157432,997.271
1581013157472,997.2781
1581013157512,997.2793
1581013157552,997.2842
1581013157592,997.2825
1581013157632,997.2815
1581013157672,997.2676
1581013157712,997.2739
1581013157752,997.27026
1581013157792,997.2749
1581013157832,997.2754
1581013157872,997.27734
1581013157913,997.2737
1581013157952,997.28
1581013157992,997.28516
1581013158033,997.2844
1581013158073,997.28516
1581013158112,997.2737
1581013158152,997.26733
1581013158193,997.2622
1581013158232,997.2588
1581013158272,997.2639
1581013158312,997.27734
1581013158352,997.2739
1581013158392,997.2683
1581013158432,997.26416
1581013158472,997.27246
1581013158513,997.27686
1581013158553,997.27295
1581013158593,997.2717
1581013158632,997.2617
1581013158673,997.2539
1581013158712,997.26904
1581013158752,997.26
1581013158792,997.2656
1581013158833,997.25854
1581013158872,997.25757
1581013158912,997.25366
1581013158952,997.2554
1581013158992,997.27344
1581013159032,997.27344
1581013159073,997.28174
1581013159112,997.28687
1581013159152,997.2832
1581013159193,997.2876
1581013159232,997.2822
1581013159272,997.28345
1581013159312,997.2744
1581013159352,997.27124
1581013159392,997.2737
1581013159432,997.2732
1581013159472,997.26465
1581013159513,997.2705
1581013159552,997.28076
1581013159593,997.28467
1581013159632,997.29395
1581013159672,997.3008
1581013159712,997.30005
1581013159752,997.28687
1581013159792,997.2783
1581013159832,997.2771
1581013159872,997.2783
1581013159912,997.2671
1581013159952,997.272
1581013159992,997.27686
1581013160032,997.2832
1581013160072,997.27686
1581013160113,997.2832
1581013160152,997.2864
1581013160193,997.28125
1581013160232,997.27905
1581013160272,997.2776
1581013160312,997.27344
1581013160352,997.2676
1581013160392,997.2671
1581013160432,997.2671
1581013160472,997.261
1581013160512,997.26025
1581013160552,997.25757
1581013160592,997.2588
1581013160633,997.25366
1581013160678,997.25635
1581013160713,997.2676
1581013160752,997.2605
1581013160792,997.2683
1581013160832,997.26074
1581013160873,997.2612
1581013160912,997.25635
1581013160952,997.26245
1581013160992,997.2688
1581013161032,997.2737
1581013161072,997.2781
1581013161112,997.2771
1581013161152,997.2612
1581013161192,997.2676
1581013161232,997.26636
1581013161272,997.25977
1581013161313,997.2617
1581013161352,997.2549
1581013161393,997.2522
1581013161433,997.24536
1581013161473,997.2571
1581013161512,997.2554
1581013161552,997.2588
1581013161592,997.2637
1581013161632,997.2595
1581013161672,997.2617
1581013161712,997.2615
1581013161752,997.2661
1581013161792,997.2644
1581013161832,997.2583
1581013161872,997.2644
1581013161913,997.26245
1581013161952,997.2637
1581013161992,997.272
1581013162032,997.2634
1581013162073,997.2605
1581013162112,997.2612
1581013162152,997.2715
1581013162192,997.2742
1581013162232,997.2688
1581013162272,997.2739
1581013162312,997.2783
1581013162352,997.2825
1581013162393,997.27246
1581013162432,997.27637
1581013162472,997.27563
1581013162512,997.2698
1581013162552,997.27515
1581013162592,997.2727
1581013162632,997.2637
1581013162672,997.28174
1581013162711,997.2793
1581013162752,997.27637
1581013162792,997.2705
1581013162833,997.2649
1581013162872,997.26416
1581013162913,997.2595
1581013162953,997.2615
1581013162993,997.2632
1581013163032,997.2593
1581013163072,997.2583
1581013163112,997.25195
1581013163152,997.25
1581013163192,997.2544
1581013163232,997.25757
1581013163272,997.26733
1581013163312,997.261
1581013163352,997.2656
1581013163392,997.2766
1581013163433,997.26685
1581013163472,997.26074
1581013163513,997.2632
1581013163553,997.26294
1581013163592,997.2654
1581013163632,997.2727
1581013163673,997.2715
1581013163712,997.2622
1581013163753,997.26025
1581013163794,997.26733
1581013163833,997.2715
1581013163872,997.26514
1581013163912,997.2671
1581013163952,997.2722
1581013163992,997.2656
1581013164033,997.2671
1581013164072,997.2676
1581013164112,997.2644
1581013164152,997.2622
1581013164192,997.2688
1581013164232,997.2656
1581013164274,997.26587
1581013164312,997.2805
1581013164353,997.27954
1581013164392,997.27
1581013164432,997.27856
1581013164473,997.2688
1581013164512,997.2632
1581013164552,997.2678
1581013164592,997.2632
1581013164632,997.26904
1581013164672,997.2671
1581013164713,997.26294
1581013164752,997.2612
1581013164792,997.2639
1581013164832,997.2578
1581013164873,997.25854
1581013164913,997.25366
1581013164952,997.26636
1581013164992,997.2656
1581013165032,997.2554
1581013165072,997.2671
1581013165113,997.2649
1581013165152,997.25977
1581013165192,997.2656
1581013165232,997.26465
1581013165273,997.2634
1581013165312,997.2654
1581013165353,997.26074
1581013165392,997.2556
1581013165432,997.2588
1581013165473,997.25366
1581013165513,997.2595
1581013165554,997.2551
1581013165593,997.2527
1581013165635,997.24854
1581013165672,997.2549
1581013165712,997.2561
1581013165752,997.2512
1581013165793,997.25464
1581013165832,997.2512
1581013165873,997.2483
1581013165912,997.2434
1581013165952,997.2466
1581013165993,997.25073
1581013166033,997.25415
1581013166074,997.26904
1581013166113,997.26416
1581013166153,997.2656
1581013166193,997.25757
1581013166233,997.24585
1581013166272,997.2405
1581013166313,997.23755
1581013166352,997.23975
1581013166398,997.25
1581013166432,997.2551
1581013166473,997.2556
1581013166512,997.2588
1581013166552,997.25977
1581013166592,997.2566
1581013166633,997.26465
1581013166673,997.2615
1581013166712,997.2573
1581013166752,997.261
1581013166794,997.2656
1581013166833,997.2742
1581013166873,997.2739
1581013166914,997.2825
1581013166952,997.27856
1581013166995,997.2742
1581013167032,997.2683
1581013167074,997.2615
1581013167114,997.2622
1581013167154,997.26294
1581013167195,997.26514
1581013167232,997.2656
1581013167272,997.2556
1581013167313,997.2495
1581013167354,997.25464
1581013167392,997.2544
1581013167433,997.2517
1581013167472,997.25244
1581013167513,997.25977
1581013167554,997.25464
1581013167593,997.2617
1581013167632,997.2622
1581013167673,997.2617
1581013167712,997.2544
1581013167753,997.2529
1581013167793,997.26294
1581013167834,997.25977
1581013167874,997.261
1581013167913,997.251
1581013167953,997.2512
1581013167993,997.25
1581013168033,997.2595
1581013168073,997.26636
1581013168113,997.26074
1581013168152,997.26196
1581013168195,997.2617
1581013168233,997.25635
1581013168274,997.2593
1581013168313,997.25806
1581013168355,997.26294
1581013168392,997.26733
1581013168433,997.2622
1581013168472,997.25586
1581013168512,997.2666
1581013168552,997.2671
1581013168593,997.2551
1581013168632,997.25415
1581013168672,997.25146
1581013168712,997.25073
1581013168752,997.249
1581013168792,997.2471
1581013168832,997.25
1581013168874,997.2549
1581013168913,997.2522
1581013168954,997.2556
1581013168994,997.25854
1581013169033,997.261
1581013169079,997.2612
1581013169112,997.26514
1581013169152,997.2661
1581013169193,997.2588
1581013169232,997.25244
1581013169273,997.2571
1581013169312,997.25464
1581013169354,997.25806
1581013169393,997.26196
1581013169434,997.26465
1581013169473,997.2693
1581013169513,997.2759
1581013169554,997.2815
1581013169593,997.2742
1581013169633,997.26514
1581013169673,997.2632
1581013169713,997.2595
1581013169752,997.25903
1581013169793,997.2595
1581013169833,997.2571
1581013169874,997.26416
1581013169912,997.2634
1581013169952,997.2649
1581013169996,997.26025
1581013170033,997.25415
1581013170073,997.2466
1581013170113,997.2449
1581013170153,997.2378
1581013170192,997.24634
1581013170233,997.2561
1581013170272,997.2578
1581013170313,997.25
1581013170353,997.2556
1581013170393,997.2539
1581013170432,997.24854
1581013170474,997.2534
1581013170513,997.2532
1581013170553,997.25415
1581013170592,997.261
1581013170634,997.2554
1581013170672,997.2529
1581013170713,997.2478
1581013170752,997.24414
1581013170793,997.24365
1581013170833,997.2422
1581013170873,997.25073
1581013170913,997.25
1581013170952,997.2505
1581013170994,997.2556
1581013171036,997.2512
1581013171074,997.2478
1581013171113,997.249
1581013171153,997.2456
1581013171193,997.26294
1581013171233,997.2583
1581013171272,997.2593
1581013171313,997.2512
1581013171354,997.24927
1581013171394,997.261
1581013171432,997.2566
1581013171472,997.24
1581013171513,997.2427
1581013171553,997.2449
1581013171593,997.24756
1581013171633,997.24927
1581013171674,997.2456
1581013171712,997.25806
1581013171753,997.2512
1581013171793,997.25415
1581013171833,997.2578
1581013171873,997.2495
1581013171913,997.25195
1581013171952,997.2544
1581013171993,997.2578
1581013172033,997.26904
1581013172074,997.2622
1581013172112,997.2693
1581013172153,997.2742
1581013172194,997.2737
1581013172232,997.2639
1581013172274,997.2661
1581013172312,997.2595
1581013172354,997.2615
1581013172393,997.2649
1581013172434,997.2688
1581013172472,997.26514
1581013172514,997.2644
1581013172553,997.261
1581013172593,997.2551
1581013172633,997.2478
1581013172673,997.251
1581013172712,997.24536
1581013172752,997.23926
1581013172792,997.2451
1581013172832,997.2473
1581013172873,997.2473
1581013172913,997.2556
1581013172953,997.26074
1581013172993,997.26465
1581013173034,997.2649
1581013173073,997.2688
1581013173113,997.26245
1581013173153,997.2622
1581013173193,997.2627
1581013173237,997.27
1581013173273,997.2749
1581013173312,997.2705
1581013173353,997.26636
1581013173394,997.2595
1581013173433,997.2539
1581013173473,997.2593
1581013173513,997.25903
1581013173552,997.26245
1581013173593,997.2627
1581013173633,997.25024
1581013173673,997.26025
1581013173717,997.2549
1581013173752,997.2495
1581013173793,997.2605
1581013173833,997.2556
1581013173875,997.25977
1581013173912,997.2549
1581013173953,997.2522
1581013173992,997.2615
1581013174033,997.2571
1581013174072,997.2676
1581013174114,997.2549
1581013174152,997.25
1581013174193,997.2517
1581013174232,997.2622
1581013174273,997.2539
1581013174312,997.25684
1581013174352,997.26196
1581013174392,997.261
1581013174433,997.25806
1581013174473,997.2578
1581013174512,997.2539
1581013174553,997.2617
1581013174592,997.2583
1581013174633,997.25684
1581013174672,997.25635
1581013174713,997.2539
1581013174752,997.25366
1581013174793,997.25415
1581013174833,997.251
1581013174872,997.2488
1581013174912,997.24756
1581013174953,997.2468
1581013174992,997.24634
1581013175032,997.2478
1581013175073,997.2522
1581013175112,997.2661
1581013175153,997.2737
1581013175193,997.2737
1581013175232,997.26025
1581013175273,997.25635
1581013175313,997.2549
1581013175352,997.26245
1581013175394,997.2556
1581013175435,997.2578
1581013175473,997.2554
1581013175512,997.2566
1581013175555,997.2527
1581013175593,997.25806
1581013175632,997.2688
1581013175673,997.26587
1581013175713,997.25806
1581013175754,997.2615
1581013175793,997.2656
1581013175834,997.26074
1581013175873,997.2561
1581013175914,997.2595
1581013175953,997.2617
1581013175994,997.2554
1581013176032,997.2468
1581013176074,997.2483
1581013176116,997.2554
1581013176154,997.2578
1581013176192,997.25977
1581013176234,997.2617
1581013176272,997.25854
1581013176313,997.2593
1581013176352,997.2573
1581013176392,997.2698
1581013176433,997.26025
1581013176473,997.2605
1581013176514,997.2593
1581013176553,997.2676
1581013176593,997.26025
1581013176634,997.25244
1581013176675,997.25073
1581013176712,997.24976
1581013176753,997.24097
1581013176792,997.2422
1581013176832,997.2385
1581013176873,997.2451
1581013176913,997.2366
1581013176952,997.2427
1581013176993,997.24854
1581013177032,997.25635
1581013177073,997.249
1581013177114,997.2544
1581013177153,997.2483
1581013177194,997.24976
1581013177233,997.2527
1581013177273,997.24976
1581013177316,997.24805
1581013177353,997.25024
1581013177393,997.2427
1581013177433,997.24146
1581013177473,997.2446
1581013177514,997.24927
1581013177552,997.2551
1581013177594,997.2654
1581013177632,997.251
1581013177673,997.2561
1581013177712,997.25244
1581013177754,997.2627
1581013177793,997.26025
1581013177832,997.2522
1581013177873,997.2495
1581013177913,997.24927
1581013177953,997.25195
1581013177994,997.24316
1581013178033,997.2451
1581013178075,997.24023
1581013178114,997.2471
1581013178152,997.2488
1581013178194,997.2439
1581013178234,997.24146
1581013178273,997.24316
1581013178312,997.2395
1581013178353,997.2495
1581013178393,997.2566
1581013178434,997.2527
1581013178473,997.2566
1581013178513,997.2561
1581013178554,997.2544
1581013178593,997.261
1581013178633,997.2727
1581013178673,997.26465
1581013178713,997.25806
1581013178752,997.2593
1581013178794,997.25635
1581013178832,997.2544
1581013178874,997.25854
1581013178912,997.2617
1581013178953,997.261
1581013178992,997.2605
1581013179032,997.2532
1581013179074,997.25244
1581013179113,997.25024
1581013179154,997.25073
1581013179193,997.2505
1581013179233,997.24097
1581013179274,997.24023
1581013179313,997.2388
1581013179353,997.2363
1581013179393,997.2468
1581013179433,997.2429
1581013179473,997.2417
1581013179513,997.2344
1581013179554,997.23804
1581013179592,997.2363
1581013179633,997.2517
1581013179673,997.24536
1581013179713,997.24536
1581013179752,997.2471
1581013179792,997.2527
1581013179833,997.2532
1581013179874,997.2512
1581013179914,997.2539
1581013179953,997.2529
1581013179994,997.2451
1581013180040,997.2517
1581013180073,997.2529
1581013180112,997.2571
1581013180154,997.25464
1581013180192,997.25146
1581013180233,997.2444
1581013180272,997.2512
1581013180313,997.2451
1581013180353,997.2444
1581013180393,997.24414
1581013180432,997.2446
1581013180473,997.2466
1581013180513,997.2483
1581013180552,997.25854
1581013180594,997.25977
1581013180632,997.2588
1581013180673,997.2566
1581013180718,997.2549
1581013180752,997.24805
1581013180792,997.2512
1581013180834,997.2583
1581013180873,997.26733
1581013180913,997.2549
1581013180952,997.2449
1581013180992,997.2395
1581013181034,997.2285
1581013181073,997.2329
1581013181114,997.2285
1581013181153,997.23315
1581013181193,997.23755
1581013181233,997.2444
1581013181272,997.2412
1581013181313,997.23926
1581013181353,997.2446
1581013181393,997.24805
1581013181434,997.2385
1581013181472,997.24097
1581013181514,997.25415
1581013181552,997.249
1581013181594,997.2578
1581013181634,997.2505
1581013181674,997.2551
1581013181712,997.2483
1581013181754,997.2532
1581013181792,997.2471
1581013181833,997.2473
1581013181873,997.2554
1581013181914,997.2512
1581013181953,997.2588
1581013181993,997.2661
1581013182033,997.26953
1581013182074,997.261
1581013182113,997.2627
1581013182152,997.2649
1581013182194,997.26245
1581013182238,997.2527
1581013182273,997.249
1581013182312,997.24976
1581013182353,997.24756
1581013182393,997.2429
1581013182433,997.2429
1581013182473,997.23755
1581013182513,997.23193
1581013182552,997.2344
1581013182593,997.24
1581013182633,997.24585
1581013182673,997.2549
1581013182713,997.25146
1581013182752,997.2429
1581013182793,997.2427
1581013182832,997.249
1581013182874,997.2512
1581013182914,997.2461
1581013182953,997.2561
1581013182992,997.25854
1581013183034,997.2678
1581013183073,997.2715
1581013183114,997.2705
1581013183153,997.27637
1581013183193,997.2666
1581013183234,997.25415
1581013183278,997.249
1581013183313,997.23975
1581013183353,997.2412
1581013183393,997.2361
1581013183434,997.24927
1581013183473,997.2517
1581013183512,997.2617
1581013183554,997.2571
1581013183593,997.2566
1581013183633,997.2571
1581013183672,997.2488
1581013183714,997.2615
1581013183756,997.261
1581013183793,997.2666
1581013183832,997.2522
1581013183873,997.2505
1581013183912,997.24756
1581013183953,997.2654
1581013183992,997.2615
1581013184033,997.2656
1581013184073,997.25854
1581013184113,997.2583
1581013184153,997.25757
1581013184193,997.2527
1581013184233,997.2556
1581013184272,997.2554
1581013184319,997.25635
1581013184352,997.24976
1581013184393,997.24634
1581013184432,997.2456
1581013184472,997.239
1581013184512,997.2385
1581013184552,997.2471
1581013184592,997.2461
1581013184634,997.2473
1581013184672,997.2449
1581013184712,997.2344
1581013184753,997.24023
1581013184793,997.2412
1581013184833,997.24585
1581013184874,997.24316
1581013184913,997.2488
1581013184952,997.2407
1581013184993,997.24023
1581013185070,997.24243
1581013185073,997.2385
1581013185112,997.24854
1581013185152,997.2466
1581013185192,997.2456
1581013185232,997.2471
1581013185272,997.24976
1581013185356,997.2544
1581013185395,997.2473
1581013185436,997.2439
1581013185475,997.2446
1581013185515,997.24634
1581013185555,997.25195
1581013185597,997.23755
1581013185636,997.2273
1581013185676,997.22437
1581013185716,997.23706
1581013185756,997.24097
1581013185796,997.2429
1581013185836,997.24194
1581013185875,997.23804
1581013185915,997.2312
1581013185957,997.24146
1581013185998,997.2373
1581013186037,997.2473
1581013186076,997.25464
1581013186116,997.2615
1581013186155,997.2605
1581013186197,997.2488
1581013186236,997.25977
1581013186275,997.26416
1581013186315,997.2612
1581013186355,997.25854
1581013186396,997.25854
1581013186436,997.25684
1581013186476,997.25464
1581013186516,997.2566
1581013186556,997.24976
1581013186596,997.24414
1581013186636,997.2383
1581013186675,997.2468
1581013186717,997.24854
1581013186756,997.2449
1581013186796,997.2456
1581013186836,997.2456
1581013186877,997.2466
1581013186917,997.2456
1581013186956,997.2444
1581013186995,997.2478
1581013187036,997.2468
1581013187075,997.24976
1581013187117,997.2451
1581013187157,997.2461
1581013187196,997.2373
1581013187237,997.24365
1581013187276,997.2346
1581013187316,997.2407
1581013187355,997.2351
1581013187396,997.23096
1581013187437,997.2273
1581013187477,997.22266
1581013187516,997.2258
1581013187557,997.2351
1581013187595,997.2317
1581013187636,997.23096
1581013187676,997.22363
1581013187716,997.22754
1581013187755,997.23584
1581013187796,997.249
1581013187835,997.25586
1581013187875,997.24414
1581013187917,997.24854
1581013187955,997.2468
1581013187996,997.2532
1581013188036,997.2656
1581013188076,997.2573
1581013188115,997.2595
1581013188156,997.2554
1581013188198,997.2471
1581013188236,997.2478
1581013188322,997.2429
1581013188322,997.24243
1581013188366,997.2285
1581013188396,997.22754
1581013188435,997.2261
1581013188476,997.23413
1581013188515,997.2385
1581013188555,997.2429
1581013188596,997.23804
1581013188636,997.24536
1581013188677,997.24805
1581013188716,997.2522
1581013188756,997.2505
1581013188797,997.26074
1581013188837,997.2661
1581013188876,997.25464
1581013188917,997.24365
1581013188955,997.2344
1581013188997,997.2356
1581013189035,997.23193
1581013189076,997.2317
1581013189119,997.2346
1581013189157,997.23535
1581013189196,997.2395
1581013189236,997.23193
1581013189276,997.23804
1581013189315,997.24414
1581013189356,997.2471
1581013189396,997.25903
1581013189436,997.2534
1581013189476,997.24365
1581013189517,997.2439
1581013189555,997.2449
1581013189597,997.24243
1581013189636,997.2405
1581013189676,997.2383
1581013189716,997.2356
1581013189756,997.2395
1581013189795,997.22876
1581013189836,997.2339
1581013189878,997.24023
1581013189915,997.2427
1581013189956,997.2451
1581013189995,997.24854
1581013190036,997.25146
1581013190075,997.2544
1581013190116,997.2617
1581013190156,997.26
1581013190197,997.2573
1581013190235,997.2527
1581013190277,997.2605
1581013190315,997.271
1581013190356,997.2605
1581013190397,997.2759
1581013190435,997.26733
1581013190480,997.25806
1581013190515,997.249
1581013190555,997.2456
1581013190595,997.2495
1581013190636,997.24146
1581013190676,997.2407
1581013190716,997.2456
1581013190757,997.2422
1581013190796,997.25195
1581013190836,997.2434
1581013190876,997.25024
1581013190915,997.2512
1581013190956,997.2593
1581013190996,997.2512
1581013191036,997.249
1581013191075,997.2473
1581013191116,997.24146
1581013191155,997.2483
1581013191196,997.2505
1581013191238,997.2529
1581013191276,997.2488
1581013191316,997.2551
1581013191355,997.24756
1581013191397,997.2417
1581013191436,997.23755
1581013191476,997.23315
1581013191516,997.24585
1581013191557,997.24414
1581013191596,997.2478
1581013191636,997.24756
1581013191675,997.24316
1581013191717,997.2434
1581013191756,997.2468
1581013191795,997.2422
1581013191835,997.2361
1581013191876,997.24146
1581013191915,997.24
1581013191955,997.2329
1581013191997,997.2324
1581013192037,997.24146
1581013192076,997.2429
1581013192115,997.25195
1581013192155,997.2517
1581013192195,997.2534
1581013192236,997.25366
1581013192275,997.2544
1581013192316,997.24194
1581013192356,997.2427
1581013192396,997.2505
1581013192435,997.2529
1581013192476,997.2512
1581013192515,997.25684
1581013192556,997.2566
1581013192595,997.2512
1581013192636,997.25244
1581013192675,997.2446
1581013192715,997.24
1581013192756,997.2412
1581013192797,997.24097
1581013192836,997.2461
1581013192877,997.2405
1581013192915,997.2434
1581013192956,997.2395
1581013192996,997.2312
1581013193037,997.22974
1581013193076,997.22534
1581013193115,997.23267
1581013193156,997.2405
1581013193195,997.2451
1581013193236,997.2471
1581013193276,997.24536
1581013193315,997.25146
1581013193355,997.2554
1581013193396,997.25024
1581013193437,997.2488
1581013193477,997.2505
1581013193515,997.2468
1581013193557,997.2473
1581013193599,997.2471
1581013193637,997.2451
1581013193676,997.2488
1581013193718,997.2383
1581013193756,997.2334
1581013193796,997.2405
1581013193837,997.23975
1581013193875,997.23193
1581013193917,997.2312
1581013193955,997.23364
1581013193995,997.2407
1581013194036,997.2356
1581013194076,997.23364
1581013194116,997.2258
1581013194155,997.23047
1581013194198,997.2461
1581013194235,997.2295
1581013194277,997.2351
1581013194316,997.23535
1581013194356,997.24097
1581013194395,997.24243
1581013194435,997.2444
1581013194475,997.24634
1581013194516,997.24365
1581013194555,997.24854
1581013194596,997.2356
1581013194635,997.24
1581013194676,997.2356
1581013194716,997.2478
1581013194755,997.2483
1581013194796,997.24927
1581013194836,997.2466
1581013194877,997.2495
1581013194915,997.24805
1581013194956,997.24243
1581013194996,997.2434
1581013195037,997.2383
1581013195075,997.24194
1581013195116,997.2444
1581013195155,997.24243
1581013195197,997.24316
1581013195236,997.2373
1581013195276,997.2368
1581013195316,997.2395
1581013195355,997.24927
1581013195395,997.2471
1581013195436,997.24
1581013195475,997.24365
1581013195516,997.2434
1581013195557,997.2339
1581013195596,997.23096
1581013195637,997.2368
1581013195675,997.2383
1581013195716,997.2356
1581013195756,997.2378
1581013195796,997.2405
1581013195836,997.2422
1581013195876,997.2468
1581013195915,997.2517
1581013195956,997.2495
1581013195995,997.2495
1581013196036,997.2405
1581013196076,997.2439
1581013196116,997.23413
1581013196156,997.23535
1581013196195,997.2451
1581013196236,997.2461
1581013196276,997.24
1581013196317,997.23535
1581013196357,997.2383
1581013196396,997.2363
1581013196436,997.2224
1581013196478,997.2361
1581013196516,997.2317
1581013196556,997.2405
1581013196596,997.2363
1581013196636,997.2356
1581013196675,997.2429
1581013196716,997.2434
1581013196755,997.2407
1581013196797,997.2344
1581013196836,997.2324
1581013196878,997.2295
1581013196917,997.2312
1581013196955,997.21875
1581013196997,997.21045
1581013197036,997.21924
1581013197076,997.2217
1581013197115,997.2224
1581013197156,997.22314
1581013197195,997.2378
1581013197236,997.23413
1581013197275,997.2312
1581013197317,997.2302
1581013197355,997.2258
1581013197398,997.2302
1581013197435,997.22217
1581013197475,997.22485
1581013197515,997.2283
1581013197555,997.2307
1581013197597,997.228
1581013197639,997.2263
1581013197676,997.23193
1581013197716,997.24023
1581013197757,997.2478
1581013197796,997.2522
1581013197838,997.2529
1581013197876,997.2473
1581013197917,997.2451
1581013197955,997.24023
1581013197997,997.23584
1581013198036,997.2258
1581013198076,997.2251
1581013198115,997.23
1581013198155,997.2356
1581013198196,997.23706
1581013198235,997.2256
1581013198276,997.23364
1581013198316,997.2368
1581013198356,997.24536
1581013198395,997.23584
1581013198436,997.23706
1581013198476,997.2407
1581013198517,997.24585
1581013198556,997.24927
1581013198598,997.24243
1581013198635,997.24927
1581013198677,997.24927
1581013198716,997.2405
1581013198756,997.23584
1581013198795,997.2373
1581013198838,997.23193
1581013198875,997.2312
1581013198917,997.2295
1581013198957,997.2241
1581013198996,997.2212
1581013199036,997.21826
1581013199076,997.2178
1581013199116,997.22363
1581013199155,997.2234
1581013199197,997.2219
1581013199236,997.2256
1581013199277,997.229
1581013199315,997.22485
1581013199356,997.2334
1581013199395,997.239
1581013199438,997.2407
1581013199475,997.2383
1581013199516,997.239
1581013199555,997.2339
1581013199596,997.2446
1581013199636,997.2517
1581013199675,997.24023
1581013199716,997.2373
1581013199756,997.2312
1581013199796,997.22974
1581013199835,997.22437
1581013199878,997.21216
1581013199916,997.2102
1581013199956,997.2107
1581013199995,997.2092
1581013200035,997.2163
1581013200076,997.2114
1581013200115,997.2202
1581013200155,997.2239
1581013200195,997.2258
1581013200235,997.22363
1581013200275,997.2207
1581013200315,997.21704
1581013200355,997.22217
1581013200395,997.22485
1581013200435,997.2334
1581013200475,997.2449
1581013200515,997.24927
1581013200556,997.2539
1581013200595,997.2593
1581013200635,997.25415
1581013200675,997.25366
1581013200715,997.25244
1581013200755,997.24805
1581013200796,997.25195
1581013200835,997.2505
1581013200875,997.2488
1581013200915,997.2583
1581013200955,997.26025
1581013200995,997.26416
1581013201035,997.25635
1581013201075,997.2678
1581013201115,997.27124
1581013201156,997.2615
1581013201195,997.2573
1581013201236,997.2483
1581013201276,997.25806
1581013201316,997.2634
1581013201357,997.26025
1581013201396,997.26953
1581013201435,997.2593
1581013201476,997.26587
1581013201516,997.2666
1581013201557,997.26294
1581013201595,997.26733
1581013201637,997.26294
1581013201675,997.2717
1581013201716,997.2698
1581013201756,997.2754
1581013201795,997.2649
1581013201837,997.2573
1581013201876,997.2578
1581013201915,997.26
1581013201955,997.2588
