1457008728845,995.253
1457008728875,995.253
1457008728904,995.253
1457008728934,995.253
1457008728965,995.253
1457008728992,995.253
1457008729022,995.253
1457008729081,995.253
1457008729111,995.253
1457008729140,995.253
1457008729171,995.253
1457008729200,995.253
1457008729229,995.253
1457008729259,995.253
1457008729289,995.2434
1457008729348,995.243
1457008729378,995.243
1457008729407,995.243
1457008729437,995.24786
1457008729471,995.253
1457008729496,995.253
1457008729526,995.253
1457008729585,995.253
1457008729615,995.253
1457008729644,995.253
1457008729674,995.253
1457008729704,995.253
1457008729733,995.253
1457008729763,995.2448
1457008729792,995.243
1457008729852,995.253
1457008729881,995.253
1457008729911,995.253
1457008729941,995.2578
1457008729970,995.263
1457008730000,995.263
1457008730029,995.263
1457008730089,995.263
1457008730118,995.263
1457008730148,995.2658
1457008730178,995.27295
1457008730207,995.27295
1457008730237,995.27295
1457008730266,995.27295
1457008730296,995.27295
1457008730376,995.27295
1457008730388,995.27295
1457008730415,995.27295
1457008730444,995.27295
1457008730474,995.27295
1457008730504,995.27295
1457008730535,995.27295
1457008730594,995.27295
1457008730622,995.27295
1457008730654,995.27295
1457008730682,995.27295
1457008730712,995.27295
1457008730740,995.27295
1457008730771,995.27295
1457008730800,995.27295
1457008730859,995.27295
1457008730889,995.27295
1457008730919,995.2764
1457008730948,995.28296
1457008730977,995.28296
1457008731007,995.2904
1457008731037,995.29297
1457008731102,995.28296
1457008731126,995.2844
1457008731155,995.29297
1457008731185,995.29297
1457008731215,995.29297
1457008731244,995.29297
1457008731274,995.29297
1457008731303,995.29297
1457008731370,995.29297
1457008731474,995.29297
1457008731474,995.29297
1457008731474,995.29297
1457008731481,995.29297
1457008731512,995.30035
1457008731540,995.303
1457008731599,995.303
1457008731629,995.303
1457008731661,995.303
1457008731689,995.303
1457008731719,995.303
1457008731747,995.303
1457008731777,995.303
1457008731807,995.303
1457008731866,995.313
1457008731896,995.313
1457008731932,995.313
1457008731957,995.313
1457008731986,995.319
1457008732016,995.32294
1457008732049,995.32294
1457008732106,995.32294
1457008732140,995.32294
1457008732168,995.32294
1457008732195,995.32697
1457008732229,995.33295
1457008732257,995.33295
1457008732286,995.33295
1457008732312,995.33295
1457008732382,995.33295
1457008732423,995.33295
1457008732429,995.3363
1457008732461,995.34296
1457008732489,995.34296
1457008732526,995.34296
1457008732548,995.34296
1457008732577,995.34296
1457008732636,995.34424
1457008732668,995.3529
1457008732698,995.3529
1457008732736,995.3529
1457008732756,995.3529
1457008732785,995.3529
1457008732816,995.3529
1457008732874,995.3629
1457008732905,995.3629
1457008732934,995.3629
1457008732963,995.3629
1457008732993,995.3629
1457008733022,995.3629
1457008733052,995.3629
1457008733083,995.3629
1457008733141,995.3729
1457008733170,995.3729
1457008733199,995.3729
1457008733236,995.3782
1457008733259,995.38293
1457008733290,995.38293
1457008733320,995.38293
1457008733378,995.38293
1457008733409,995.38293
1457008733442,995.38617
1457008733468,995.39294
1457008733504,995.39294
1457008733528,995.39294
1457008733558,995.4015
1457008733597,995.4029
1457008733651,995.4029
1457008733681,995.40546
1457008733706,995.4129
1457008733740,995.4129
1457008733769,995.4129
1457008733798,995.4129
1457008733823,995.4221
1457008733883,995.4229
1457008733912,995.4229
1457008733985,995.4229
1457008733986,995.4229
1457008734012,995.4229
1457008734029,995.4302
1457008734059,995.43286
1457008734088,995.43286
1457008734147,995.43414
1457008734178,995.4429
1457008734207,995.4429
1457008734236,995.4429
1457008734266,995.4429
1457008734302,995.4429
1457008734328,995.4429
1457008734399,995.4429
1457008734427,995.4429
1457008734444,995.4429
1457008734474,995.4429
1457008734502,995.4429
1457008734532,995.45013
1457008734562,995.4529
1457008734596,995.4529
1457008734652,995.4529
1457008734683,995.4529
1457008734717,995.4529
1457008734740,995.4529
1457008734774,995.4529
1457008734806,995.46075
1457008734841,995.4629
1457008734890,995.4629
1457008734943,995.4629
1457008734958,995.4661
1457008734976,995.4729
1457008735006,995.4729
1457008735035,995.4729
1457008735066,995.4729
1457008735100,995.4729
1457008735155,995.4729
1457008735187,995.47546
1457008735216,995.48285
1457008735249,995.48285
1457008735275,995.48285
1457008735304,995.48285
1457008735339,995.48285
1457008735399,995.48346
1457008735429,995.49286
1457008735456,995.4961
1457008735482,995.50287
1457008735516,995.50287
1457008735542,995.50287
1457008735573,995.50287
1457008735600,995.50287
1457008735660,995.50415
1457008735690,995.5128
1457008735720,995.5128
1457008735768,995.5128
1457008735778,995.5195
1457008735806,995.5228
1457008735837,995.5228
1457008735895,995.5228
1457008735926,995.5248
1457008735956,995.53284
1457008735986,995.53284
1457008736036,995.53284
1457008736042,995.54016
1457008736073,995.54285
1457008736102,995.54285
1457008736163,995.54285
1457008736193,995.54285
1457008736223,995.54285
1457008736252,995.54816
1457008736279,995.55286
1457008736311,995.55286
1457008736339,995.55286
1457008736401,995.5628
1457008736430,995.5628
1457008736460,995.5628
1457008736495,995.5628
1457008736571,995.5688
1457008736572,995.5728
1457008736580,995.5728
1457008736606,995.5728
1457008736666,995.5728
1457008736695,995.57544
1457008736726,995.5828
1457008736753,995.5828
1457008736785,995.5828
1457008736813,995.5828
1457008736844,995.5828
1457008736901,995.5828
1457008736931,995.5828
1457008736961,995.5861
1457008736990,995.5928
1457008737020,995.59875
1457008737049,995.6028
1457008737079,995.6028
1457008737109,995.6028
1457008737168,995.6041
1457008737198,995.6128
1457008737227,995.6128
1457008737257,995.6128
1457008737286,995.6128
1457008737316,995.6128
1457008737346,995.6221
1457008737405,995.6228
1457008737435,995.62476
1457008737464,995.6328
1457008737494,995.6328
1457008737524,995.6328
1457008737553,995.6328
1457008737583,995.6328
1457008737612,995.6328
1457008737671,995.6328
1457008737701,995.63544
1457008737731,995.64276
1457008737760,995.64276
1457008737790,995.64276
1457008737820,995.64276
1457008737849,995.64276
1457008737909,995.6628
1457008737938,995.6628
1457008737968,995.6628
1457008737997,995.6628
1457008738030,995.6628
1457008738057,995.6628
1457008738087,995.6628
1457008738116,995.6628
1457008738175,995.6727
1457008738205,995.6754
1457008738234,995.68274
1457008738264,995.68274
1457008738294,995.68274
1457008738323,995.68274
1457008738353,995.68274
1457008738412,995.68274
1457008738442,995.68274
1457008738471,995.68274
1457008738501,995.68274
1457008738530,995.68274
1457008738560,995.68274
1457008738590,995.68274
1457008738649,995.69275
1457008738679,995.69275
1457008738708,995.69275
1457008738738,995.69275
1457008738768,995.69275
1457008738797,995.6994
1457008738827,995.70276
1457008738856,995.70276
1457008738915,995.70276
1457008738945,995.7047
1457008738986,995.71277
1457008739004,995.71277
1457008739035,995.71277
1457008739064,995.7201
1457008739094,995.7227
1457008739153,995.7227
1457008739182,995.7227
1457008739212,995.7254
1457008739241,995.7327
1457008739271,995.7327
1457008739301,995.7327
1457008739330,995.7327
1457008739360,995.7327
1457008739419,995.7327
1457008739449,995.73474
1457008739478,995.74274
1457008739508,995.74274
1457008739537,995.74274
1457008739567,995.74274
1457008739598,995.74274
1457008739627,995.74274
1457008739686,995.7527
1457008739715,995.7527
1457008739745,995.7527
1457008739774,995.7527
1457008739804,995.7527
1457008739834,995.7527
1457008739863,995.7527
1457008739945,995.75336
1457008739957,995.7627
1457008739983,995.7627
1457008740017,995.7627
1457008740041,995.7687
1457008740070,995.7727
1457008740106,995.7727
1457008740135,995.7827
1457008740201,995.7827
1457008740219,995.7827
1457008740250,995.7827
1457008740279,995.7827
1457008740316,995.7893
1457008740340,995.7927
1457008740369,995.7927
1457008740429,995.7927
1457008740459,995.7927
1457008740497,995.7927
1457008740517,995.79736
1457008740557,995.8027
1457008740580,995.8027
1457008740607,995.8027
1457008740636,995.8027
1457008740696,995.804
1457008740729,995.8127
1457008740757,995.8127
1457008740790,995.8127
1457008740819,995.8127
1457008740848,995.8127
1457008740877,995.8127
1457008740937,995.8227
1457008740962,995.8227
1457008740992,995.8227
1457008741021,995.8227
1457008741062,995.8287
1457008741080,995.83264
1457008741109,995.83264
1457008741170,995.83264
1457008741201,995.83264
1457008741231,995.8353
1457008741261,995.84265
1457008741285,995.84265
1457008741316,995.84265
1457008741346,995.84265
1457008741379,995.84265
1457008741444,995.84265
1457008741470,995.84265
1457008741498,995.846
1457008741527,995.85266
1457008741571,995.85266
1457008741593,995.85266
1457008741614,995.85266
1457008741677,995.85266
1457008741708,995.854
1457008741734,995.8627
1457008741765,995.8667
1457008741819,995.8727
1457008741820,995.8727
1457008741850,995.8727
1457008741878,995.8727
1457008741939,995.8727
1457008741968,995.8727
1457008741997,995.8727
1457008742026,995.8727
1457008742058,995.8727
1457008742085,995.88
1457008742116,995.8826
1457008742179,995.8826
1457008742210,995.8826
1457008742236,995.8826
1457008742268,995.8826
1457008742295,995.888
1457008742330,995.89264
1457008742359,995.9007
1457008742388,995.90265
1457008742443,995.90265
1457008742472,995.90466
1457008742508,995.9126
1457008742531,995.9126
1457008742596,995.9126
1457008742598,995.9126
1457008742618,995.9126
1457008742677,995.9127
1457008742709,995.9226
1457008742739,995.9226
1457008742768,995.9226
1457008742801,995.9226
1457008742832,995.9226
1457008742856,995.9226
1457008742887,995.932
1457008742952,995.9326
1457008742976,995.9326
1457008743008,995.9326
1457008743035,995.9326
1457008743079,995.9387
1457008743098,995.9426
1457008743127,995.9426
1457008743184,995.9426
1457008743218,995.94403
1457008743242,995.95264
1457008743282,995.95264
1457008743305,995.95264
1457008743335,995.95935
1457008743362,995.9626
1457008743391,995.9626
1457008743450,995.9626
1457008743483,995.9647
1457008743510,995.9726
1457008743538,995.9726
1457008743583,995.9726
1457008743607,995.9726
1457008743628,995.9726
1457008743690,995.9826
1457008743717,995.9826
1457008743751,995.9826
1457008743776,995.9826
1457008743810,995.98804
1457008743839,995.99255
1457008743868,995.99255
1457008743897,995.99255
1457008743958,995.99255
1457008744006,995.9947
1457008744011,996.00256
1457008744039,996.00256
1457008744069,996.00256
1457008744099,996.00256
1457008744128,996.00256
1457008744188,996.00256
1457008744217,996.00256
1457008744247,996.00256
1457008744277,996.00256
1457008744308,996.008
1457008744340,996.0126
1457008744371,996.0126
1457008744400,996.0126
1457008744457,996.0133
1457008744490,996.0226
1457008744520,996.0226
1457008744545,996.0226
1457008744581,996.0287
1457008744607,996.0326
1457008744632,996.0326
1457008744698,996.0326
1457008744721,996.0326
1457008744751,996.0326
1457008744780,996.0326
1457008744810,996.0326
1457008744841,996.0393
1457008744871,996.04254
1457008744900,996.04254
1457008744963,996.04254
1457008744990,996.04254
1457008745019,996.04254
1457008745049,996.0473
1457008745108,996.05255
1457008745109,996.05255
1457008745138,996.05255
1457008745197,996.06256
1457008745227,996.06256
1457008745262,996.06256
1457008745290,996.06256
1457008745316,996.06256
1457008745349,996.06256
1457008745380,996.06256
1457008745408,996.06256
1457008745469,996.0725
1457008745493,996.07465
1457008745528,996.0825
1457008745553,996.0825
1457008745597,996.0825
1457008745617,996.0825
1457008745641,996.0825
1457008745705,996.08264
1457008745730,996.0925
1457008745759,996.0925
1457008745794,996.0925
1457008745819,996.0925
1457008745849,996.0925
1457008745879,996.0925
1457008745912,996.1019
1457008745970,996.10254
1457008745997,996.10254
1457008746032,996.10254
1457008746056,996.10254
1457008746089,996.10864
1457008746116,996.11255
1457008746143,996.1213
1457008746207,996.1225
1457008746234,996.1225
1457008746266,996.1225
1457008746291,996.1225
1457008746320,996.1225
1457008746352,996.1293
1457008746379,996.1325
1457008746409,996.1325
1457008746469,996.1333
1457008746498,996.1425
1457008746528,996.1425
1457008746559,996.1425
1457008746598,996.1425
1457008746616,996.1499
1457008746646,996.15247
1457008746706,996.15247
1457008746735,996.15393
1457008746769,996.1625
1457008746800,996.1625
1457008746829,996.1625
1457008746860,996.1625
1457008746886,996.1625
1457008746915,996.1625
1457008746973,996.1625
1457008747005,996.1646
1457008747042,996.1725
1457008747063,996.1725
1457008747103,996.1725
1457008747123,996.1725
1457008747156,996.1813
1457008747212,996.1825
1457008747246,996.1825
1457008747274,996.1825
1457008747301,996.1825
1457008747331,996.1825
1457008747360,996.1825
1457008747394,996.19055
1457008747423,996.1925
1457008747478,996.1925
1457008747507,996.1925
1457008747541,996.19586
1457008747576,996.20245
1457008747608,996.20245
1457008747628,996.20245
1457008747653,996.2112
1457008747712,996.21246
1457008747742,996.21246
1457008747772,996.21246
1457008747802,996.21655
1457008747831,996.2225
1457008747862,996.2225
1457008747892,996.2225
1457008747926,996.2225
1457008747981,996.22314
1457008748011,996.2324
1457008748044,996.2324
1457008748070,996.2324
1457008748120,996.2324
1457008748133,996.2324
1457008748160,996.2324
1457008748252,996.24243
1457008748253,996.24243
1457008748276,996.24243
1457008748307,996.24243
1457008748337,996.24243
1457008748367,996.24243
1457008748396,996.2505
1457008748423,996.25244
1457008748486,996.25244
1457008748520,996.25244
1457008748545,996.25244
1457008748574,996.25244
1457008748669,996.25244
1457008748670,996.25244
1457008748670,996.25244
1457008748720,996.25244
1457008748749,996.25244
1457008748782,996.25244
1457008748813,996.25244
1457008748838,996.2578
1457008748869,996.26245
1457008748898,996.26245
1457008748932,996.26245
1457008749038,996.26245
1457008749038,996.26245
1457008749048,996.2658
1457008749076,996.27246
1457008749106,996.26636
1457008749134,996.26245
1457008749164,996.26245
1457008749225,996.26245
1457008749255,996.27246
1457008749290,996.27246
1457008749314,996.27246
1457008749344,996.27246
1457008749373,996.27246
1457008749403,996.27246
1457008749438,996.27246
1457008749495,996.27246
1457008749523,996.27246
1457008749552,996.27246
1457008749584,996.27246
1457008749621,996.27246
1457008749646,996.27246
1457008749667,996.27246
1457008749727,996.2824
1457008749756,996.2824
1457008749786,996.2824
1457008749816,996.2824
1457008749846,996.2824
1457008749881,996.2824
1457008749907,996.2824
1457008749941,996.2824
1457008749996,996.2824
1457008750030,996.2824
1457008750058,996.2824
1457008750085,996.2824
1457008750129,996.2824
1457008750151,996.2824
1457008750171,996.2824
1457008750235,996.2824
1457008750265,996.2824
1457008750290,996.28516
1457008750324,996.2924
1457008750353,996.2924
1457008750381,996.2924
1457008750414,996.2924
1457008750439,996.2924
1457008750504,996.2924
1457008750529,996.2924
1457008750558,996.29584
1457008750589,996.3024
1457008750633,996.3024
1457008750659,996.3024
1457008750677,996.3024
1457008750736,996.3024
1457008750765,996.3024
1457008750795,996.3024
1457008750830,996.29834
1457008750865,996.2924
1457008750931,996.2924
1457008750931,996.2924
1457008750941,996.2924
1457008751004,996.2924
1457008751032,996.2924
1457008751062,996.2924
1457008751090,996.2924
1457008751120,996.2924
1457008751149,996.2924
1457008751188,996.2924
1457008751239,996.2924
1457008751269,996.2924
1457008751299,996.2924
1457008751329,996.2924
1457008751357,996.2924
1457008751392,996.2924
1457008751421,996.2924
1457008751452,996.2924
1457008751507,996.2924
1457008751540,996.2945
1457008751566,996.3024
1457008751595,996.3024
1457008751635,996.3024
1457008751652,996.3024
1457008751681,996.3024
1457008751743,996.3024
1457008751770,996.3024
1457008751805,996.3024
1457008751835,996.3024
1457008751862,996.3024
1457008751892,996.3024
1457008751925,996.3024
1457008751956,996.3024
1457008752009,996.30316
1457008752039,996.3124
1457008752068,996.3124
1457008752098,996.3124
1457008752160,996.3124
1457008752160,996.3124
1457008752185,996.3124
1457008752245,996.3124
1457008752274,996.3124
1457008752303,996.3124
1457008752336,996.3124
1457008752365,996.3124
1457008752397,996.3124
1457008752425,996.3124
1457008752460,996.3124
1457008752518,996.31165
1457008752547,996.3024
1457008752576,996.30585
1457008752603,996.3124
1457008752669,996.3124
1457008752669,996.3124
1457008752689,996.3124
1457008752749,996.3124
1457008752778,996.3124
1457008752809,996.3124
1457008752837,996.3124
1457008752867,996.3124
1457008752898,996.3124
1457008752929,996.3124
1457008752957,996.3124
1457008753019,996.3124
1457008753047,996.3124
1457008753077,996.3124
1457008753106,996.3124
1457008753167,996.3124
1457008753167,996.3124
1457008753192,996.3124
1457008753252,996.3124
1457008753283,996.3124
1457008753311,996.3124
1457008753341,996.3124
1457008753370,996.3124
1457008753399,996.3124
1457008753429,996.3124
1457008753459,996.3124
1457008753521,996.3124
1457008753549,996.3124
1457008753580,996.3158
1457008753609,996.3224
1457008753647,996.3224
1457008753666,996.3224
1457008753696,996.3224
1457008753755,996.3224
1457008753785,996.3224
1457008753815,996.3224
1457008753845,996.3224
1457008753880,996.3224
1457008753905,996.3224
1457008753980,996.3224
1457008753981,996.3224
1457008754021,996.3231
1457008754052,996.3324
1457008754083,996.3324
1457008754111,996.3324
1457008754140,996.3324
1457008754169,996.325
1457008754201,996.3224
1457008754260,996.3224
1457008754291,996.3224
1457008754321,996.3224
1457008754351,996.3224
1457008754380,996.3224
1457008754409,996.3291
1457008754439,996.3324
1457008754473,996.3324
1457008754527,996.3224
1457008754560,996.32446
1457008754587,996.3324
1457008754616,996.32764
1457008754664,996.3224
1457008754676,996.3224
1457008754703,996.3224
1457008754762,996.3224
1457008754793,996.3224
1457008754822,996.3224
1457008754851,996.3224
1457008754881,996.3224
1457008754912,996.3224
1457008754943,996.3224
1457008754971,996.3224
1457008755035,996.3224
1457008755061,996.3224
1457008755090,996.3224
1457008755120,996.3224
1457008755155,996.3284
1457008755178,996.3324
1457008755207,996.3324
1457008755267,996.33234
1457008755295,996.3224
1457008755325,996.3251
1457008755355,996.3324
1457008755385,996.3324
1457008755420,996.3257
1457008755445,996.3224
1457008755475,996.3224
1457008755535,996.3231
1457008755569,996.3324
1457008755594,996.3324
1457008755624,996.3324
1457008755672,996.3324
1457008755680,996.3324
1457008755710,996.3324
1457008755769,996.3224
1457008755799,996.3238
1457008755829,996.3324
1457008755859,996.3324
1457008755889,996.3324
1457008755919,996.3324
1457008755949,996.3324
1457008755979,996.3324
1457008756038,996.3324
1457008756068,996.3324
1457008756098,996.3324
1457008756131,996.3324
1457008756187,996.3324
1457008756189,996.3324
1457008756217,996.3324
1457008756284,996.3324
1457008756305,996.3324
1457008756335,996.3324
1457008756365,996.3324
1457008756396,996.3324
1457008756424,996.3324
1457008756453,996.3324
1457008756486,996.3324
1457008756541,996.3324
1457008756571,996.3324
1457008756601,996.3324
1457008756631,996.3324
1457008756693,996.3324
1457008756694,996.3324
1457008756720,996.3324
1457008756776,996.3324
1457008756806,996.3324
1457008756836,996.3324
1457008756865,996.3324
1457008756896,996.3324
1457008756928,996.3324
1457008756955,996.3324
1457008756990,996.3324
1457008757046,996.3324
1457008757079,996.3324
1457008757104,996.329
1457008757134,996.3224
1457008757161,996.3224
1457008757191,996.3224
1457008757221,996.3224
1457008757280,996.3324
1457008757309,996.3324
1457008757339,996.3324
1457008757369,996.3324
1457008757398,996.3324
1457008757428,996.3324
1457008757458,996.3324
1457008757487,996.3324
1457008757546,996.3324
1457008757576,996.3324
1457008757606,996.3324
1457008757635,996.3324
1457008757665,996.3324
1457008757694,996.3324
1457008757724,996.3324
1457008757784,996.3324
1457008757814,996.3324
1457008757843,996.3324
1457008757872,996.3324
1457008757902,996.3324
1457008757932,996.3324
1457008757961,996.3324
1457008757991,996.3324
1457008758051,996.3324
1457008758080,996.3324
1457008758109,996.3324
1457008758139,996.3324
1457008758169,996.3324
1457008758198,996.3324
1457008758228,996.3324
1457008758287,996.3324
1457008758317,996.3324
1457008758346,996.3324
1457008758376,996.3324
1457008758406,996.3324
1457008758435,996.3324
1457008758465,996.3324
1457008758495,996.3324
1457008758554,996.3324
1457008758583,996.3324
1457008758612,996.3324
1457008758643,996.3324
1457008758672,996.3324
1457008758701,996.3324
1457008758731,996.3324
1457008758761,996.3324
