1457007238517,994.99316
1457007238547,994.99316
1457007238577,994.99316
1457007238637,994.99316
1457007238666,994.99316
1457007238696,994.99316
1457007238726,994.99316
1457007238757,994.98773
1457007238785,994.98315
1457007238815,994.98315
1457007238845,994.98315
1457007238904,994.98364
1457007238934,994.99316
1457007238964,994.99005
1457007238994,994.98315
1457007239023,994.98315
1457007239053,994.98315
1457007239083,994.98315
1457007239113,994.98315
1457007239172,994.98315
1457007239202,994.98315
1457007239234,994.98315
1457007239261,994.98315
1457007239291,994.98315
1457007239321,994.98315
1457007239352,994.98315
1457007239381,994.98315
1457007239440,994.98315
1457007239471,994.98315
1457007239499,994.9867
1457007239529,994.99316
1457007239559,994.98694
1457007239589,994.98315
1457007239618,994.9918
1457007239678,994.99316
1457007239708,994.99316
1457007239738,994.99316
1457007239767,994.99316
1457007239797,994.99316
1457007239827,994.99316
1457007239856,994.99316
1457007239886,994.99316
1457007239946,994.99316
1457007239976,994.99316
1457007240007,994.99316
1457007240045,994.99316
1457007240084,994.99316
1457007240096,994.99316
1457007240123,994.99316
1457007240154,994.99316
1457007240214,994.99316
1457007240245,994.99316
1457007240273,994.99316
1457007240304,994.99316
1457007240332,994.99316
1457007240364,994.99316
1457007240392,995.00134
1457007240442,995.0031
1457007240484,995.0031
1457007240514,995.0031
1457007240543,994.9998
1457007240570,994.99316
1457007240600,994.99316
1457007240630,994.99316
1457007240660,994.99316
1457007240689,994.99316
1457007240749,994.98315
1457007240780,994.9854
1457007240808,994.99316
1457007240839,994.99316
1457007241334,994.99316
1457007241364,994.99316
1457007241394,994.99316
1457007241454,994.99316
1457007241483,994.99316
1457007241513,994.99316
1457007241543,994.99316
1457007241573,994.9995
1457007241602,995.0031
1457007241632,995.0031
1457007241691,995.0033
1457007241721,995.0131
1457007241751,995.0131
1457007241781,995.0131
1457007241810,995.0131
1457007241840,995.0131
1457007241870,995.0131
1457007241900,995.0131
1457007241959,995.0136
1457007241989,995.02313
1457007242019,995.02313
1457007242073,995.02313
1457007242078,995.01746
1457007242108,995.0131
1457007242138,995.0131
1457007242167,995.0131
1457007242227,995.02313
1457007242257,995.02313
1457007242287,995.02313
1457007242316,995.02313
1457007242346,995.0172
1457007242376,995.0131
1457007242405,994.9709
1457007242435,994.96313
1457007242495,994.98315
1457007242525,994.9855
1457007242554,994.99316
1457007242584,994.99316
1457007242614,994.99927
1457007242643,995.0031
1457007242674,995.0031
1457007242733,995.0032
1457007242763,995.0131
1457007242792,995.0157
1457007242822,995.02313
1457007242852,995.03345
1457007242881,995.0431
1457007242911,995.0431
1457007242941,995.0521
1457007243000,995.05396
1457007243035,995.08307
1457007243060,995.0888
1457007243089,995.1031
1457007243119,995.1139
1457007243149,995.12305
1457007243179,995.10706
1457007243209,995.1031
1457007243268,995.1031
1457007243298,995.1031
1457007243327,995.1062
1457007243359,995.11304
1457007243387,995.08453
1457007243417,995.0631
1457007243447,995.03
1457007243476,995.02313
1457007243538,995.0031
1457007243568,995.0031
1457007243597,995.0031
1457007243632,995.0031
1457007243672,995.0031
1457007243687,995.0031
1457007243721,995.0031
1457007243745,995.0031
1457007243805,994.99316
1457007243836,994.9956
1457007243870,995.0031
1457007243897,995.0132
1457007243930,995.02313
1457007243954,995.02313
1457007243990,995.032
1457007244069,995.03326
1457007244072,995.0431
1457007244111,995.05133
1457007244131,995.0731
1457007244160,995.0837
1457007244194,995.0931
1457007244224,995.1088
1457007244254,995.11304
1457007244309,995.1122
1457007244339,995.0931
1457007244368,995.08704
1457007244398,995.0731
1457007244428,995.0842
1457007244458,995.0931
1457007244487,995.04407
1457007244517,995.0331
1457007244577,995.0131
1457007244606,995.0131
1457007244636,995.0032
1457007244666,994.98315
1457007244696,994.989
1457007244725,994.99316
1457007244755,994.99316
1457007244791,994.99316
1457007244846,994.99316
1457007244876,994.99316
1457007244906,994.99316
1457007244936,994.99316
1457007244971,994.99316
1457007244995,994.99316
1457007245028,995.0106
1457007245085,995.0132
1457007245119,995.0331
1457007245144,995.0331
1457007245179,995.0331
1457007245204,995.04865
1457007245236,995.0631
1457007245264,995.07855
1457007245296,995.08307
1457007245351,995.0834
1457007245385,995.0931
1457007245417,995.0873
1457007245441,995.0731
1457007245495,995.0676
1457007245499,995.0631
1457007245528,995.07916
1457007245558,995.08307
1457007245617,995.0331
1457007245647,995.0331
1457007245677,995.02356
1457007245707,995.0031
1457007245737,994.9974
1457007245766,994.99316
1457007245796,994.99316
1457007245826,994.99316
1457007245885,994.99316
1457007245926,994.99316
1457007245947,994.99316
1457007245982,994.99316
1457007246009,994.99316
1457007246055,994.99316
1457007246066,994.99316
1457007246096,994.99316
1457007246161,995.0031
1457007246185,995.00806
1457007246216,995.02313
1457007246249,995.0332
1457007246279,995.0431
1457007246305,995.05835
1457007246339,995.0631
1457007246393,995.0637
1457007246427,995.0931
1457007246458,995.0931
1457007246482,995.0931
1457007246516,995.077
1457007246541,995.0631
1457007246580,995.0631
1457007246602,995.0631
1457007246662,995.0431
1457007246690,995.0431
1457007246721,995.0431
1457007246750,995.0431
1457007246779,995.0205
1457007246813,995.0031
1457007246839,995.0031
1457007246870,995.0031
1457007246932,995.0031
1457007246959,995.0031
1457007246988,995.0031
1457007247018,995.0031
1457007247047,995.0031
1457007247078,995.0031
1457007247106,994.9946
1457007247136,994.99316
1457007247199,995.0031
1457007247227,995.00793
1457007247259,995.02313
1457007247286,995.02313
1457007247320,995.02313
1457007247350,995.02313
1457007247380,995.05835
1457007247438,995.0632
1457007247464,995.0731
1457007247494,995.0784
1457007247528,995.0931
1457007247558,995.0878
1457007247584,995.08307
1457007247613,995.06744
1457007247651,995.0631
1457007247702,995.0731
1457007247735,995.0731
1457007247761,995.0582
1457007247791,995.02313
1457007247824,995.0286
1457007247850,995.0331
1457007247880,995.0007
1457007247910,994.99316
1457007247970,994.99316
1457007248008,994.99316
1457007248062,994.99316
1457007248064,994.99316
1457007248087,994.99316
1457007248116,994.99316
1457007248145,994.99316
1457007248177,994.99316
1457007248235,994.99316
1457007248265,994.99536
1457007248301,995.0031
1457007248325,995.01276
1457007248359,995.02313
1457007248386,995.02313
1457007248421,995.02313
1457007248446,995.02313
1457007248505,995.0531
1457007248545,995.0556
1457007248565,995.0631
1457007248599,995.0682
1457007248627,995.0731
1457007248659,995.0654
1457007248688,995.0631
1457007248747,995.06287
1457007248772,995.0531
1457007248806,995.0559
1457007248832,995.0631
1457007248866,995.0361
1457007248895,995.0131
1457007248922,994.9972
1457007248950,994.99316
1457007249010,994.97314
1457007249041,994.975
1457007249075,994.98315
1457007249099,994.98315
1457007249129,994.98315
1457007249159,994.98315
1457007249190,994.98315
1457007249219,994.98315
1457007249278,994.98315
1457007249311,994.98315
1457007249341,994.98315
1457007249367,994.98315
1457007249397,994.98315
1457007249427,994.98315
1457007249459,995.00885
1457007249491,995.0131
1457007249546,995.02313
1457007249575,995.0304
1457007249606,995.0531
1457007249640,995.0581
1457007249669,995.0631
1457007249698,995.0631
1457007249724,995.0631
1457007249783,995.0629
1457007249817,995.0531
1457007249848,995.05035
1457007249878,995.0431
1457007249908,995.0484
1457007249932,995.0531
1457007249966,995.02155
1457007249997,995.0131
1457007250057,995.0031
1457007250081,995.0031
1457007250112,994.997
1457007250146,994.98315
1457007250175,994.9888
1457007250201,994.99316
1457007250235,994.99316
1457007250260,994.99316
1457007250320,994.99316
1457007250349,994.9911
1457007250378,994.98315
1457007250409,994.9878
1457007250438,994.99316
1457007250472,994.99316
1457007250497,994.99316
1457007250527,994.99316
1457007250587,995.0131
1457007250621,995.0155
1457007250651,995.02313
1457007250677,995.033
1457007250709,995.0431
1457007250736,995.05817
1457007250770,995.0631
1457007250829,995.06323
1457007250854,995.0731
1457007250889,995.0704
1457007250913,995.0631
1457007250949,995.05255
1457007250974,995.0431
1457007251008,995.0431
1457007251038,995.0431
1457007251096,995.02313
1457007251122,995.02313
1457007251151,995.01715
1457007251187,995.0031
1457007251211,994.99756
1457007251241,994.99316
1457007251271,994.99316
1457007251300,994.99316
1457007251361,994.99316
1457007251393,994.99316
1457007251419,994.99316
1457007251455,994.99316
1457007251478,994.99316
1457007251508,994.99316
1457007251543,995.0016
1457007251570,995.0031
1457007251627,995.0031
1457007251666,995.0054
1457007251686,995.0131
1457007251717,995.01794
1457007251752,995.02313
1457007251781,995.05286
1457007251807,995.0631
1457007251870,995.0631
1457007251895,995.0731
1457007251926,995.0757
1457007251960,995.08307
1457007251988,995.0779
1457007252019,995.0731
1457007252044,995.0653
1457007252079,995.0631
1457007252139,995.0731
1457007252166,995.0731
1457007252193,995.0586
1457007252226,995.02313
1457007252252,995.0122
1457007252282,995.0031
1457007252312,994.9951
1457007252341,994.99316
1457007252401,994.99316
1457007252431,994.99316
1457007252460,994.99316
1457007252491,994.99316
1457007252525,994.99316
1457007252550,994.99316
1457007252584,994.99316
1457007252608,994.99316
1457007252669,995.0031
1457007252704,995.0031
1457007252731,995.0031
1457007252758,995.0127
1457007252788,995.02313
1457007252821,995.02313
1457007252848,995.03174
1457007252880,995.0331
1457007252936,995.0531
1457007252966,995.0581
1457007253006,995.0731
1457007253059,995.0781
1457007253059,995.08307
1457007253084,995.06775
1457007253115,995.0631
1457007253174,995.06287
1457007253205,995.0531
1457007253232,995.0559
1457007253263,995.0631
1457007253293,995.0416
1457007253322,995.02313
1457007253352,995.01514
1457007253381,995.0131
1457007253447,994.99316
1457007253476,994.99316
1457007253501,994.99316
1457007253531,994.99316
1457007253561,994.9988
1457007253591,995.0031
1457007253625,994.9949
1457007253650,994.99316
1457007253715,995.0031
1457007253744,995.0031
1457007253769,995.0031
1457007253799,995.0078
1457007253834,995.0131
1457007253858,995.0131
1457007253889,995.02167
1457007253925,995.02313
1457007253981,995.0331
1457007254006,995.04034
1457007254037,995.0631
1457007254070,995.06805
1457007254096,995.0731
1457007254130,995.0882
1457007254155,995.0931
1457007254214,995.0929
1457007254246,995.08307
1457007254279,995.0803
1457007254304,995.0731
1457007254339,995.07837
1457007254363,995.08307
1457007254399,995.0439
1457007254423,995.0331
1457007254488,994.99316
1457007254518,994.99316
1457007254546,994.9901
1457007254572,994.98315
1457007254602,994.9887
1457007254636,994.99316
1457007254661,994.99316
1457007254691,994.99316
1457007254751,994.99316
1457007254780,994.9951
1457007254816,995.0031
1457007254840,995.0031
1457007254870,995.0031
1457007254904,995.0031
1457007254928,995.01154
1457007254958,995.0131
1457007255018,995.02313
1457007255056,995.02313
1457007255083,995.02313
1457007255107,995.0426
1457007255137,995.0631
1457007255168,995.07056
1457007255201,995.0731
1457007255261,995.0731
1457007255288,995.08307
1457007255320,995.0805
1457007255349,995.0731
1457007255376,995.06793
1457007255409,995.0631
1457007255440,995.0708
1457007255465,995.0731
1457007255524,995.0331
1457007255554,995.0331
1457007255588,995.0302
1457007255614,995.02313
1457007255647,995.0067
1457007255676,994.99316
1457007255702,995.00116
1457007255732,995.0031
1457007255792,995.0031
1457007255826,995.0031
1457007255854,995.0031
1457007255881,995.0031
1457007255910,995.0031
1457007255941,995.0031
1457007255970,995.0031
1457007256003,995.0031
1457007256059,995.0131
1457007256090,995.0153
1457007256124,995.02313
1457007256148,995.02313
1457007256178,995.02313
1457007256208,995.0378
1457007256242,995.0431
1457007256266,995.0431
1457007256327,995.0631
1457007256362,995.0681
1457007256391,995.08307
1457007256416,995.07294
1457007256449,995.0631
1457007256476,995.0631
1457007256511,995.0631
1457007256570,995.0631
1457007256594,995.0631
1457007256625,995.0575
1457007256659,995.0431
1457007256684,995.027
1457007256718,995.0131
1457007256747,995.0131
1457007256774,995.0131
1457007256837,995.0131
1457007256865,995.0131
1457007256895,995.0131
1457007256921,995.0131
1457007256955,995.00745
1457007256981,995.0031
1457007257015,995.01135
1457007257044,995.0131
1457007257100,995.02313
1457007257133,995.02527
1457007257159,995.0331
1457007257189,995.0331
1457007257220,995.0331
1457007257248,995.0331
1457007257279,995.0673
1457007257307,995.0731
1457007257368,995.08307
1457007257398,995.0855
1457007257431,995.0931
1457007257456,995.0881
1457007257487,995.08307
1457007257521,995.0679
1457007257549,995.0631
1457007257606,995.0634
1457007257637,995.08307
1457007257670,995.0721
1457007257700,995.0431
1457007257724,995.0431
1457007257759,995.0431
1457007257788,995.0194
1457007257813,995.0131
1457007257873,995.0131
1457007257904,995.0131
1457007257937,995.0131
1457007257962,995.0131
1457007257997,995.0131
1457007258046,995.0131
1457007258052,995.0131
1457007258086,995.0131
1457007258141,995.0131
1457007258174,995.0152
1457007258201,995.02313
1457007258230,995.0277
1457007258259,995.0331
1457007258293,995.0331
1457007258319,995.0331
1457007258349,995.0331
1457007258412,995.0631
1457007258437,995.0654
1457007258468,995.0731
1457007258498,995.08295
1457007258528,995.0931
1457007258561,995.0856
1457007258586,995.08307
1457007258651,995.083
1457007258677,995.0731
1457007258710,995.07574
1457007258741,995.08307
1457007258766,995.05695
1457007258798,995.0331
1457007258826,995.02527
1457007258858,995.02313
1457007258915,995.0031
1457007258947,995.0031
1457007258974,995.0061
1457007259007,995.0131
1457007259038,995.0131
1457007259066,995.0131
1457007259092,995.005
1457007259122,995.0031
1457007259182,995.0131
1457007259215,995.0151
1457007259241,995.02313
1457007259273,995.02313
1457007259301,995.02313
1457007259334,995.02313
1457007259360,995.04
1457007259391,995.0431
1457007259450,995.0431
1457007259478,995.04767
1457007259509,995.0631
1457007259539,995.0728
1457007259567,995.08307
1457007259599,995.0905
1457007259632,995.0931
1457007259688,995.093
1457007259720,995.08307
1457007259750,995.08044
1457007259776,995.0731
1457007259807,995.07825
1457007259840,995.08307
1457007259871,995.0598
1457007259896,995.0531
1457007259959,995.0431
1457007259988,995.0431
1457007260015,995.03436
1457007260048,995.0131
1457007260076,995.0186
1457007260108,995.02313
1457007260133,995.015
1457007260167,995.0131
1457007260222,995.0131
1457007260257,995.0131
1457007260282,995.0131
1457007260317,995.0131
1457007260340,995.0131
1457007260371,995.0131
1457007260401,995.0215
1457007260430,995.02313
1457007260490,995.0331
1457007260520,995.0331
1457007260550,995.0331
1457007260585,995.0428
1457007260608,995.0531
1457007260638,995.0531
1457007260669,995.0705
1457007260728,995.0731
1457007260756,995.0931
1457007260788,995.0931
1457007260819,995.0931
1457007260846,995.0879
1457007260876,995.08307
1457007260904,995.0908
1457007260936,995.0931
1457007260996,995.0531
1457007261031,995.0531
1457007261055,995.05023
1457007261093,995.0431
1457007261115,995.02673
1457007261150,995.0131
1457007261179,995.0131
1457007261206,995.0131
1457007261268,995.0131
1457007261294,995.0131
1457007261322,995.0131
1457007261356,995.0131
1457007261382,995.0131
1457007261417,995.0131
1457007261442,995.0215
1457007261475,995.02313
1457007261530,995.02313
1457007261561,995.0253
1457007261595,995.0331
1457007261620,995.0331
1457007261649,995.0331
1457007261679,995.0331
1457007261710,995.0505
1457007261739,995.0531
1457007261801,995.08307
1457007261836,995.0882
1457007261863,995.1031
1457007261888,995.1031
1457007261923,995.1031
1457007261952,995.08765
1457007261977,995.08307
1457007262036,995.0834
1457007262067,995.0931
1457007262099,995.0902
1457007262126,995.08307
1457007262160,995.08307
1457007262189,995.08307
1457007262218,995.0509
1457007262244,995.0431
1457007262304,995.0331
1457007262339,995.0312
1457007262366,995.02313
1457007262393,995.02313
1457007262424,995.02313
1457007262457,995.02313
1457007262486,995.02313
1457007262515,995.02313
1457007262571,995.0331
1457007262603,995.0331
1457007262631,995.0331
1457007262665,995.0331
1457007262691,995.0331
1457007262719,995.0331
1457007262750,995.0418
1457007262784,995.0431
1457007262843,995.0531
1457007262869,995.0582
1457007262903,995.0731
1457007262929,995.0834
1457007262962,995.0931
1457007262988,995.0931
1457007263021,995.0931
1457007263097,995.09247
1457007263110,995.0731
1457007263139,995.0759
1457007263166,995.08307
1457007263196,995.0667
1457007263225,995.0531
1457007263256,995.0531
1457007263289,995.0531
1457007263349,995.02313
1457007263374,995.02313
1457007263407,995.02313
1457007263433,995.02313
1457007263469,995.01733
1457007263496,995.0131
1457007263523,995.0131
1457007263555,995.0131
1457007263616,995.0031
1457007263642,995.0054
1457007263671,995.0131
1457007263705,995.0131
1457007263731,995.0131
1457007263764,995.0131
1457007263790,995.0218
1457007263821,995.02313
1457007263881,995.02313
1457007263909,995.02563
1457007263939,995.0331
1457007263969,995.04846
1457007263999,995.0631
1457007264034,995.0785
1457007264059,995.08307
1457007264117,995.08307
1457007264149,995.08307
1457007264182,995.0802
1457007264206,995.0731
1457007264237,995.0731
1457007264271,995.0731
1457007264297,995.057
1457007264327,995.0531
1457007264390,995.0431
1457007264414,995.0431
1457007264445,995.03345
1457007264479,995.0131
1457007264508,995.0131
1457007264538,995.0131
1457007264563,995.0131
1457007264594,995.0131
1457007264653,995.0131
1457007264687,995.01086
1457007264717,995.0031
1457007264742,995.0031
1457007264772,995.0093
1457007264802,995.0131
1457007264830,995.0131
1457007264861,995.0131
1457007264920,995.02313
1457007264953,995.02313
1457007264979,995.02313
1457007265014,995.02826
1457007265039,995.0331
1457007265072,995.0331
1457007265102,995.0602
1457007265161,995.0634
1457007265188,995.0731
1457007265218,995.0731
1457007265252,995.0731
1457007265285,995.06213
1457007265310,995.0531
1457007265337,995.0531
1457007265371,995.0531
1457007265425,995.0524
1457007265460,995.0431
1457007265485,995.03986
1457007265519,995.0331
1457007265545,995.0157
1457007265580,995.0031
1457007265604,995.0031
1457007265635,995.0031
1457007265698,994.99316
1457007265728,994.99316
1457007265819,994.99316
1457007265819,994.99316
1457007265819,994.99316
1457007265843,994.99316
1457007265871,995.00183
1457007265899,995.0031
1457007265959,995.0031
1457007265989,995.0031
1457007266018,995.0031
1457007266048,995.0083
1457007266078,995.0131
1457007266107,995.0131
1457007266137,995.02216
1457007266196,995.02374
1457007266226,995.0431
1457007266258,995.0489
1457007266290,995.0631
1457007266320,995.0631
1457007266350,995.0631
1457007266379,995.05505
1457007266409,995.0531
1457007266469,995.0531
1457007266499,995.0531
1457007266528,995.0531
1457007266557,995.0531
1457007266588,995.0415
1457007266617,995.0331
1457007266647,995.01636
1457007266677,995.0131
1457007266736,995.0031
1457007266766,995.0031
1457007266796,995.0031
1457007266826,995.0031
1457007266855,994.997
1457007266883,994.99316
1457007266918,994.99316
1457007266942,994.99316
1457007267001,995.0031
1457007267031,995.0031
1457007267061,995.0031
1457007267091,995.0031
1457007267125,995.0095
1457007267150,995.0131
1457007267179,995.0221
1457007267239,995.02344
1457007267269,995.0331
1457007267298,995.0388
1457007267328,995.0531
1457007267358,995.064
1457007267388,995.0731
1457007267424,995.0731
1457007267451,995.0731
1457007267507,995.07245
1457007267540,995.0631
1457007267572,995.0631
1457007267601,995.0631
1457007267627,995.0631
1457007267659,995.0631
1457007267686,995.038
1457007267720,995.0331
1457007267780,995.0031
1457007267808,995.0031
1457007267839,994.99963
1457007267864,994.99316
1457007267897,994.99316
1457007267924,994.99316
1457007267958,994.98444
1457007267986,994.98315
1457007268046,994.98315
1457007268072,994.98566
1457007268126,994.99316
1457007268132,994.99316
1457007268161,994.99316
1457007268192,994.99316
1457007268220,994.99316
1457007268279,994.99365
1457007268309,995.0131
1457007268340,995.0131
1457007268369,995.0131
1457007268399,995.0294
1457007268428,995.0431
1457007268464,995.0431
1457007268491,995.05237
1457007268548,995.05426
1457007268582,995.0731
1457007268608,995.06995
1457007268641,995.0631
1457007268668,995.0574
1457007268701,995.0531
1457007268729,995.0614
1457007268756,995.0631
1457007268819,995.05853
1457007268844,995.0131
1457007268876,995.0131
1457007268905,995.0131
1457007268939,994.99493
1457007268967,994.98315
1457007268995,994.98315
1457007269029,994.98315
1457007269083,994.97314
1457007269113,994.97565
1457007269142,994.98315
1457007269178,994.98315
1457007269205,994.98315
1457007269232,994.98315
1457007269265,994.99207
1457007269321,994.9934
1457007269351,995.0031
1457007269381,995.006
1457007269413,995.0131
1457007269439,995.01855
1457007269475,995.02313
1457007269499,995.02313
1457007269532,995.0324
1457007269589,995.0343
1457007269622,995.0531
1457007269648,995.0563
1457007269678,995.0631
1457007269712,995.0574
1457007269738,995.0531
1457007269777,995.0448
1457007269797,995.0431
1457007269857,995.0449
1457007269890,995.0631
1457007269926,995.05615
1457007269949,995.0431
1457007269974,995.03705
1457007270006,995.0331
1457007270039,995.0072
1457007270068,995.0031
1457007270129,994.99316
1457007270154,994.99316
1457007270184,994.99316
1457007270218,994.99316
1457007270245,994.99316
1457007270278,994.99316
1457007270303,994.99316
1457007270366,994.99316
1457007270391,994.99316
1457007270421,994.99316
1457007270451,994.99316
1457007270480,994.99316
1457007270510,994.99316
1457007270539,994.99316
1457007270569,995.0117
1457007270629,995.0131
1457007270660,995.0131
1457007270688,995.0163
1457007270727,995.02313
1457007270747,995.0346
1457007270779,995.0431
1457007270811,995.05145
1457007270838,995.0531
1457007270897,995.0522
1457007270927,995.0431
1457007270955,995.0396
1457007270987,995.0331
1457007271016,995.0392
1457007271050,995.0431
1457007271078,995.01715
1457007271110,995.0131
1457007271164,994.99316
1457007271199,994.99316
1457007271224,994.9893
1457007271258,994.98315
1457007271287,994.97675
1457007271317,994.97314
1457007271343,994.97314
1457007271408,994.97314
1457007271432,994.97314
1457007271462,994.97595
1457007271492,994.98315
1457007271526,994.98315
1457007271552,994.9898
1457007271580,994.99316
1457007271613,994.99316
1457007271670,994.99365
1457007271704,995.0031
1457007271729,995.0062
1457007271759,995.0131
1457007271789,995.02454
1457007271819,995.0331
1457007271852,995.0331
1457007271877,995.05225
1457007271937,995.05396
1457007271973,995.0631
1457007271997,995.05963
1457007272031,995.0531
1457007272062,995.0531
1457007272085,995.0531
1457007272119,995.0359
1457007272149,995.0331
1457007272208,995.02313
1457007272235,995.02313
1457007272270,995.0118
1457007272294,994.99316
1457007272328,994.9868
1457007272357,994.98315
1457007272383,994.98315
1457007272443,994.9829
1457007272473,994.97314
1457007272506,994.97314
1457007272538,994.97314
1457007272562,994.97314
1457007272592,994.9798
1457007272622,994.98315
1457007272654,994.9924
1457007272710,994.99316
1457007272741,994.99316
1457007272769,994.9993
1457007272800,995.0131
1457007272833,995.0188
1457007272869,995.02313
1457007272889,995.02313
1457007272919,995.04224
1457007272981,995.0448
1457007273008,995.0631
1457007273038,995.0665
1457007273067,995.0731
1457007273098,995.0671
1457007273136,995.0631
1457007273157,995.0545
1457007273190,995.0531
1457007273246,995.05426
1457007273276,995.0631
1457007273305,995.04803
1457007273339,995.02313
1457007273365,994.99774
1457007273399,994.98315
1457007273423,994.98315
1457007273489,994.9829
1457007273518,994.97314
1457007273546,994.97314
1457007273577,994.97723
1457007273612,994.98315
1457007273637,994.98315
1457007273665,994.98315
1457007273691,994.98315
1457007273755,994.98315
1457007273781,994.98315
1457007273810,994.98627
1457007273840,994.99316
1457007273870,994.99884
1457007273900,995.0031
1457007273935,995.0031
1457007273960,995.0127
1457007274019,995.01575
1457007274048,995.0431
1457007274078,995.0466
1457007274108,995.0531
1457007274142,995.05914
1457007274170,995.0631
1457007274196,995.05444
1457007274227,995.0531
1457007274290,995.0519
1457007274317,995.0431
1457007274349,995.0469
1457007274376,995.0531
1457007274409,995.0212
1457007274436,995.0031
1457007274469,994.97626
1457007274529,994.97314
1457007274554,994.97314
1457007274587,994.97314
1457007274613,994.969
1457007274649,994.96313
1457007274676,994.96985
1457007274703,994.97314
1457007274735,994.96387
1457007274800,994.96375
1457007274821,994.97314
1457007274851,994.97314
1457007274881,994.97314
1457007274911,994.97314
1457007274946,994.98016
1457007274969,994.98315
1457007275004,995.0024
1457007275059,995.004
1457007275089,995.0131
1457007275119,995.02014
1457007275152,995.0331
1457007275177,995.0392
1457007275208,995.0431
1457007275243,995.0431
1457007275271,995.06305
1457007275327,995.06055
1457007275360,995.0431
1457007275385,995.0431
1457007275417,995.0431
1457007275449,995.04956
1457007275481,995.0531
1457007275506,995.008
1457007275570,995.0031
1457007275594,995.0031
1457007275629,995.0031
1457007275654,994.99475
1457007275687,994.98315
1457007275717,994.98315
1457007275743,994.98315
1457007275774,994.98315
1457007275837,994.98376
1457007275862,994.99316
1457007275895,994.99316
1457007275922,994.99316
1457007275950,994.99316
1457007275981,994.99316
1457007276010,994.99316
1457007276039,995.01245
1457007276100,995.0131
1457007276130,995.0131
1457007276159,995.01666
1457007276189,995.02313
1457007276221,995.0354
1457007276249,995.0431
1457007276279,995.0431
1457007276343,995.0631
1457007276371,995.06573
1457007276397,995.08307
1457007276432,995.07916
1457007276459,995.0731
1457007276491,995.0666
1457007276521,995.0631
1457007276549,995.07214
1457007276610,995.0731
1457007276638,995.0632
1457007276667,995.0131
1457007276699,995.0131
1457007276729,995.0131
1457007276754,994.9927
1457007276789,994.98315
1457007276818,994.98315
1457007276877,994.98315
1457007276903,994.98315
1457007276936,994.98315
1457007276962,994.9877
1457007276995,994.99316
1457007277021,994.99316
1457007277051,994.99316
1457007277081,995.00287
1457007277139,995.0031
1457007277171,995.0031
1457007277205,995.0104
1457007277229,995.02313
1457007277260,995.02313
1457007277288,995.02313
1457007277318,995.02313
1457007277380,995.0431
1457007277413,995.04584
1457007277443,995.0631
1457007277468,995.067
1457007277496,995.0731
1457007277527,995.0665
1457007277559,995.0631
1457007277589,995.05396
1457007277650,995.0531
1457007277678,995.0531
1457007277710,995.0531
1457007277735,995.03595
1457007277768,995.0131
1457007277794,994.9994
1457007277825,994.99316
1457007277857,994.9837
1457007277917,994.98315
1457007277943,994.98315
1457007277976,994.98315
1457007278002,994.98315
1457007278035,994.98315
1457007278062,994.98315
1457007278091,994.98315
1457007278146,994.98315
1457007278181,994.98315
1457007278211,994.98315
1457007278241,994.9868
1457007278269,994.99316
1457007278299,994.99316
1457007278329,995.0082
1457007278359,995.0131
1457007278418,995.02313
1457007278448,995.02454
1457007278477,995.0331
1457007278509,995.0411
1457007278537,995.0531
1457007278572,995.0662
1457007278600,995.0731
1457007278629,995.06396
1457007278691,995.0631
1457007278717,995.06134
1457007278748,995.0531
1457007278775,995.05743
1457007278810,995.0631
1457007278835,995.04926
1457007278870,995.0431
1457007278894,995.0431
1457007278954,995.0399
1457007278989,995.0031
1457007279014,995.0031
1457007279047,995.0031
1457007279072,995.0031
1457007279107,994.99585
1457007279132,994.99316
1457007279162,994.9833
1457007279230,994.98315
1457007279250,994.98315
1457007279281,994.98315
1457007279316,994.98315
1457007279340,994.98315
1457007279370,994.9907
1457007279400,994.99316
1457007279460,994.99316
1457007279493,994.99603
1457007279519,995.0131
1457007279554,995.0131
1457007279579,995.0131
1457007279607,995.02637
1457007279638,995.0331
1457007279672,995.0331
1457007279727,995.0631
1457007279761,995.0649
1457007279787,995.0731
1457007279819,995.0687
1457007279846,995.0631
1457007279880,995.0631
1457007279909,995.0631
1457007279939,995.0536
1457007279999,995.0531
1457007280023,995.0447
1457007280054,995.0131
1457007280087,995.0037
1457007280113,994.99316
1457007280146,994.9786
1457007280172,994.97314
1457007280208,994.97314
1457007280263,994.97314
1457007280296,994.97314
1457007280327,994.97687
1457007280352,994.98315
1457007280381,994.98315
1457007280410,994.98315
1457007280440,994.98315
1457007280499,994.99316
1457007280529,994.9961
1457007280565,995.0131
1457007280588,995.01715
1457007280619,995.02313
1457007280649,995.02313
1457007280683,995.02313
1457007280713,995.02313
1457007280772,995.0431
1457007280830,995.0467
1457007280831,995.0631
1457007280858,995.07184
1457007280884,995.08307
1457007280915,995.0761
1457007280945,995.0731
1457007280975,995.06354
1457007281037,995.0631
1457007281067,995.06726
1457007281095,995.08307
1457007281124,995.06433
1457007281154,995.0431
1457007281189,995.0358
1457007281213,995.0331
1457007281245,995.0134
1457007281308,995.0131
1457007281332,995.0131
1457007281362,995.0131
1457007281391,995.0081
1457007281421,995.0031
1457007281455,995.0031
1457007281481,995.0031
1457007281541,995.0031
1457007281570,995.0046
1457007281599,995.0131
1457007281632,995.01715
1457007281660,995.02313
1457007281698,995.02313
1457007281718,995.03894
1457007281749,995.0431
1457007281807,995.0431
1457007281843,995.0467
1457007281873,995.0631
1457007281898,995.07184
1457007281930,995.08307
1457007281957,995.09
1457007281991,995.0931
1457007282021,995.0931
1457007282076,995.0931
1457007282109,995.08887
1457007282139,995.0731
1457007282166,995.0731
1457007282199,995.0731
1457007282224,995.0658
1457007282259,995.0631
1457007282284,995.0532
1457007282347,995.0497
1457007282374,995.02313
1457007282407,995.02313
1457007282432,995.02313
1457007282463,995.02313
1457007282495,995.0155
1457007282521,995.0131
1457007282587,995.0131
1457007282610,995.0131
1457007282640,995.0131
1457007282670,995.0131
1457007282699,995.0131
1457007282729,995.0131
1457007282762,995.02106
1457007282792,995.02313
1457007282849,995.02313
1457007282879,995.0249
1457007282908,995.0331
1457007282943,995.0331
1457007282971,995.0331
1457007282997,995.04706
1457007283028,995.0531
1457007283060,995.0531
1457007283115,995.0731
1457007283170,995.0752
1457007283176,995.08307
1457007283206,995.07837
1457007283238,995.0731
1457007283268,995.0731
1457007283298,995.0731
1457007283326,995.08295
1457007283388,995.08307
1457007283418,995.0708
1457007283448,995.0331
1457007283472,995.0331
1457007283507,995.0331
1457007283536,995.01025
1457007283562,995.0031
1457007283626,994.99316
1457007283653,994.99316
1457007283685,994.99316
1457007283711,994.989
1457007283743,994.98315
1457007283773,994.98315
1457007283800,994.9911
1457007283829,994.99316
1457007283889,994.99316
1457007283919,994.995
1457007283949,995.0031
1457007283979,995.0031
1457007284009,995.0031
1457007284080,995.01013
1457007284083,995.0131
1457007284095,995.0131
1457007284154,995.0431
1457007284186,995.0452
1457007284216,995.0531
1457007284247,995.0578
1457007284275,995.0631
1457007284305,995.0631
1457007284335,995.0631
1457007284368,995.0532
1457007284429,995.0531
1457007284453,995.0531
1457007284489,995.0531
1457007284514,995.0481
1457007284544,995.0431
1457007284578,995.0279
1457007284602,995.02313
1457007284661,995.0031
1457007284696,995.00165
1457007284727,994.99316
1457007284752,994.99316
1457007284781,994.9878
1457007284811,994.98315
1457007284840,994.98315
1457007284871,994.98315
1457007284933,995.0031
1457007284960,995.0031
1457007284990,995.0031
1457007285019,995.0075
1457007285054,995.0131
1457007285078,995.0131
1457007285108,995.0131
1457007285139,995.0131
1457007285198,995.0131
1457007285236,995.0152
1457007285260,995.02313
1457007285287,995.0278
1457007285316,995.0331
1457007285347,995.04034
1457007285385,995.0431
1457007285410,995.06274
1457007285466,995.0631
1457007285499,995.0631
1457007285539,995.0631
1457007285557,995.0531
1457007285589,995.0431
1457007285617,995.05066
1457007285644,995.0531
1457007285708,995.0431
1457007285733,995.04016
1457007285766,995.02313
1457007285792,995.02313
1457007285827,995.01245
1457007285852,995.0031
1457007285881,994.99524
1457007285912,994.99316
1457007285971,994.99316
1457007286001,994.99133
1457007286031,994.98315
1457007286064,994.98315
1457007286094,994.98315
1457007286125,994.98315
1457007286148,994.99133
1457007286178,994.99316
1457007286239,994.99316
1457007286271,994.99316
1457007286301,994.99316
1457007286331,994.9978
1457007286362,995.0031
1457007286392,995.0031
1457007286417,995.0031
1457007286451,995.0031
1457007286510,995.0331
1457007286535,995.03796
1457007286565,995.0531
1457007286600,995.0631
1457007286625,995.0731
1457007286655,995.05786
1457007286688,995.0531
1457007286745,995.0531
1457007286772,995.05164
1457007286807,995.0431
1457007286832,995.0431
1457007286862,995.0378
1457007286893,995.0331
1457007286926,995.0173
1457007286951,995.0131
1457007287020,995.0031
1457007287041,995.0031
1457007287071,995.0031
1457007287104,995.0031
1457007287130,995.0031
1457007287161,995.0031
1457007287190,995.0031
1457007287224,995.0031
1457007287279,995.0031
1457007287308,995.00525
1457007287338,995.0131
1457007287369,995.0131
1457007287402,995.0131
1457007287428,995.02765
1457007287457,995.0331
1457007287487,995.0331
1457007287546,995.0331
1457007287577,995.03796
1457007287607,995.0531
1457007287635,995.0631
1457007287668,995.0731
1457007287700,995.08826
1457007287724,995.0931
1457007287789,995.0931
1457007287814,995.0931
1457007287848,995.09033
1457007287874,995.08307
1457007287908,995.08307
1457007287934,995.08307
1457007287968,995.04346
1457007287993,995.0331
1457007288057,995.0331
1457007288082,995.02954
1457007288112,995.0131
1457007288167,995.0131
1457007288169,995.0131
1457007288201,995.0131
1457007288231,995.0049
1457007288259,995.0031
1457007288319,995.0031
1457007288349,995.0031
1457007288379,995.0031
1457007288409,995.0031
1457007288438,995.0031
1457007288468,995.0104
1457007288507,995.0131
1457007288527,995.0131
1457007288587,995.0331
1457007288621,995.0355
1457007288647,995.0431
1457007288680,995.05817
1457007288707,995.0731
1457007288740,995.0807
1457007288769,995.08307
1457007288830,995.1031
1457007288858,995.1031
1457007288884,995.09753
1457007288915,995.08307
1457007288948,995.07776
1457007288973,995.0731
1457007289004,995.0731
1457007289036,995.0731
1457007289107,995.02313
1457007289125,995.02313
1457007289154,995.02313
1457007289184,995.02313
1457007289214,995.0061
1457007289244,994.99316
1457007289274,995.00134
1457007289305,995.0031
1457007289359,994.99316
1457007289388,994.99316
1457007289419,994.99316
1457007289450,994.99316
1457007289485,994.99316
1457007289509,994.99316
1457007289539,995.0017
1457007289574,995.0031
1457007289628,995.0131
1457007289661,995.01556
1457007289688,995.02313
1457007289721,995.02814
1457007289751,995.0331
1457007289776,995.0407
1457007289807,995.0431
1457007289865,995.04346
1457007289896,995.0631
1457007289925,995.0686
1457007289959,995.08307
1457007289989,995.08307
1457007290018,995.08307
1457007290044,995.07513
1457007290079,995.0731
1457007290134,995.0631
1457007290168,995.0631
1457007290193,995.0631
1457007290223,995.0631
1457007290258,995.0404
1457007290286,995.02313
1457007290312,995.01483
1457007290342,995.0131
1457007290401,994.99316
1457007290430,994.99316
1457007290461,994.99316
1457007290494,994.99316
1457007290519,994.99316
1457007290550,994.99316
1457007290578,995.0017
1457007290610,995.0031
1457007290671,995.0031
1457007290698,995.008
1457007290728,995.02313
1457007290762,995.01807
1457007290786,995.0131
1457007290827,995.02075
1457007290850,995.02313
1457007290906,995.0233
1457007290936,995.0331
1457007290969,995.0414
1457007290995,995.0631
1457007291028,995.0738
1457007291060,995.08307
1457007291086,995.07513
1457007291119,995.0731
1457007291179,995.0731
1457007291203,995.0731
1457007291239,995.0731
1457007291268,995.0731
1457007291297,995.04474
1457007291323,995.02313
1457007291352,995.0066
1457007291382,995.0031
1457007291442,994.97314
1457007291476,994.9752
1457007291501,994.98315
1457007291531,994.98315
1457007291560,994.98914
1457007291591,994.99316
1457007291619,994.99316
1457007291649,994.99316
1457007291709,994.99316
1457007291742,994.9956
1457007291768,995.0031
1457007291798,995.0081
1457007291833,995.0131
1457007291861,995.02075
1457007291888,995.02313
1457007291951,995.02313
1457007291976,995.02313
1457007292011,995.0203
1457007292036,995.0131
1457007292070,995.0345
1457007292101,995.0531
1457007292124,995.0769
1457007292156,995.08307
1457007292218,995.08307
1457007292249,995.08307
1457007292278,995.08307
1457007292309,995.08307
1457007292337,995.0774
1457007292363,995.0731
1457007292397,995.0731
1457007292425,995.0731
1457007292487,995.02313
1457007292517,995.02313
1457007292540,995.02313
1457007292572,995.02313
1457007292600,995.0051
1457007292635,994.99316
1457007292666,995.0017
1457007292689,995.0031
1457007292749,994.99316
1457007292779,994.9956
1457007292809,995.0031
1457007292839,995.0031
1457007292869,995.0031
1457007292898,995.0031
1457007292929,995.0031
1457007292996,995.0033
1457007293017,995.0131
1457007293049,995.01587
1457007293082,995.02313
1457007293112,995.02313
1457007293136,995.02313
1457007293175,995.0548
1457007293198,995.0631
1457007293258,995.0641
1457007293285,995.08307
1457007293318,995.0893
1457007293349,995.1031
1457007293374,995.09174
1457007293404,995.08307
1457007293438,995.0748
1457007293472,995.0731
1457007293528,995.08307
1457007293553,995.07245
1457007293581,995.0331
1457007293620,995.0331
1457007293645,995.0331
1457007293671,995.0331
1457007293701,995.016
1457007293731,995.0131
1457007293792,995.0031
1457007293823,995.0031
1457007293850,995.0031
1457007293880,995.0031
1457007293910,995.0031
1457007293942,995.0031
1457007293969,995.012
1457007294027,995.0131
1457007294059,995.0131
1457007294087,995.01587
1457007294118,995.02313
1457007294147,995.02313
1457007294177,995.02313
1457007294211,995.031
1457007294237,995.0331
1457007294295,995.03357
1457007294326,995.0431
1457007294355,995.0523
1457007294390,995.0731
1457007294418,995.08435
1457007294447,995.0931
1457007294474,995.0931
1457007294509,995.0931
1457007294568,995.0731
1457007294598,995.0731
1457007294628,995.0731
1457007294653,995.0731
1457007294683,995.06714
1457007294717,995.0631
1457007294747,995.046
1457007294772,995.0431
1457007294832,995.02313
1457007294861,995.0207
1457007294891,995.0131
1457007294924,995.0131
1457007294953,995.00684
1457007294984,995.0031
1457007295014,995.0031
1457007295068,995.0031
1457007295099,995.0031
1457007295134,995.0031
1457007295161,995.0031
1457007295188,995.0084
1457007295218,995.0131
1457007295252,995.021
1457007295277,995.02313
1457007295340,995.02356
1457007295371,995.0331
1457007295397,995.0331
1457007295429,995.0331
1457007295455,995.0387
1457007295490,995.0431
1457007295515,995.05945
1457007295550,995.0631
1457007295634,995.0731
1457007295635,995.0731
1457007295664,995.0697
1457007295696,995.0631
1457007295725,995.0631
1457007295755,995.0631
1457007295785,995.0631
1457007295811,995.0631
1457007295871,995.0431
1457007295899,995.0383
1457007295931,995.02313
1457007295960,995.02313
1457007295989,995.0106
1457007296024,995.0031
1457007296054,995.0031
1457007296109,995.00305
1457007296140,994.99316
1457007296170,994.99316
1457007296202,994.99316
1457007296229,994.99316
1457007296262,994.99316
1457007296288,994.99316
1457007296319,994.99316
1457007296382,994.9935
1457007296412,995.0031
1457007296437,995.0031
1457007296472,995.0031
1457007296501,995.00867
1457007296526,995.0131
1457007296555,995.0131
1457007296586,995.0131
1457007296650,995.0331
1457007296679,995.0331
1457007296707,995.043
1457007296739,995.0631
1457007296769,995.0748
1457007296794,995.08307
1457007296824,995.0746
1457007296858,995.0731
1457007296917,995.0631
1457007296942,995.0631
1457007296976,995.0631
1457007297001,995.0631
1457007297039,995.05066
1457007297061,995.0431
1457007297092,995.0519
1457007297156,995.0528
1457007297179,995.02313
1457007297210,995.02045
1457007297244,995.0131
1457007297269,995.0131
1457007297299,995.0131
1457007297331,995.0131
1457007297358,995.004
1457007297421,995.0031
1457007297448,995.0031
1457007297480,995.0031
1457007297512,995.0031
1457007297542,995.00867
1457007297567,995.0131
1457007297601,995.02124
1457007297628,995.02313
1457007297690,995.02313
1457007297719,995.02313
1457007297745,995.02313
1457007297780,995.02313
1457007297804,995.0408
1457007297835,995.0531
1457007297875,995.07
1457007297899,995.0731
1457007297954,995.08307
1457007297988,995.08307
1457007298016,995.07947
1457007298042,995.0731
1457007298076,995.0669
1457007298102,995.0631
1457007298131,995.0631
1457007298193,995.063
1457007298221,995.0531
1457007298251,995.0398
1457007298281,995.0031
1457007298309,995.0031
1457007298339,995.0031
1457007298369,995.0031
1457007298399,994.994
1457007298458,994.99316
1457007298494,994.99316
1457007298522,994.99316
1457007298548,994.99316
1457007298577,994.99316
1457007298616,994.99316
1457007298637,995.0013
1457007298668,995.0031
1457007298731,995.00385
1457007298757,995.0131
1457007298790,995.0164
1457007298820,995.02313
1457007298846,995.0349
1457007298878,995.0431
1457007298908,995.0516
1457007298937,995.0531
1457007298999,995.0531
1457007299029,995.0531
1457007299058,995.05676
1457007299082,995.0631
1457007299116,995.0569
1457007299148,995.0531
1457007299172,995.0531
1457007299235,995.0533
1457007299262,995.0731
1457007299290,995.0624
1457007299322,995.0331
1457007299356,995.0331
1457007299380,995.02655
1457007299410,995.02313
1457007299440,995.0049
1457007299499,995.0031
1457007299530,995.0031
1457007299559,995.0031
1457007299593,995.0031
1457007299623,995.0031
1457007299647,995.0031
1457007299678,995.0031
1457007299712,995.0031
1457007299767,995.0031
1457007299797,995.0031
1457007299831,995.0064
1457007299855,995.0131
1457007299887,995.019
1457007299919,995.02313
1457007299945,995.02313
1457007299979,995.02313
1457007300040,995.0331
1457007300063,995.0331
1457007300099,995.0331
1457007300124,995.0331
1457007300154,995.0331
1457007300188,995.0331
1457007300212,995.05066
1457007300276,995.05316
1457007300308,995.0631
1457007300332,995.06573
1457007300362,995.0731
1457007300391,995.0731
1457007300421,995.0731
1457007300452,995.0731
1457007300483,995.0731
1457007300540,995.07275
1457007300570,995.0631
1457007300600,995.0602
1457007300629,995.0531
1457007300659,995.03656
1457007300692,995.02313
1457007300728,995.02313
1457007300749,995.01373
1457007300828,995.01245
1457007300841,995.0031
1457007300867,995.0031
1457007300898,995.0031
1457007300930,995.0031
1457007300957,995.0031
1457007300986,995.0031
1457007301051,995.0031
1457007301079,995.0031
1457007301103,995.0031
1457007301134,995.0031
1457007301163,995.0031
1457007301193,994.99695
1457007301222,994.99316
1457007301252,995.00183
1457007301311,995.0031
1457007301341,995.0031
1457007301370,995.0031
1457007301400,995.0031
1457007301430,995.0031
1457007301460,995.0096
1457007301490,995.0131
1457007301519,995.0131
1457007301579,995.0131
1457007301608,995.0131
1457007301638,995.0131
1457007301668,995.0131
1457007301698,995.0131
1457007301727,995.0131
1457007301757,995.0131
1457007301787,995.0038
1457007301846,995.0025
1457007301876,994.99316
1457007301908,994.99634
1457007301940,995.0031
1457007301970,995.0031
1457007301998,995.0031
1457007302030,994.99475
1457007302060,994.99316
1457007302119,994.99316
1457007302149,994.99316
1457007302178,994.99664
1457007302213,995.0031
1457007302241,994.9971
1457007302265,994.99316
1457007302295,994.99316
1457007302330,994.99316
1457007302383,994.98315
1457007302414,994.98315
1457007302444,994.9793
1457007302478,994.97314
1457007302503,994.97314
1457007302536,994.97314
1457007302562,994.9642
1457007302627,994.96313
1457007302652,994.96313
1457007302687,994.96313
1457007302712,994.96313
1457007302740,994.96313
1457007302771,994.96313
1457007302800,994.96313
1457007302830,994.9724
1457007302889,994.97314
1457007302919,994.97314
1457007302948,994.97
1457007302979,994.96313
1457007303009,994.96313
1457007303042,994.96313
1457007303069,994.96313
1457007303098,994.96313
1457007303156,994.964
1457007303202,994.97314
1457007303217,994.97314
1457007303246,994.97314
1457007303276,994.97314
1457007303305,994.97314
1457007303336,994.97314
1457007303369,994.97314
1457007303430,994.97314
1457007303454,994.97314
1457007303490,994.96936
1457007303514,994.96313
1457007303547,994.9568
1457007303573,994.9531
1457007303606,994.9531
1457007303660,994.9531
1457007303690,994.9531
1457007303720,994.9503
1457007303749,994.9432
1457007303779,994.9432
1457007303809,994.9432
1457007303839,994.9432
1457007303868,994.9339
1457007303934,994.93317
1457007303960,994.93317
1457007303989,994.93317
1457007304019,994.93317
1457007304050,994.93317
1457007304082,994.93317
1457007304108,994.93317
1457007304138,994.93317
1457007304198,994.9323
1457007304232,994.92316
1457007304258,994.92316
1457007304290,994.92316
1457007304320,994.9292
1457007304346,994.93317
1457007304485,994.93317
1457007304485,994.93317
1457007304486,994.93317
1457007304492,994.93317
1457007304522,994.93317
1457007304552,994.93317
1457007304582,994.93317
1457007304611,994.93317
1457007304641,994.93317
1457007304701,994.93317
1457007304731,994.93317
1457007304761,994.93317
1457007304790,994.93713
1457007304820,994.9432
1457007304850,994.9432
1457007304879,994.9432
1457007304910,994.9432
1457007304969,994.9432
1457007305000,994.9432
1457007305028,994.9432
1457007305058,994.9432
1457007305088,994.9432
1457007305117,994.9432
1457007305147,994.9432
1457007305178,994.9432
1457007305245,994.9432
1457007305266,994.9432
1457007305295,994.9432
1457007305326,994.9432
1457007305355,994.9432
1457007305386,994.9432
1457007305416,994.9347
1457007305444,994.93317
1457007305508,994.93317
1457007305534,994.93317
1457007305563,994.93677
1457007305593,994.9432
1457007305623,994.9432
1457007305653,994.9432
1457007305682,994.9432
1457007305742,994.9432
1457007305772,994.9432
1457007305808,994.9432
1457007305831,994.9432
1457007305861,994.9432
1457007305890,994.9432
1457007305920,994.9432
1457007305950,994.9432
1457007306010,994.9432
1457007306040,994.9432
1457007306069,994.94604
1457007306099,994.9531
1457007306131,994.9531
1457007306161,994.9464
1457007306205,994.9432
1457007306218,994.9432
1457007306278,994.9432
1457007306307,994.9432
1457007306337,994.9432
1457007306366,994.9432
1457007306397,994.9432
1457007306429,994.9432
1457007306456,994.9432
1457007306485,994.9432
1457007306546,994.9432
1457007306576,994.9432
1457007306605,994.9432
1457007306635,994.9432
1457007306664,994.9432
1457007306694,994.9432
1457007306723,994.9432
1457007306754,994.9432
1457007306813,994.9432
1457007306843,994.9432
1457007306872,994.9432
1457007306902,994.9432
1457007306932,994.9432
1457007306962,994.9432
1457007306991,994.9432
1457007307051,994.9432
1457007307080,994.9432
1457007307110,994.9432
1457007307140,994.9432
1457007307170,994.9432
1457007307199,994.9432
1457007307230,994.9432
1457007307259,994.9432
1457007307318,994.9432
1457007307348,994.9432
1457007307379,994.9432
1457007307408,994.9432
1457007307437,994.9432
1457007307467,994.9432
1457007307496,994.9432
1457007307526,994.9432
1457007307586,994.9432
