1457006858581,995.9126
1457006858610,995.9126
1457006858641,995.9126
1457006858670,995.9126
1457006858730,995.9226
1457006858759,995.9226
1457006858790,995.9262
1457006858820,995.9326
1457006858849,995.9326
1457006858879,995.9326
1457006858909,995.94116
1457006858939,995.9426
1457006858999,995.9426
1457006859029,995.9449
1457006859059,995.95264
1457006859088,995.95734
1457006859118,995.9626
1457006859148,995.9626
1457006859179,995.9626
1457006859208,995.9626
1457006859268,995.9626
1457006859298,995.9648
1457006859328,995.9726
1457006859357,995.9726
1457006859388,995.9726
1457006859417,995.9726
1457006859446,995.9726
1457006859476,995.98224
1457006859536,995.9826
1457006859566,995.9826
1457006859595,995.9826
1457006859625,995.9826
1457006859656,995.9826
1457006859685,995.9826
1457006859716,995.9826
1457006859745,995.9826
1457006859805,995.9826
1457006859836,995.9826
1457006859865,995.9826
1457006859894,995.9826
1457006859924,995.9826
1457006859954,995.9896
1457006859984,995.99255
1457006860014,995.9831
1457006860074,995.9826
1457006860104,995.9826
1457006860133,995.98584
1457006860163,995.99255
1457006860193,995.99255
1457006860223,995.99255
1457006860253,995.99255
1457006860283,995.99255
1457006860345,995.99255
1457006860372,995.99255
1457006860402,995.99255
1457006860432,995.99255
1457006860461,995.99255
1457006860491,995.99255
1457006860522,995.99255
1457006860551,995.99255
1457006860611,995.99255
1457006860642,995.99445
1457006860671,996.00256
1457006860700,996.00256
1457006860730,996.00256
1457006860760,996.00256
1457006860790,996.00256
1457006860820,996.00256
1457006860880,995.99255
1457006860910,995.9944
1457006860940,996.00256
1457006860969,996.00256
1457006860999,996.00256
1457006861029,996.00256
1457006861059,996.00256
1457006861089,996.00256
1457006861149,995.99255
1457006861179,995.9943
1457006861209,996.00256
1457006861238,996.00256
1457006861268,996.00256
1457006861298,996.00256
1457006861327,996.00256
1457006861357,996.0118
1457006861417,996.01306
1457006861447,996.0226
1457006861477,996.0226
1457006861507,996.0226
1457006861537,996.0226
1457006861566,996.0226
1457006861596,996.0226
1457006861626,996.0134
1457006861686,996.0126
1457006861715,996.0126
1457006861745,996.00964
1457006861775,996.00256
1457006861805,996.00256
1457006861835,996.00256
1457006861865,996.00256
1457006861895,996.01166
1457006861955,996.0126
1457006861984,996.0126
1457006862014,996.0126
1457006862044,996.0126
1457006862074,996.0179
1457006862104,996.0226
1457006862134,996.0226
1457006862164,996.0226
1457006862224,996.0226
1457006862253,996.0226
1457006862283,996.0226
1457006862313,996.0226
1457006862349,996.012
1457006862373,996.00256
1457006862402,995.9949
1457006862432,995.99255
1457006862494,996.0226
1457006862522,996.0255
1457006862552,996.04254
1457006862581,996.04254
1457006862611,996.04254
1457006862644,996.04254
1457006862671,996.0349
1457006862702,996.0326
1457006862760,996.04254
1457006862790,996.04395
1457006862820,996.05255
1457006862850,996.0409
1457006862880,996.0226
1457006862910,996.01624
1457006862940,996.0126
1457006862970,995.9684
1457006863029,995.9626
1457006863059,995.9652
1457006863089,995.9826
1457006863120,995.9826
1457006863149,995.9826
1457006863179,995.9826
1457006863208,995.9826
1457006863238,995.9826
1457006863298,995.9826
1457006863328,995.99255
1457006863358,995.99255
1457006863388,995.99255
1457006863418,995.99255
1457006863447,995.99255
1457006863477,995.99255
1457006863507,995.9751
1457006863537,995.9726
1457006863597,995.99255
1457006863627,995.9975
1457006863657,996.0126
1457006863686,996.0175
1457006863716,996.0226
1457006863746,996.0226
1457006863776,996.0226
1457006863806,996.0226
1457006863904,996.0226
1457006863904,996.0274
1457006863925,996.04254
1457006863956,996.018
1457006863985,995.99255
1457006864015,995.963
1457006864045,995.95264
1457006864077,995.96246
1457006864140,995.9626
1457006864172,995.9626
1457006864204,995.9626
1457006864224,995.96747
1457006864253,995.9726
1457006864283,995.9726
1457006864313,995.9726
1457006864344,995.9824
1457006864403,995.9826
1457006864434,995.9826
1457006864470,995.979
1457006864500,995.9726
1457006864522,995.9726
1457006864554,995.95795
1457006864582,995.95264
1457006864612,995.9722
1457006864675,995.97473
1457006864703,995.99255
1457006864732,995.9997
1457006864762,996.0126
1457006864792,996.0126
1457006864821,996.0126
1457006864852,996.0126
1457006864881,996.0126
1457006864941,996.01355
1457006864971,996.0226
1457006865003,996.01904
1457006865030,996.0126
1457006865063,996.00055
1457006865090,995.99255
1457006865122,995.9671
1457006865157,995.9626
1457006865217,995.9826
1457006865240,995.9826
1457006865270,995.9826
1457006865301,995.9826
1457006865335,995.9826
1457006865381,995.9826
1457006865388,995.9826
1457006865417,995.9826
1457006865481,995.99255
1457006865509,995.99255
1457006865540,995.99255
1457006865567,995.98785
1457006865599,995.9826
1457006865629,995.97534
1457006865657,995.9726
1457006865687,995.9726
1457006865748,995.9726
1457006865779,995.97925
1457006865806,996.00256
1457006865837,996.00726
1457006865867,996.0126
1457006865898,996.0198
1457006865926,996.0226
1457006865961,996.0129
1457006866017,996.0126
1457006866047,996.0126
1457006866078,996.0126
1457006866118,996.0126
1457006866140,996.0126
1457006866218,995.98376
1457006866218,995.9726
1457006866223,995.93384
1457006866284,995.93353
1457006866313,995.9426
1457006866342,995.94604
1457006866373,995.95264
1457006866402,995.95264
1457006866432,995.9598
1457006866465,995.9626
1457006866492,995.9626
1457006866553,995.9635
1457006866584,995.9726
1457006866615,995.976
1457006866644,995.9826
1457006866685,995.9826
1457006866701,995.9826
1457006866731,995.9742
1457006866760,995.9726
1457006866820,995.9726
1457006866850,995.9726
1457006866881,995.98615
1457006866910,996.0126
1457006866940,996.0126
1457006866970,996.0126
1457006867000,996.0293
1457006867030,996.0326
1457006867089,996.0226
1457006867119,996.0226
1457006867148,996.0226
1457006867179,996.0226
1457006867208,996.02844
1457006867238,996.0326
1457006867268,995.99915
1457006867298,995.99255
1457006867359,995.95264
1457006867388,995.95264
1457006867417,995.95264
1457006867447,995.9572
1457006867477,995.9626
1457006867507,995.9697
1457006867537,995.9726
1457006867566,995.9726
1457006867627,995.9826
1457006867656,995.98047
1457006867686,995.9726
1457006867716,995.9772
1457006867746,995.9826
1457006867775,995.9826
1457006867805,995.9826
1457006867835,995.9826
1457006867895,995.98175
1457006867925,995.9726
1457006867955,995.9726
1457006867984,995.98175
1457006868014,995.99255
1457006868044,996.0067
1457006868074,996.0126
1457006868115,996.02216
1457006868165,996.0226
1457006868194,996.0226
1457006868224,996.0192
1457006868254,996.0126
1457006868284,996.0126
1457006868313,996.0126
1457006868344,996.0126
1457006868372,995.9934
1457006868432,995.9909
1457006868462,995.9726
1457006868492,995.96265
1457006868521,995.9426
1457006868551,995.9484
1457006868581,995.95264
1457006868611,995.96094
1457006868641,995.9626
1457006868700,995.9626
1457006868730,995.9626
1457006868760,995.9626
1457006868790,995.9626
1457006868820,995.9684
1457006868850,995.9726
1457006868880,995.9726
1457006868910,995.9726
1457006868969,995.9726
1457006868999,995.9706
1457006869029,995.9626
1457006869059,995.9626
1457006869088,995.9741
1457006869118,995.9826
1457006869148,995.99915
1457006869178,996.00256
1457006869238,996.0126
1457006869268,996.0126
1457006869298,996.0126
1457006869327,996.00806
1457006869362,996.00256
1457006869387,996.0096
1457006869417,996.0126
1457006869446,996.0126
1457006869506,996.00256
1457006869536,995.9986
1457006869566,995.9826
1457006869596,995.9691
1457006869626,995.95264
1457006869656,995.9596
1457006869686,995.9626
1457006869715,995.97205
1457006869780,995.9726
1457006869805,995.9726
1457006869834,995.9726
1457006869866,995.97705
1457006869894,995.9826
1457006869924,995.98956
1457006869962,995.99255
1457006869987,995.99255
1457006870046,995.99255
1457006870080,995.99255
1457006870109,995.9894
1457006870136,995.9826
1457006870171,995.9883
1457006870194,995.99255
1457006870228,995.99255
1457006870255,996.021
1457006870315,996.0233
1457006870343,996.0326
1457006870407,996.03577
1457006870407,996.04254
1457006870431,996.0368
1457006870461,996.0326
1457006870496,996.0326
1457006870525,996.0326
1457006870584,996.0333
1457006870615,996.04254
1457006870645,996.0361
1457006870672,996.0226
1457006870703,995.99963
1457006870733,995.9826
1457006870762,995.9826
1457006870791,995.9826
1457006870850,995.99255
1457006870882,995.99255
1457006870910,995.99255
1457006870938,995.99255
1457006870970,995.9983
1457006870998,996.00256
1457006871028,996.00256
1457006871063,996.00256
1457006871122,996.0126
1457006871148,996.0106
1457006871178,996.00256
1457006871209,996.00256
1457006871237,996.00256
1457006871270,995.9956
1457006871300,995.99255
1457006871329,995.99255
1457006871392,996.0226
1457006871422,996.0226
1457006871446,996.0226
1457006871477,996.027
1457006871507,996.0326
1457006871537,996.02563
1457006871566,996.0226
1457006871595,996.032
1457006871656,996.03326
1457006871703,996.04254
1457006871716,996.04254
1457006871749,996.0203
1457006871779,995.99255
1457006871809,995.9787
1457006871838,995.9726
1457006871864,995.96313
1457006871925,995.96326
1457006871960,995.9726
1457006871985,995.9726
1457006872015,995.9726
1457006872046,995.9783
1457006872078,995.9826
1457006872106,995.9826
1457006872140,995.9826
1457006872198,995.9833
1457006872225,995.99255
1457006872254,995.9894
1457006872283,995.9826
1457006872314,995.9883
1457006872344,995.99255
1457006872373,995.97614
1457006872418,995.9726
1457006872461,995.97406
1457006872492,995.99255
1457006872523,995.99585
1457006872551,996.00256
1457006872586,996.0083
1457006872612,996.0126
1457006872642,996.0126
1457006872675,996.0126
1457006872734,996.0326
1457006872762,996.03455
1457006872796,996.04254
1457006872820,996.04254
1457006872851,996.01953
1457006872881,996.00256
1457006872919,995.9943
1457006872937,995.99255
1457006873000,995.9626
1457006873029,995.9667
1457006873058,995.9826
1457006873089,995.9871
1457006873119,995.99255
1457006873148,995.9996
1457006873178,996.00256
1457006873212,996.00256
1457006873269,996.00256
1457006873297,996.00256
1457006873331,996.00256
1457006873360,996.00256
1457006873407,996.00256
1457006873427,996.00256
1457006873447,996.00256
1457006873476,995.9835
1457006873536,995.98413
1457006873567,996.00256
1457006873600,996.00256
1457006873627,996.00714
1457006873656,996.0126
1457006873686,996.0196
1457006873720,996.0226
1457006873750,996.0226
1457006873805,996.0226
1457006873834,996.0226
1457006873864,996.0292
1457006873910,996.04254
1457006873931,996.0077
1457006873952,995.9826
1457006873981,995.9826
1457006874016,995.96344
1457006874072,995.9618
1457006874102,995.95264
1457006874137,995.9592
1457006874164,995.9726
1457006874197,995.9784
1457006874223,995.9826
1457006874257,995.9826
1457006874283,995.9826
1457006874343,995.9826
1457006874371,995.9826
1457006874413,995.9859
1457006874432,995.99255
1457006874459,995.99255
1457006874489,995.99255
1457006874519,995.99255
1457006874555,995.99255
1457006874612,995.99255
1457006874640,995.9967
1457006874669,996.0126
1457006874699,996.0126
1457006874730,996.0184
1457006874760,996.0226
1457006874791,996.0309
1457006874820,996.0326
1457006874878,996.0226
1457006874920,996.0226
1457006874939,996.0226
1457006874967,996.0362
1457006874998,996.05255
1457006875027,996.0173
1457006875059,996.00256
1457006875089,996.00256
1457006875149,995.9726
1457006875176,995.96844
1457006875207,995.95264
1457006875241,995.96173
1457006875267,995.9726
1457006875298,995.9796
1457006875328,995.9826
1457006875358,995.9921
1457006875426,995.99255
1457006875447,995.99255
1457006875476,995.99255
1457006875517,995.99713
1457006875536,996.00256
1457006875570,996.00256
1457006875600,996.00256
1457006875627,996.01215
1457006875685,996.0118
1457006875716,996.00256
1457006875750,996.00916
1457006875780,996.0226
1457006875806,996.0226
1457006875840,996.0226
1457006875864,996.0226
1457006875895,996.0321
1457006875952,996.03174
1457006875984,996.0226
1457006876014,996.0259
1457006876043,996.0326
1457006876074,996.0442
1457006876106,996.05255
1457006876136,996.011
1457006876167,996.00256
1457006876233,996.0009
1457006876251,995.9826
1457006876280,995.97925
1457006876316,995.9726
1457006876341,995.98425
1457006876372,995.99255
1457006876402,995.99255
1457006876432,995.99255
1457006876488,995.99255
1457006876520,995.9947
1457006876553,996.00256
1457006876581,996.00256
1457006876612,996.00256
1457006876642,996.00256
1457006876668,996.00256
1457006876699,996.00256
1457006876760,995.99255
1457006876793,995.99255
1457006876819,995.99255
1457006876850,996.0065
1457006876881,996.0226
1457006876923,996.02966
1457006876944,996.0326
1457006876965,996.0326
1457006877027,996.04254
1457006877060,996.0404
1457006877090,996.0326
1457006877115,996.0326
1457006877145,996.0326
1457006877175,996.0468
1457006877205,996.05255
1457006877235,996.0044
1457006877301,995.9999
1457006877326,995.9726
1457006877354,995.9726
1457006877389,995.9726
1457006877426,995.9726
1457006877442,995.97974
1457006877473,995.9826
1457006877502,995.9826
1457006877564,995.98346
1457006877594,995.99255
1457006877625,995.9892
1457006877659,995.9826
1457006877684,995.9826
1457006877716,995.98975
1457006877742,995.99255
1457006877773,995.99255
1457006877833,995.99347
1457006877867,996.00256
1457006877892,996.00256
1457006877933,996.00256
1457006877953,996.0144
1457006877981,996.0226
1457006878011,996.031
1457006878042,996.0326
1457006878125,996.0344
1457006878135,996.05255
1457006878161,996.0491
1457006878192,996.04254
1457006878224,996.04254
1457006878250,996.04254
1457006878281,996.05945
1457006878310,996.06256
1457006878373,996.0126
1457006878398,996.0082
1457006878453,995.99255
1457006878460,995.99255
1457006878487,995.97473
1457006878520,995.9626
1457006878552,995.97107
1457006878581,995.9726
1457006878637,995.9826
1457006878667,995.9848
1457006878697,995.99255
1457006878726,995.99255
1457006878756,995.99255
1457006878786,995.99976
1457006878818,996.00256
1457006878848,996.00256
1457006878906,996.0126
1457006878953,996.0126
1457006878964,996.0126
1457006878994,996.0078
1457006879025,996.00256
1457006879056,996.017
1457006879085,996.0226
1457006879115,996.0323
1457006879176,996.03357
1457006879205,996.04254
1457006879234,996.04254
1457006879266,996.04254
1457006879295,996.04254
1457006879323,996.04254
1457006879359,996.04254
1457006879384,996.062
1457006879448,996.0586
1457006879473,996.0226
1457006879503,996.012
1457006879534,995.99255
1457006879565,995.99255
1457006879594,995.97076
1457006879626,995.9626
1457006879654,995.97235
1457006879717,995.97363
1457006879743,995.9826
1457006879772,995.9826
1457006879805,995.9826
1457006879835,995.98865
1457006879865,995.99255
1457006879892,996.0011
1457006879925,996.00256
1457006879980,996.00256
1457006880064,996.00256
1457006880065,996.00256
1457006880068,996.00256
1457006880098,995.9965
1457006880128,995.99255
1457006880163,996.0097
1457006880188,996.0126
1457006880250,996.0326
1457006880279,996.0349
1457006880310,996.04254
1457006880340,996.04254
1457006880369,996.04254
1457006880397,996.04254
1457006880428,996.04254
1457006880469,996.04254
1457006880515,996.06256
1457006880546,996.0509
1457006880577,996.0126
1457006880607,996.0029
1457006880639,995.99255
1457006880666,995.9706
1457006880697,995.9626
1457006880725,995.9626
1457006880788,995.9826
1457006880817,995.9826
1457006880851,995.9826
1457006880877,995.9874
1457006880906,995.99255
1457006880956,995.99255
1457006880976,995.99255
1457006880995,996.0123
1457006881055,996.0126
1457006881085,996.0126
1457006881114,996.0126
1457006881145,996.0126
1457006881180,996.0126
1457006881205,996.0052
1457006881239,996.00256
1457006881270,996.02234
1457006881329,996.02484
1457006881354,996.04254
1457006881382,996.0462
1457006881417,996.05255
1457006881459,996.05255
1457006881483,996.05255
1457006881504,996.05255
1457006881531,996.05255
1457006881593,996.0537
1457006881622,996.06256
1457006881655,996.0442
1457006881682,996.0126
1457006881711,996.0064
1457006881741,996.00256
1457006881771,995.9679
1457006881800,995.9626
1457006881906,995.9662
1457006881906,995.99255
1457006881918,995.9963
1457006881947,996.00256
1457006881977,996.00256
1457006882007,996.00256
1457006882042,996.00256
1457006882069,996.00256
1457006882130,996.0126
1457006882159,996.0126
1457006882189,996.0126
1457006882223,996.0126
1457006882249,996.0126
1457006882278,996.0126
1457006882308,995.9951
1457006882337,995.99255
1457006882398,996.00256
1457006882426,996.005
1457006882469,996.0126
1457006882495,996.0126
1457006882516,996.0126
1457006882545,996.0126
1457006882580,996.0213
1457006882611,996.0226
1457006882667,996.0226
1457006882696,996.0275
1457006882729,996.04254
1457006882755,996.01263
1457006882787,995.9826
1457006882827,995.9601
1457006882848,995.95264
1457006882875,995.9426
1457006882933,995.9426
1457006882975,995.9451
1457006882995,995.95264
1457006883021,995.95764
1457006883052,995.9626
1457006883082,995.9626
1457006883112,995.9626
1457006883172,995.9726
1457006883201,995.9739
1457006883231,995.9826
1457006883261,995.9863
1457006883291,995.99255
1457006883321,995.99255
1457006883351,995.99255
1457006883380,995.99255
1457006883440,995.9726
1457006883476,995.9752
1457006883516,995.99255
1457006883531,995.9964
1457006883561,996.00256
1457006883589,996.0089
1457006883620,996.0126
1457006883651,996.0126
1457006883715,996.0126
1457006883739,996.0126
1457006883770,996.0126
1457006883801,996.02405
1457006883830,996.04254
1457006883862,995.99817
1457006883893,995.9726
1457006883919,995.94604
1457006884003,995.9425
1457006884007,995.9326
1457006884036,995.9378
1457006884067,995.95264
1457006884097,995.95264
1457006884139,995.959
1457006884156,995.9626
1457006884189,995.97144
1457006884247,995.9725
1457006884287,995.9626
1457006884306,995.96783
1457006884336,995.9826
1457006884366,995.9826
1457006884397,995.9826
1457006884426,995.9826
1457006884472,995.9826
1457006884513,995.9824
1457006884543,995.9726
1457006884573,995.97784
1457006884604,995.99255
1457006884633,995.9977
1457006884663,996.00256
1457006884695,996.0102
1457006884724,996.0126
1457006884785,996.0126
1457006884813,996.0126
1457006884854,996.00995
1457006884878,996.00256
1457006884901,996.0128
1457006884931,996.0226
1457006884961,996.0226
1457006884990,996.0226
1457006885050,995.99255
1457006885080,995.98706
1457006885112,995.95264
1457006885141,995.9565
1457006885171,995.9626
1457006885201,995.9626
1457006885231,995.9702
1457006885273,995.9726
1457006885322,995.9726
1457006885352,995.9726
1457006885380,995.9726
1457006885411,995.9765
1457006885445,995.9826
1457006885501,995.9826
1457006885503,995.9826
1457006885528,995.9826
1457006885591,995.9826
1457006885617,995.984
1457006885648,995.99255
1457006885678,995.98865
1457006885706,995.9826
1457006885737,995.9954
1457006885769,996.00256
1457006885798,996.0115
1457006885857,996.01276
1457006885887,996.0226
1457006885921,996.0226
1457006885947,996.0186
1457006886016,996.0126
1457006886017,996.0061
1457006886036,996.00256
1457006886066,996.0205
1457006886125,996.02185
1457006886157,995.99255
1457006886191,995.9871
1457006886215,995.9726
1457006886250,995.9569
1457006886277,995.9426
1457006886305,995.9426
1457006886338,995.9606
1457006886394,995.9626
1457006886426,995.9626
1457006886456,995.96533
1457006886522,995.9726
1457006886522,995.9726
1457006886542,995.9726
1457006886572,995.98035
1457006886603,995.9826
1457006886662,995.9826
1457006886691,995.9826
1457006886722,995.97986
1457006886752,995.9726
1457006886782,995.97784
1457006886812,995.9826
1457006886845,995.9748
1457006886872,995.9726
1457006886933,996.0126
1457006886961,996.0141
1457006886996,996.0226
1457006887019,996.03064
1457006887049,996.04254
1457006887082,996.04254
1457006887113,996.0347
1457006887143,996.0326
1457006887203,996.0226
1457006887241,996.0242
1457006887261,996.0326
1457006887290,996.02844
1457006887324,996.0226
1457006887350,996.0094
1457006887380,996.00256
1457006887410,996.00256
1457006887469,995.9626
1457006887499,995.9658
1457006887526,995.9826
1457006887556,995.9826
1457006887588,995.9826
1457006887617,995.9892
1457006887646,995.99255
1457006887677,995.99255
1457006887736,995.99255
1457006887769,995.99255
1457006887802,995.99255
1457006887828,995.99255
1457006887857,995.99255
1457006887887,995.98596
1457006887917,995.9826
1457006887947,995.9826
1457006888021,995.9834
1457006888035,996.00256
1457006888066,996.0055
1457006888096,996.0126
1457006888124,996.0126
1457006888159,996.0126
1457006888191,996.0126
1457006888215,996.0217
1457006888275,996.0226
1457006888307,996.0226
1457006888334,996.0255
1457006888365,996.0326
1457006888395,996.02167
1457006888427,996.0126
1457006888453,995.9888
1457006888495,995.9826
1457006888541,995.9426
1457006888570,995.9426
1457006888605,995.9426
1457006888632,995.9426
1457006888662,995.9426
1457006888693,995.9426
1457006888726,995.95056
1457006888752,995.95264
1457006888820,995.95264
1457006888841,995.95264
1457006888871,995.95264
1457006888901,995.95264
1457006888931,995.95807
1457006888961,995.9626
1457006888997,995.9626
1457006889023,995.9626
1457006889078,995.9626
1457006889108,995.9608
1457006889147,995.95264
1457006889169,995.9654
1457006889199,995.9826
1457006889227,995.9826
1457006889259,995.9826
1457006889290,995.9826
1457006889348,995.9826
1457006889384,995.9826
1457006889409,995.9826
1457006889438,995.9826
1457006889472,995.9826
1457006889517,995.9826
1457006889541,995.9826
1457006889555,995.9826
1457006889616,995.9802
1457006889646,995.9426
1457006889677,995.9426
1457006889706,995.9426
1457006889737,995.9426
1457006889766,995.9426
1457006889795,995.9426
1457006889825,995.95197
1457006889886,995.95264
1457006889915,995.95264
1457006889946,995.95575
1457006889974,995.9626
1457006890024,995.96826
1457006890049,995.9726
1457006890064,995.9726
1457006890091,995.9726
1457006890156,995.9726
1457006890186,995.9726
1457006890216,995.9726
1457006890246,995.9726
1457006890275,995.9783
1457006890302,995.9826
1457006890333,995.9908
1457006890366,995.99255
1457006890425,995.9933
1457006890452,996.00256
1457006890480,996.00256
1457006890516,996.00256
1457006890539,995.9968
1457006890569,995.99255
1457006890599,996.01733
1457006890631,996.0226
1457006890694,996.00256
1457006890723,995.9965
1457006890748,995.9726
1457006890778,995.9726
1457006890808,995.95526
1457006890838,995.9426
1457006890868,995.9509
1457006890898,995.95264
1457006890958,995.95264
1457006890988,995.95465
1457006891022,995.9626
1457006891046,995.9626
1457006891076,995.9626
1457006891107,995.96967
1457006891138,995.9726
1457006891166,995.9726
1457006891227,995.9826
1457006891258,995.9826
1457006891288,995.9826
1457006891316,995.9872
1457006891351,995.99255
1457006891377,995.9855
1457006891405,995.9826
1457006891437,996.00183
1457006891496,996.00256
1457006891537,996.00256
1457006891561,996.00256
1457006891585,996.0072
1457006891616,996.0126
1457006891648,996.00543
1457006891679,996.00256
1457006891710,996.02185
1457006891770,996.0226
1457006891794,996.0226
1457006891824,996.0123
1457006891858,995.99255
1457006891882,995.99255
1457006891912,995.95667
1457006891963,995.9426
1457006891971,995.9523
1457006892030,995.95264
1457006892060,995.95264
1457006892090,995.95264
1457006892124,995.95264
1457006892152,995.95856
1457006892185,995.9626
1457006892212,995.97107
1457006892242,995.9726
1457006892301,995.9726
1457006892332,995.9726
1457006892361,995.9726
1457006892391,995.9726
1457006892425,995.9726
1457006892450,995.9726
1457006892481,995.9726
1457006892511,995.9726
1457006892567,995.9826
1457006892597,995.9872
1457006892627,996.00256
1457006892659,996.00256
1457006892688,996.0086
1457006892719,996.0126
1457006892749,996.0211
1457006892779,996.0226
1457006892839,996.0126
1457006892873,996.0149
1457006892898,996.0226
1457006892933,996.0274
1457006892961,996.0326
1457006892988,996.0326
1457006893017,995.99817
1457006893061,995.99255
1457006893104,995.9626
1457006893136,995.96497
1457006893167,995.9726
1457006893196,995.9774
1457006893225,995.9826
1457006893257,995.9826
1457006893286,995.9826
1457006893314,995.99243
1457006893375,995.99255
1457006893410,995.99255
1457006893434,995.99255
1457006893463,995.99255
1457006893495,995.99255
1457006893524,995.99255
1457006893554,995.99255
1457006893582,995.99255
1457006893646,995.99023
1457006893674,995.9726
1457006893705,995.9836
1457006893735,996.00256
1457006893761,996.00256
1457006893792,996.01
1457006893823,996.0126
1457006893851,996.02246
1457006893912,996.02136
1457006893941,996.0126
1457006893972,996.01624
1457006894005,996.0226
1457006894030,996.03503
1457006894072,996.04254
1457006894090,995.9989
1457006894119,995.99255
1457006894178,995.9901
1457006894208,995.9726
1457006894238,995.96136
1457006894267,995.9426
1457006894298,995.9551
1457006894330,995.9626
1457006894358,995.9626
1457006894390,995.9626
1457006894447,995.9726
1457006894479,995.9726
1457006894509,995.9726
1457006894611,995.9726
1457006894611,995.9789
1457006894611,995.9826
1457006894626,995.9826
1457006894685,995.9826
1457006894715,995.99255
1457006894744,995.9875
1457006894775,995.9726
1457006894806,995.98267
1457006894835,995.99255
1457006894865,995.99255
1457006894894,996.00134
1457006894962,996.0026
1457006894985,996.0126
1457006895013,996.0126
1457006895043,996.0126
1457006895073,996.01764
1457006895102,996.0226
1457006895134,996.03015
1457006895166,996.0326
1457006895223,995.9726
1457006895260,995.9726
1457006895288,995.96484
1457006895313,995.9426
1457006895347,995.9375
1457006895378,995.9326
1457006895404,995.9326
1457006895432,995.9326
1457006895492,995.9426
1457006895523,995.944
1457006895569,995.95264
1457006895608,995.95264
1457006895610,995.95264
1457006895640,995.95264
1457006895672,995.96027
1457006895704,995.9626
1457006895761,995.95264
1457006895791,995.954
1457006895821,995.9626
1457006895850,995.9587
1457006895883,995.95264
1457006895911,995.95905
1457006895940,995.9626
1457006895971,995.9626
1457006896030,995.9826
1457006896069,995.9841
1457006896094,995.99255
1457006896119,995.99255
1457006896148,995.99255
1457006896180,995.9861
1457006896210,995.9826
1457006896239,996.0006
1457006896298,996.0021
1457006896328,995.9826
1457006896359,995.9826
1457006896389,995.97046
1457006896418,995.95264
1457006896448,995.9264
1457006896478,995.9126
1457006896510,995.9307
1457006896590,995.9329
1457006896600,995.9426
1457006896625,995.9426
1457006896660,995.9426
1457006896775,995.9426
1457006896775,995.9426
1457006896775,995.9426
1457006896776,995.9517
1457006897291,995.98804
1457006897320,995.9826
1457006897350,995.9967
1457006897380,996.00256
1457006897410,995.993
1457006897470,995.99255
1457006897499,995.99255
1457006897556,995.99255
1457006897580,995.9741
1457006897588,995.95264
1457006897618,995.9597
1457006897648,995.9626
1457006897678,995.9818
1457006897738,995.9826
1457006897768,995.9826
1457006897806,995.9826
1457006897827,995.9826
1457006897857,995.9826
1457006897887,995.9826
1457006897917,995.9826
1457006897947,995.9826
1457006898006,995.9826
1457006898036,995.9826
1457006898066,995.986
1457006898096,995.99255
1457006898127,995.98065
1457006898159,995.9726
1457006898188,995.9726
1457006898225,996.0017
1457006898276,996.00256
1457006898305,996.00256
1457006898336,996.0096
1457006898365,996.0226
1457006898395,996.01654
1457006898429,996.0126
1457006898456,996.0211
1457006898489,996.0226
1457006898549,996.04254
1457006898574,996.04254
1457006898605,996.0248
1457006898635,995.99255
1457006898666,995.98047
1457006898694,995.9726
1457006898725,995.9469
1457006898755,995.9426
1457006898814,995.95264
1457006898847,995.95496
1457006898881,995.9626
1457006898902,995.96747
1457006898934,995.9726
1457006898963,995.9726
1457006899008,995.9726
1457006899020,995.9726
1457006899082,995.9826
1457006899113,995.9826
1457006899141,995.9826
1457006899177,995.9875
1457006899202,995.99255
1457006899231,995.9777
1457006899262,995.9726
1457006899290,995.98254
1457006899350,995.9826
1457006899379,995.9875
1457006899411,996.00256
1457006899440,996.0075
1457006899470,996.0126
1457006899501,996.0126
1457006899528,996.0126
1457006899565,996.0126
1457006899623,996.015
1457006899649,996.0326
1457006899678,996.0326
1457006899707,996.0225
1457006899738,996.0126
1457006899774,996.00507
1457006899799,996.00256
1457006899858,995.95264
1457006899888,995.9552
1457006899918,995.9726
1457006899946,995.97644
1457006899982,995.9826
1457006900007,995.9889
1457006900036,995.99255
1457006900067,995.99255
1457006900125,996.00256
1457006900157,996.00256
1457006900190,996.00256
1457006900215,996.0065
1457006900249,996.0126
1457006900276,996.00616
1457006900305,996.00256
1457006900336,995.99365
1457006900395,995.99255
1457006900425,995.99255
1457006900454,995.99255
1457006900484,996.0005
1457006900517,996.0126
1457006900545,996.0126
1457006900577,996.0126
1457006900602,996.0126
1457006900660,996.0123
1457006900689,996.00256
1457006900720,996.00806
1457006900750,996.0226
1457006900779,996.0226
1457006900810,996.0226
1457006900839,996.0226
1457006900869,996.0045
1457006900929,996.00146
1457006900961,995.9626
1457006900988,995.9682
1457006901021,995.9826
1457006901048,995.9826
1457006901080,995.9826
1457006901110,995.9904
1457006901140,995.99255
1457006901225,995.99255
1457006901228,995.99255
1457006901258,995.99255
1457006901288,995.99255
1457006901319,995.9979
1457006901348,996.00256
1457006901378,996.00256
1457006901407,996.00256
1457006901467,996.00256
1457006901497,996.00256
1457006901528,996.00256
1457006901557,996.00256
1457006901591,996.0134
1457006901617,996.0226
1457006901646,996.0305
1457006901717,996.0326
1457006901746,996.04254
1457006901764,996.04083
1457006901793,996.0326
1457006901823,996.03674
1457006901853,996.04254
1457006901882,996.04254
1457006901912,996.03455
1457006901942,996.0326
1457006902001,996.0226
1457006902031,996.01556
1457006902061,995.9826
1457006902091,995.9868
1457006902121,995.99255
1457006902151,995.9993
1457006902181,996.00256
1457006902211,996.00256
1457006902270,996.00256
1457006902300,996.00256
1457006902330,996.00256
1457006902360,996.0069
1457006902390,996.0126
1457006902419,996.0126
1457006902449,996.0126
1457006902479,996.0126
1457006902539,996.01135
1457006902569,995.99255
1457006902599,995.99255
1457006902628,995.99255
1457006902658,995.99255
1457006902688,995.99945
1457006902718,996.00256
1457006902748,996.01196
1457006902807,996.0132
1457006902837,996.0226
1457006902867,996.0194
1457006902897,996.0126
1457006902927,996.0239
1457006902956,996.0326
1457006902986,996.0326
1457006903016,996.0326
1457006903076,996.03046
1457006903106,996.00256
1457006903135,995.9897
1457006903165,995.9626
1457006903195,995.9683
1457006903225,995.9726
1457006903255,995.98083
1457006903284,995.9826
1457006903344,995.9826
1457006903374,995.9826
1457006903404,995.98584
1457006903434,995.99255
1457006903463,995.99255
1457006903493,995.99255
1457006903523,995.99255
1457006903553,995.99255
1457006903612,996.00256
1457006903642,996.0005
1457006903672,995.99255
1457006903702,995.99255
1457006903732,995.99255
1457006903761,995.99255
1457006903791,996.00934
1457006903821,996.0126
1457006903881,996.0126
1457006903911,996.0147
1457006903940,996.0226
1457006903970,996.0226
1457006904000,996.0226
1457006904030,996.0298
1457006904060,996.0326
1457006904090,996.0132
1457006904149,996.0126
1457006904199,996.0081
1457006904209,995.99255
1457006904239,995.98315
1457006904268,995.9726
1457006904298,995.97986
1457006904328,995.9826
1457006904358,995.9923
1457006904418,995.9936
1457006904447,996.00256
1457006904477,996.00256
1457006904507,996.00256
1457006904537,996.00256
1457006904567,996.00256
1457006904597,996.00256
1457006904626,996.0124
1457006904686,996.0126
1457006904716,996.0126
1457006904746,996.0054
1457006904776,995.99255
1457006904805,995.99255
1457006904835,995.99255
1457006904865,995.99255
1457006904895,996.0123
1457006905000,996.0137
1457006905000,996.0226
1457006905014,996.0226
1457006905043,996.0226
1457006905074,996.0226
1457006905104,996.0226
1457006905134,996.0399
1457006905163,996.04254
1457006905225,996.0226
1457006905256,996.0226
1457006905285,996.01514
1457006905315,996.00256
1457006905350,995.9839
1457006905374,995.9726
1457006905405,995.9901
1457006905468,995.99255
1457006905494,996.00256
1457006905523,996.00256
1457006905561,996.00256
1457006905583,996.00256
1457006905614,996.00885
1457006905644,996.0126
1457006905672,996.0126
1457006905733,996.0126
1457006905767,996.0126
1457006905792,996.0126
1457006905823,996.0126
1457006905849,996.0126
1457006905881,996.0126
1457006905915,996.0126
1457006905941,996.0126
1457006906000,996.0128
1457006906030,996.0326
1457006906061,996.0352
1457006906089,996.04254
1457006906120,996.05286
1457006906150,996.06256
1457006906180,996.0549
1457006906237,996.05255
1457006906284,996.05255
1457006906303,996.05255
1457006906328,996.05255
1457006906356,996.05255
1457006906386,996.0368
1457006906415,996.0226
1457006906445,995.99927
1457006906476,995.99255
1457006906535,995.99255
1457006906572,995.99414
1457006906596,996.00256
1457006906626,996.00256
1457006906655,996.00256
1457006906689,996.00256
1457006906716,996.00256
1457006906749,996.00256
1457006906809,996.00256
1457006906836,996.00256
1457006906866,996.00256
1457006906896,996.00256
1457006906924,996.00256
1457006906954,996.00256
1457006906983,996.00256
1457006907015,995.99335
1457006907073,995.99255
1457006907107,995.99774
1457006907134,996.0226
1457006907164,996.0268
1457006907194,996.0326
1457006907222,996.0393
1457006907257,996.04254
1457006907282,996.0239
1457006907341,996.0231
1457006907376,996.0326
1457006907401,996.0326
1457006907430,996.0326
1457006907466,996.0326
1457006907491,996.0188
1457006907521,996.0126
1457006907551,995.975
1457006907610,995.9739
1457006907639,995.99255
1457006907671,995.9957
1457006907699,996.00256
1457006907731,996.00256
1457006907760,996.00256
1457006907789,996.00256
1457006907819,996.012
1457006907879,996.0126
1457006907907,996.0126
1457006907937,996.0126
1457006907967,996.0126
1457006907998,996.0126
1457006908028,996.0126
1457006908056,996.0126
1457006908091,996.0126
1457006908148,996.00256
1457006908177,996.00256
1457006908206,996.0127
1457006908241,996.0326
1457006908266,996.03845
1457006908296,996.04254
1457006908326,996.05096
1457006908355,996.05255
1457006908415,996.04254
1457006908450,996.04254
1457006908476,996.04254
1457006908506,996.04254
1457006908535,996.04254
1457006908563,996.04254
1457006908595,996.01697
1457006908625,996.0126
1457006908683,995.9826
1457006908714,995.98486
1457006908744,995.99255
1457006908772,995.99744
1457006908803,996.00256
1457006908836,996.00256
1457006908862,996.00256
1457006908889,996.00256
1457006908952,996.00256
1457006908978,996.005
1457006909012,996.0126
1457006909040,996.0126
1457006909068,996.0126
1457006909099,996.0126
1457006909128,996.0126
1457006909161,996.0126
1457006909219,996.01135
1457006909249,996.00256
1457006909278,996.00256
1457006909307,996.0176
1457006909338,996.0326
1457006909370,996.0401
1457006909396,996.04254
1457006909456,996.04254
1457006909486,996.04126
1457006909516,996.0326
1457006909545,996.0364
1457006909575,996.04254
1457006909605,996.0489
1457006909635,996.05255
1457006909665,996.05255
1457006909727,996.00256
1457006909755,995.99976
1457006909791,995.9826
1457006909815,995.9826
1457006909846,995.9826
1457006909876,995.989
1457006909904,995.99255
1457006909936,996.0015
1457006910000,996.00256
1457006910023,996.00256
1457006910058,996.00256
1457006910085,996.0066
1457006910115,996.0126
1457006910150,996.0126
1457006910174,996.0126
1457006910207,996.0126
1457006910268,996.0126
1457006910293,996.0126
1457006910323,996.0069
1457006910354,995.99255
1457006910382,995.99255
1457006910420,996.00574
1457006910442,996.0126
1457006910471,996.0126
1457006910535,996.01294
1457006910562,996.0226
1457006910591,996.01965
1457006910622,996.0126
1457006910651,996.02344
1457006910680,996.0326
1457006910711,996.0405
1457006910740,996.04254
1457006910800,996.04114
1457006910830,996.0126
1457006910858,996.00366
1457006910889,995.9826
1457006910919,995.96606
1457006910948,995.95264
1457006910979,995.96063
1457006911009,995.9626
1457006911068,995.9726
1457006911097,995.9726
1457006911135,995.97565
1457006911157,995.9826
1457006911188,995.9826
1457006911217,995.9826
1457006911246,995.99066
1457006911282,995.99255
1457006911338,995.99255
1457006911367,995.99255
1457006911397,995.99255
1457006911427,995.99695
1457006911456,996.00256
1457006911490,996.00256
1457006911516,996.00256
1457006911547,996.00256
1457006911614,996.0226
1457006911635,996.02454
1457006911664,996.0326
1457006911700,996.0415
1457006911722,996.05255
1457006911757,996.0386
1457006911782,996.0326
1457006911814,996.0421
1457006911874,996.04254
1457006911908,996.0446
1457006911932,996.05255
1457006911967,996.0343
1457006911991,996.0126
1457006912023,995.9842
1457006912058,995.9726
1457006912081,995.963
1457006912142,995.96344
1457006912171,995.9726
1457006912200,995.9726
1457006912231,995.9726
1457006912261,995.9726
1457006912290,995.97974
1457006912320,995.9826
1457006912351,995.9826
1457006912410,995.9826
1457006912440,995.9826
1457006912470,995.9861
1457006912500,995.99255
1457006912533,995.99255
1457006912558,995.99255
1457006912588,995.99255
1457006912619,995.973
1457006912677,995.97363
1457006912707,995.9826
1457006912738,995.98615
1457006912767,995.99255
1457006912797,995.99255
1457006912828,995.99255
1457006912857,996.00116
1457006912887,996.00256
1457006912950,995.99255
1457006912975,995.99255
1457006913004,996.00354
1457006913041,996.0226
1457006913067,996.0164
1457006913096,996.0126
1457006913126,995.99524
1457006913155,995.99255
1457006913215,995.9626
1457006913246,995.9651
1457006913275,995.9726
1457006913304,995.9726
1457006913334,995.9726
1457006913364,995.9726
1457006913402,995.9814
1457006913458,995.9826
1457006913481,995.9826
1457006913514,995.9851
1457006913546,995.99255
1457006913571,995.99255
1457006913608,995.99255
1457006913633,995.99255
1457006913662,995.99255
1457006913726,995.99255
1457006913751,995.99255
1457006913781,995.99255
1457006913811,995.99255
1457006913841,996.00287
1457006913885,996.0126
1457006913900,996.0126
1457006913930,996.0126
1457006913988,996.0226
1457006914020,996.0226
1457006914048,996.01984
1457006914081,996.0126
1457006914108,996.0178
1457006914139,996.0226
1457006914170,996.0381
1457006914216,996.04254
1457006914256,995.99255
1457006914288,995.9879
1457006914316,995.9626
1457006914346,995.9585
1457006914380,995.95264
1457006914407,995.95264
1457006914437,995.96045
1457006914467,995.9626
1457006914527,995.9626
1457006914555,995.96423
1457006914592,995.9726
1457006914614,995.9767
1457006914645,995.9826
1457006914674,995.9826
1457006914739,995.9826
1457006914739,995.9826
1457006914795,995.9826
1457006914823,995.9843
1457006914854,995.99255
1457006914882,995.98413
1457006914912,995.9726
1457006914949,995.9726
1457006914971,995.9726
1457006915005,995.9911
1457006915067,995.9931
1457006915094,996.00256
1457006915122,996.00256
1457006915156,995.9983
1457006915181,995.99255
1457006915212,995.99255
1457006915243,995.99255
1457006915271,996.0206
1457006915331,996.0226
1457006915362,996.0226
1457006915392,996.0132
1457006915421,995.99255
1457006915451,995.97
1457006915480,995.95264
1457006915511,995.95264
1457006915541,995.97144
1457006915600,995.9726
1457006915630,995.9726
1457006915658,995.9758
1457006915688,995.9826
1457006915720,995.9826
1457006915748,995.9826
1457006915782,995.9826
1457006915808,995.9826
1457006915867,995.9826
1457006915898,995.9826
1457006915936,995.9826
1457006915957,995.9826
1457006915987,995.9826
1457006916018,995.9826
1457006916046,995.9659
1457006916078,995.9626
1457006916142,995.9826
1457006916165,995.9826
1457006916199,995.9826
1457006916227,995.9826
1457006916256,995.9885
1457006916287,995.99255
1457006916316,995.99255
1457006916345,995.99255
1457006916405,996.00256
1457006916436,996.00696
1457006916464,996.0226
1457006916498,995.99884
1457006916527,995.9726
1457006916554,995.9508
1457006916584,995.9426
1457006916614,995.9426
1457006916674,995.9326
1457006916704,995.93494
1457006916734,995.9426
1457006916766,995.9474
1457006916791,995.95264
1457006916823,995.95264
1457006916852,995.95264
1457006916883,995.95264
1457006916940,995.95374
1457006916971,995.9626
1457006917001,995.9626
1457006917030,995.9626
1457006917069,995.9626
1457006917089,995.9626
1457006917124,995.9626
1457006917149,995.95264
1457006917209,995.95386
1457006917239,995.9626
1457006917268,995.9701
1457006917300,995.9826
1457006917328,995.9826
1457006917359,995.9901
1457006917387,995.99255
1457006917447,996.00256
1457006917478,996.0013
1457006917508,995.99255
1457006917538,996.00024
1457006917566,996.0126
1457006917597,995.9872
1457006917632,995.9726
1457006917656,995.94604
1457006917714,995.9426
1457006917745,995.9412
1457006917775,995.9326
1457006917805,995.9365
1457006917838,995.9426
1457006917865,995.94904
1457006917896,995.95264
1457006917925,995.96155
1457006917984,995.9626
1457006918015,995.9626
1457006918044,995.96533
1457006918074,995.9726
1457006918105,995.9726
1457006918134,995.9726
1457006918164,995.9726
1457006918199,995.9726
1457006918258,995.9721
1457006918284,995.95264
1457006918314,995.961
1457006918343,995.9826
1457006918372,995.9879
1457006918407,995.99255
1457006918432,995.99255
1457006918465,996.00165
1457006918521,996.00256
1457006918550,996.00256
1457006918580,996.00256
1457006918611,996.00256
1457006918640,996.01337
1457006918669,996.0226
1457006918699,995.99884
1457006918730,995.99255
1457006918789,995.99255
1457006918819,995.99255
1457006918850,995.9808
1457006918880,995.95264
1457006918908,995.96906
1457006918938,995.9826
1457006918971,995.9826
1457006918996,995.9826
1457006919056,995.9826
1457006919088,995.9826
1457006919116,995.9826
1457006919145,995.9869
1457006919177,995.99255
1457006919229,995.99255
1457006919237,996.0007
1457006919266,996.00256
1457006919325,995.99255
1457006919357,995.9907
1457006919389,995.9826
1457006919420,995.9826
1457006919446,995.9826
1457006919476,995.9964
1457006919506,996.00256
1457006919538,996.00256
1457006919600,996.0126
1457006919623,996.0145
1457006919658,996.0226
1457006919685,996.01807
1457006919712,996.0126
1457006919745,996.0196
1457006919774,996.0226
1457006919804,996.0416
1457006919864,996.0394
1457006919893,996.00256
1457006919922,996.00256
1457006919957,995.9934
1457006919982,995.9826
1457006920015,995.9684
1457006920043,995.9626
1457006920072,995.97217
1457006920131,995.9726
1457006920162,995.9726
1457006920190,995.97595
1457006920220,995.9826
1457006920251,995.9826
1457006920280,995.9826
1457006920310,995.9826
1457006920340,995.9826
1457006920400,995.9826
1457006920429,995.9826
1457006920458,995.9826
1457006920487,995.9826
1457006920526,995.97656
1457006920547,995.9726
1457006920582,995.9726
1457006920607,995.9726
1457006920667,995.97363
1457006920699,995.9826
1457006920727,995.98615
1457006920757,995.99255
1457006920787,995.99866
1457006920817,996.00256
1457006920845,996.00256
1457006920881,996.00256
1457006920936,996.00256
1457006920966,996.00256
1457006920999,996.00256
1457006921026,996.00256
1457006921054,995.9902
1457006921086,995.9826
1457006921116,995.9564
1457006921145,995.95264
1457006921205,995.95264
1457006921235,995.9551
1457006921264,995.9626
1457006921301,995.96765
1457006921323,995.9726
1457006921354,995.9726
1457006921384,995.9726
1457006921442,995.97266
1457006921472,995.9826
1457006921505,995.9826
1457006921533,995.9826
1457006921562,995.9826
1457006921593,995.9826
1457006921621,995.99023
1457006921652,995.99255
1457006921712,995.9826
1457006921742,995.9826
1457006921771,995.9879
1457006921800,996.00256
1457006921829,996.00256
1457006921865,996.00256
1457006921890,996.01025
1457006921920,996.0126
1457006921980,996.0126
1457006922009,996.0126
1457006922038,996.0126
1457006922069,996.0206
1457006922099,996.0326
1457006922132,996.0326
1457006922158,996.01697
1457006922189,996.0126
1457006922247,996.00256
1457006922286,995.9978
1457006922307,995.9726
1457006922337,995.9767
1457006922365,995.9826
1457006922395,995.9826
1457006922431,995.9826
1457006922457,995.9826
1457006922516,995.9826
1457006922549,995.9826
1457006922576,995.9826
1457006922606,995.98676
1457006922635,995.99255
1457006922665,995.99927
1457006922698,996.00256
1457006922725,996.00256
1457006922785,996.0016
1457006922813,995.9826
1457006922845,995.9826
1457006922877,995.9869
1457006922903,995.99255
1457006922932,996.00616
1457006922962,996.0126
1457006922994,996.02185
1457006923054,996.02313
1457006923083,996.0326
1457006923112,996.0294
1457006923143,996.0226
1457006923171,996.0338
1457006923202,996.04254
1457006923232,996.04254
1457006923261,996.04254
1457006923320,996.0412
1457006923351,996.0226
1457006923380,996.013
1457006923410,995.99255
1457006923440,996.00397
1457006923469,996.0126
1457006923500,996.0126
1457006923529,996.0126
1457006923590,996.0126
1457006923619,996.0126
1457006923650,996.0126
1457006923680,996.0126
1457006923708,996.0126
1457006923737,996.0126
1457006923768,996.0209
1457006923798,996.0226
1457006923893,996.0126
1457006923895,996.0126
1457006923917,996.0126
1457006923947,996.0126
1457006923978,996.0067
1457006924006,996.00256
1457006924037,996.0109
1457006924064,996.0126
1457006924128,996.0126
1457006924156,996.0147
1457006924188,996.0226
1457006924214,996.0226
1457006924250,996.0226
1457006924274,996.0297
1457006924306,996.0326
1457006924336,996.0326
1457006924395,996.0226
1457006924423,996.0203
1457006924454,996.0126
1457006924482,995.99365
1457006924514,995.9726
1457006924543,995.97986
1457006924574,995.9826
1457006924604,995.9826
1457006924662,995.9826
1457006924691,995.98486
1457006924723,995.99255
1457006924752,995.9974
1457006924782,996.00256
1457006924811,996.00256
1457006924842,996.00256
1457006924870,996.0124
1457006924932,996.0126
1457006924961,996.0126
1457006924988,996.0089
1457006925021,996.00256
1457006925050,996.00256
1457006925080,995.9951
1457006925110,995.99255
1457006925139,996.0025
1457006925199,996.0038
1457006925229,996.0126
1457006925257,996.0163
1457006925286,996.0226
1457006925320,996.0226
1457006925349,996.0226
1457006925378,996.0226
1457006925437,996.0226
1457006925467,996.02515
1457006925498,996.04254
1457006925527,996.02734
1457006925557,996.00256
1457006925590,995.9899
1457006925618,995.9826
1457006925646,995.956
1457006925704,995.9529
1457006925736,995.9726
1457006925765,995.9726
1457006925795,995.9726
1457006925825,995.9726
1457006925856,995.9726
1457006925886,995.9726
1457006925915,995.9815
1457006925975,995.9826
1457006926008,995.9826
1457006926035,995.98535
1457006926064,995.99255
1457006926099,995.99255
1457006926123,995.99255
1457006926157,995.99255
1457006926181,995.99255
1457006926242,995.99255
1457006926272,995.99255
1457006926305,995.99817
1457006926332,996.0126
1457006926366,996.0179
1457006926390,996.0226
1457006926421,996.0304
1457006926451,996.0326
1457006926511,996.0226
1457006926540,996.0226
1457006926571,996.02545
1457006926599,996.0326
1457006926629,996.03796
1457006926660,996.04254
1457006926689,996.0267
1457006926720,996.0226
1457006926778,995.9826
1457006926807,995.9843
1457006926838,995.99255
1457006926869,995.99255
1457006926897,995.9981
1457006926928,996.00256
1457006926959,996.00256
1457006926987,996.00256
1457006927047,996.00256
1457006927081,996.00256
1457006927107,996.00256
1457006927137,996.0069
1457006927167,996.0126
1457006927196,996.0057
1457006927231,996.00256
1457006927256,996.00256
1457006927315,995.99255
1457006927350,995.99255
1457006927374,995.99255
1457006927404,995.997
1457006927439,996.00256
1457006927465,996.00256
1457006927495,996.00256
1457006927525,996.00256
1457006927587,996.00256
1457006927613,996.00256
1457006927646,996.00256
1457006927672,996.0071
1457006927707,996.0126
1457006927733,996.0055
1457006927761,996.00256
1457006927798,995.9834
1457006927857,995.98004
1457006927882,995.95264
1457006927912,995.95935
1457006927942,995.9726
1457006927971,995.9726
1457006928002,995.9726
1457006928030,995.9726
1457006928065,995.9823
1457006928120,995.9826
1457006928149,995.9826
1457006928180,995.9861
1457006928210,995.99255
1457006928240,995.99255
1457006928270,995.99255
1457006928299,995.99255
1457006928329,995.99255
1457006928389,995.99255
1457006928418,995.99255
1457006928446,995.989
1457006928482,995.9826
1457006928506,995.98865
1457006928538,995.99255
1457006928567,996.00116
1457006928595,996.00256
1457006928658,996.00256
1457006928686,996.00256
1457006928715,996.00256
1457006928746,996.00256
1457006928781,996.0149
1457006928804,996.0226
1457006928839,996.03125
1457006928888,996.0326
1457006928925,995.99255
1457006928955,995.9826
1457006928985,995.95264
1457006929014,995.95264
1457006929045,995.95264
1457006929072,995.95264
1457006929108,995.9614
1457006929166,995.96265
1457006929194,995.9726
1457006929221,995.9726
1457006929257,995.9726
1457006929283,995.9726
1457006929311,995.9726
1457006929343,995.9802
1457006929372,995.9826
1457006929433,995.9826
1457006929459,995.9826
1457006929492,995.9826
1457006929521,995.9826
1457006929551,995.9774
1457006929581,995.9726
1457006929610,995.98035
1457006929639,995.9826
1457006929701,995.99255
1457006929730,995.99255
1457006929760,995.99255
1457006929790,995.99255
1457006929820,995.99786
1457006929847,996.00256
1457006929877,996.00256
1457006929909,996.00256
1457006929969,996.0226
1457006929999,996.0242
1457006930028,996.0326
1457006930057,996.016
1457006930087,995.99255
1457006930117,995.96594
1457006930147,995.95264
1457006930181,995.95264
1457006930240,995.95264
1457006930267,995.9543
1457006930297,995.9626
1457006930331,995.9668
1457006930356,995.9726
1457006930385,995.9726
1457006930415,995.9726
1457006930447,995.9726
1457006930506,995.9737
1457006930535,995.99255
1457006930564,995.99255
1457006930598,995.99255
1457006930623,995.99255
1457006930653,995.99255
1457006930687,995.99255
1457006930715,995.9832
1457006930773,995.9832
1457006930804,995.99255
1457006930834,995.9957
1457006930862,996.00256
1457006930892,996.00256
1457006930922,996.0165
1457006930956,996.0226
1457006930982,996.0226
1457006931041,996.02185
1457006931070,996.0126
1457006931100,996.0191
1457006931131,996.0326
1457006931160,996.0326
1457006931189,996.0326
1457006931219,996.0077
1457006931254,996.00256
1457006931310,995.99927
1457006931339,995.9626
1457006931370,995.96594
1457006931399,995.9726
1457006931429,995.97845
1457006931459,995.9826
1457006931489,995.99097
1457006931519,995.99255
1457006931578,995.99255
1457006931607,995.99255
1457006931637,995.99255
1457006931668,995.99255
1457006931697,995.99854
1457006931731,996.00256
1457006931756,996.00256
1457006931785,996.00256
1457006931846,996.00256
1457006931874,996.0003
1457006931903,995.99255
1457006931933,996.00214
1457006931963,996.0126
1457006931993,996.0126
1457006932023,996.0211
1457006932054,996.0226
1457006932115,996.0326
1457006932146,996.0326
1457006932174,996.0326
1457006932204,996.0326
1457006932239,996.0326
1457006932264,996.0399
1457006932297,996.04254
1457006932322,996.0227
1457006932383,996.0226
1457006932414,996.0177
1457006932442,996.00256
1457006932473,995.98267
1457006932502,995.9626
1457006932531,995.97754
1457006932563,995.9826
1457006932621,995.9826
1457006932652,995.9839
1457006932681,995.99255
1457006932711,995.99255
1457006932740,995.99255
1457006932769,995.99255
1457006932801,996.0001
1457006932830,996.00256
1457006932889,996.00256
1457006932920,996.00256
1457006932949,996.00256
1457006932979,996.00256
1457006933009,996.00256
1457006933038,995.98975
1457006933072,995.9826
1457006933097,995.9826
1457006933159,996.00256
1457006933188,996.004
1457006933218,996.0126
1457006933245,996.01654
1457006933281,996.0226
1457006933306,996.01605
1457006933335,996.0126
1457006933367,996.0216
1457006933428,996.0229
1457006933457,996.0326
1457006933486,996.0326
1457006933515,996.0162
1457006933546,995.99255
1457006933580,995.9727
1457006933603,995.9626
1457006933635,995.94434
1457006933698,995.9434
1457006933725,995.9626
1457006933754,995.9626
1457006933787,995.9626
1457006933815,995.9626
1457006933843,995.9626
1457006933874,995.9626
1457006933903,995.9626
1457006933962,995.9636
1457006933992,995.9826
1457006934020,995.9826
1457006934052,995.9826
1457006934083,995.9826
1457006934111,995.9826
1457006934142,995.9826
1457006934171,995.9826
1457006934236,995.9826
1457006934306,995.9826
1457006934308,995.98883
1457006934320,996.00256
1457006934351,996.00824
1457006934379,996.0126
1457006934408,996.02075
1457006934439,996.0226
1457006934496,996.0126
1457006934526,996.0145
1457006934556,996.0226
1457006934586,996.0226
1457006934616,996.0283
1457006934646,996.0326
1457006934675,996.0077
1457006934705,996.00256
1457006934765,995.9626
1457006934795,995.96466
1457006934825,995.9726
1457006934865,995.9772
1457006934886,995.9826
1457006934918,995.9826
1457006934947,995.9826
1457006934977,995.9826
1457006935040,995.9826
1457006935065,995.98474
1457006935095,995.99255
1457006935130,995.9973
1457006935156,996.00256
1457006935186,996.00256
1457006935215,996.00256
1457006935243,996.00256
1457006935304,996.00256
1457006935337,996.0003
1457006935364,995.99255
1457006935394,995.9974
1457006935423,996.00256
1457006935453,996.0099
1457006935488,996.0126
1457006935514,996.02246
1457006935572,996.0226
1457006935606,996.0226
1457006935632,996.02625
1457006935662,996.0326
1457006935695,996.0326
1457006935721,996.04
1457006935751,996.04254
1457006935780,995.99274
1457006935840,995.9889
1457006935869,995.9626
1457006935901,995.95886
1457006935929,995.95264
1457006935963,995.9652
1457006935989,995.9726
1457006936019,995.9726
1457006936079,995.9826
1457006936113,995.98395
1457006936137,995.99255
1457006936169,995.98865
1457006936197,995.9826
1457006936228,995.989
1457006936258,995.99255
1457006936288,996.0015
1457006936347,996.00256
1457006936380,996.00256
1457006936405,996.00256
1457006936436,995.99457
1457006936471,995.9826
1457006936495,995.98914
1457006936529,995.99255
1457006936555,996.00165
1457006936614,996.0029
1457006936646,996.0126
1457006936676,996.0126
1457006936704,996.0126
1457006936738,996.0126
1457006936765,996.0126
1457006936795,996.0126
1457006936824,996.0217
1457006936889,996.0221
1457006936913,996.0126
1457006936942,996.00665
1457006936973,995.99255
1457006937006,995.9761
1457006937033,995.9626
1457006937062,995.97864
1457006937096,995.9826
1457006937153,995.98315
1457006937182,995.99255
1457006937211,995.99255
1457006937242,995.99255
1457006937272,995.99255
1457006937301,995.99255
1457006937331,996.0007
1457006937360,996.00256
1457006937420,996.00256
1457006937450,996.00256
1457006937480,996.00256
1457006937509,996.00256
1457006937537,996.00256
1457006937569,996.00256
1457006937599,996.00256
1457006937629,996.00256
1457006937688,996.0226
1457006937718,996.0226
1457006937747,996.0226
1457006937777,996.0271
1457006937808,996.0326
1457006937838,996.0326
1457006937867,996.0326
1457006937895,996.0326
1457006937957,996.0326
1457006937985,996.03674
1457006938016,996.05255
1457006938046,996.0387
1457006938079,996.0226
1457006938107,996.00116
1457006938136,995.99255
1457006938166,995.9539
1457006938230,995.95264
1457006938255,995.957
1457006938284,995.9726
1457006938314,995.9726
1457006938345,995.9726
1457006938379,995.97986
1457006938401,995.9826
1457006938438,995.9826
1457006938493,995.98364
1457006938522,995.99255
1457006938554,995.99255
1457006938584,995.99255
1457006938613,995.99255
1457006938642,995.9852
1457006938673,995.9826
1457006938701,995.99243
1457006938760,995.99146
1457006938791,995.9826
1457006938820,995.9899
1457006938850,996.00256
1457006938880,996.01495
1457006938910,996.0226
1457006938941,996.0226
1457006938970,996.03253
1457006939030,996.0313
1457006939059,996.0226
1457006939088,996.0226
1457006939118,996.0226
1457006939149,996.0289
1457006939178,996.0326
1457006939209,996.0326
1457006939280,996.0322
1457006939296,996.00256
1457006939327,996.00256
1457006939359,995.98706
1457006939387,995.9626
1457006939418,995.969
1457006939446,995.9726
1457006939477,995.9815
1457006939537,995.9826
1457006939566,995.9826
1457006939596,995.9853
1457006939629,995.99255
1457006939656,995.99255
1457006939686,995.99255
1457006939720,995.99255
1457006939745,996.0016
1457006939805,996.00256
1457006939834,996.00256
1457006939864,996.00256
1457006939895,996.00256
1457006939925,995.99725
1457006939955,995.99255
1457006939984,996.0083
1457006940013,996.0126
1457006940074,996.0126
1457006940102,996.0126
1457006940135,996.0155
1457006940161,996.0226
1457006940192,996.0226
1457006940220,996.0226
1457006940251,996.0226
1457006940285,996.0226
1457006940341,996.04254
1457006940371,996.03906
1457006940400,996.0226
1457006940431,996.0226
1457006940460,996.006
1457006940490,995.99255
1457006940519,995.9604
1457006940550,995.95264
1457006940609,995.9626
1457006940639,995.9644
1457006940667,995.9726
1457006940699,995.9726
1457006940729,995.9726
1457006940758,995.9726
1457006940787,995.9726
1457006940816,995.9726
1457006940877,995.9826
1457006940911,995.9826
1457006940937,995.9826
1457006940967,995.97815
1457006940995,995.9726
1457006941025,995.9866
1457006941058,995.99255
1457006941084,995.98303
1457006941147,995.9826
1457006941177,995.9867
1457006941206,996.00256
1457006941234,996.00714
1457006941268,996.0126
1457006941295,996.02673
1457006941328,996.0326
1457006941353,996.02295
1457006941413,996.02344
1457006941443,996.0326
1457006941478,996.03595
1457006941505,996.04254
1457006941534,996.04254
1457006941563,996.0066
1457006941594,995.99255
1457006941624,995.9634
1457006941686,995.9616
1457006941713,995.95264
1457006941742,995.9561
1457006941773,995.9626
1457006941801,995.9686
1457006941832,995.9726
1457006941862,995.9726
1457006941891,995.9726
1457006941956,995.9726
1457006941979,995.9726
1457006942009,995.9762
1457006942041,995.9826
1457006942069,995.9826
1457006942101,995.9826
1457006942130,995.9912
1457006942160,995.99255
1457006942219,995.9726
1457006942249,995.9726
1457006942276,995.98
1457006942312,995.99255
1457006942337,995.9988
1457006942367,996.00256
1457006942398,996.01135
1457006942462,996.0126
1457006942486,996.0126
1457006942520,996.0126
1457006942546,996.0126
1457006942575,996.01764
1457006942611,996.0226
1457006942635,996.0226
1457006942669,996.0049
1457006942725,996.00256
1457006942756,996.00256
1457006942784,995.99207
1457006942820,995.9626
1457006942846,995.9729
1457006942876,995.9826
1457006942905,995.9826
1457006942933,995.9826
1457006942993,995.9828
1457006943027,995.99255
1457006943053,995.99255
1457006943088,995.99255
1457006943112,995.99255
1457006943141,995.99255
1457006943177,996.00037
1457006943202,996.00256
1457006943261,996.00256
1457006943296,996.00256
1457006943322,996.00256
1457006943352,996.00256
1457006943381,995.99725
1457006943411,995.99255
1457006943444,996.0004
1457006943470,996.00256
1457006943530,996.0126
1457006943560,996.0126
1457006943590,996.0126
1457006943619,996.0126
1457006943650,996.0126
1457006943679,996.0192
1457006943709,996.0226
1457006943740,996.0226
1457006943799,996.0326
1457006943828,996.0239
1457006943858,995.9826
1457006943888,995.97406
1457006943917,995.9626
1457006943952,995.9558
1457006943977,995.95264
1457006944007,995.95264
1457006944067,995.95264
1457006944096,995.9544
1457006944128,995.9626
1457006944156,995.9669
1457006944186,995.9726
1457006944215,995.9726
1457006944244,995.9726
1457006944281,995.98193
1457006944335,995.9826
1457006944368,995.9826
1457006944395,995.9826
1457006944424,995.9826
1457006944454,995.9826
1457006944483,995.96173
1457006944514,995.95264
1457006944545,995.96204
1457006944604,995.9633
1457006944633,995.9726
1457006944664,995.9758
1457006944692,995.9826
1457006944724,995.98834
1457006944754,995.99255
1457006944782,995.9843
1457006944813,995.9826
1457006944871,995.985
1457006944903,996.0126
1457006944932,996.0059
1457006944961,995.99255
1457006944990,995.9809
1457006945020,995.9726
1457006945050,995.9475
1457006945081,995.9426
1457006945140,995.9626
1457006945170,995.9626
1457006945200,995.966
1457006945230,995.9726
1457006945259,995.9726
1457006945289,995.9726
1457006945319,995.9726
1457006945353,995.9726
1457006945408,995.9826
1457006945438,995.9826
1457006945466,995.9826
1457006945503,995.9826
1457006945529,995.9826
1457006945561,995.9826
1457006945586,995.9826
1457006945617,995.9826
1457006945677,995.9726
1457006945707,995.9772
1457006945735,995.99255
1457006945766,995.9974
1457006945795,996.00256
1457006945825,996.0099
1457006945861,996.0126
1457006945884,996.00275
1457006945945,996.00256
1457006945979,996.00494
1457006946003,996.0126
1457006946035,996.02234
1457006946064,996.0326
1457006946100,995.9955
1457006946124,995.9826
1457006946153,995.95276
1457006946212,995.9514
1457006946250,995.9426
1457006946278,995.9426
1457006946304,995.94763
1457006946336,995.95264
1457006946363,995.9601
1457006946391,995.9626
1457006946452,995.9626
1457006946482,995.96387
1457006946511,995.9726
1457006946542,995.9726
1457006946572,995.9726
1457006946601,995.97894
1457006946631,995.9826
1457006946661,995.9826
1457006946719,995.99255
1457006946754,995.98975
1457006946779,995.9726
1457006946815,995.9765
1457006946840,995.9826
1457006946868,995.989
1457006946904,995.99255
1457006946928,996.0015
1457006946988,996.00256
1457006947018,996.00256
1457006947049,996.00256
1457006947077,995.99854
1457006947111,995.99255
1457006947137,996.0056
1457006947167,996.0126
1457006947202,996.0126
1457006947257,996.01196
1457006947287,995.99255
1457006947316,995.9813
1457006947347,995.95264
1457006947376,995.95264
1457006947411,995.9658
1457006947435,995.9726
1457006947469,995.9726
1457006947529,995.9726
1457006947555,995.9726
1457006947585,995.9755
1457006947620,995.9826
1457006947647,995.9826
1457006947674,995.9826
1457006947705,995.99054
1457006947734,995.99255
1457006947793,995.99207
1457006947826,995.9826
1457006947853,995.98865
1457006947887,996.00256
1457006947912,995.997
1457006947941,995.99255
1457006947972,996.0087
1457006948001,996.0126
1457006948061,996.0126
1457006948095,996.0126
1457006948121,996.0157
1457006948151,996.0226
1457006948181,996.0169
1457006948211,996.0126
1457006948240,996.02075
1457006948269,996.0226
1457006948329,996.0326
1457006948359,996.0247
1457006948390,995.99255
1457006948418,995.9791
1457006948450,995.9626
1457006948479,995.9626
1457006948509,995.94604
1457006948538,995.9426
1457006948599,995.95264
1457006948627,995.95465
1457006948657,995.9626
1457006948687,995.9626
1457006948718,995.9626
1457006948752,995.9697
1457006948776,995.9726
1457006948810,995.98224
1457006948870,995.9826
1457006948895,995.9826
1457006948925,995.9826
1457006948955,995.9779
1457006948986,995.9726
1457006949017,995.98706
1457006949046,995.99255
1457006949075,995.99255
1457006949135,995.9946
1457006949169,996.0126
1457006949195,996.0126
1457006949225,996.01733
1457006949255,996.0226
1457006949283,996.0226
1457006949322,996.0226
1457006949343,996.0226
1457006949402,996.0226
1457006949433,996.0226
1457006949462,996.0226
1457006949491,996.0226
1457006949522,995.9979
1457006949551,995.9826
1457006949582,995.9826
1457006949612,995.9627
1457006949670,995.96136
1457006949699,995.95264
1457006949732,995.9601
1457006949760,995.9726
1457006949790,995.9726
1457006949820,995.9726
1457006949850,995.9814
1457006949909,995.9826
1457006949941,995.9826
1457006949968,995.9826
1457006950003,995.98645
1457006950029,995.99255
1457006950058,995.99255
1457006950088,995.99255
1457006950118,996.00146
1457006950177,996.00244
1457006950207,995.99255
1457006950238,995.99255
1457006950268,995.99255
1457006950302,995.99255
1457006950326,995.999
1457006950360,996.00256
1457006950387,996.0116
1457006950445,996.0126
1457006950475,996.0126
1457006950511,996.0126
1457006950536,996.0126
1457006950569,996.0179
1457006950595,996.0226
1457006950625,996.0304
1457006950660,996.0326
1457006950720,996.03076
1457006950745,995.9826
1457006950778,995.9768
1457006950803,995.9626
1457006950834,995.95715
1457006950869,995.95264
1457006950894,995.9606
1457006950926,995.9626
1457006950987,995.9626
1457006951011,995.9626
1457006951043,995.9656
1457006951072,995.9726
1457006951100,995.9726
1457006951131,995.9726
1457006951162,995.9806
1457006951191,995.9826
1457006951250,995.9826
1457006951282,995.9826
1457006951311,995.9826
1457006951340,995.9782
1457006951370,995.9726
1457006951399,995.9726
1457006951430,995.9889
1457006951459,995.99255
1457006951519,996.0126
1457006951549,996.0126
1457006951578,996.0126
1457006951607,996.0126
1457006951639,996.0126
1457006951668,996.0056
1457006951698,996.00256
1457006951728,996.00256
1457006951788,996.00256
1457006951816,996.0046
1457006951848,996.0126
1457006951877,996.0035
1457006951906,995.99255
1457006951935,995.9713
1457006951965,995.9626
1457006952001,995.9818
1457006952056,995.9826
1457006952083,995.9826
1457006952115,995.9826
1457006952144,995.9779
1457006952174,995.9726
1457006952205,995.9726
1457006952232,995.9726
1457006952264,995.9726
1457006952323,995.9736
1457006952352,995.9826
1457006952384,995.9756
1457006952418,995.9626
1457006952443,995.9626
1457006952474,995.9626
1457006952503,995.9626
1457006952532,995.9822
1457006952591,995.9858
1457006952625,996.0126
1457006952651,996.0197
1457006952685,996.0326
1457006952712,996.0387
1457006952740,996.04254
1457006952771,996.03394
1457006952800,996.0326
1457006952861,996.0226
1457006952890,996.0226
1457006952919,996.0226
1457006952948,996.0226
1457006952982,996.01636
1457006953007,996.0126
1457006953039,995.9951
1457006953068,995.99255
1457006953127,995.9626
1457006953158,995.9601
1457006953191,995.95264
1457006953218,995.95264
1457006953248,995.9652
1457006953277,995.9726
1457006953305,995.9814
1457006953367,995.9826
1457006953398,995.9826
1457006953426,995.9826
1457006953459,995.9826
1457006953486,995.9826
1457006953515,995.9826
1457006953551,995.9826
1457006953577,995.9826
1457006953635,995.9829
1457006953669,996.00256
1457006953694,995.9999
1457006953725,995.99255
1457006953760,995.9821
1457006953784,995.9726
1457006953815,995.9726
1457006953845,995.9726
1457006953902,995.9826
1457006953934,995.98566
1457006953965,996.00256
1457006953994,996.00256
1457006954024,996.00256
1457006954053,996.00256
1457006954082,996.00256
1457006954112,996.00256
1457006954172,996.00256
1457006954202,996.0042
1457006954231,996.0126
1457006954277,996.0
1457006954289,995.9826
1457006954322,995.9826
1457006954350,995.9586
1457006954380,995.95264
1457006954440,995.9326
1457006954468,995.93616
1457006954499,995.95264
1457006954530,995.95264
1457006954560,995.95264
1457006954589,995.95264
1457006954617,995.95264
1457006954648,995.962
1457006954708,995.9626
1457006954741,995.9645
1457006954768,995.9726
1457006954798,995.977
1457006954828,995.9826
1457006954857,995.9826
1457006954900,995.9826
1457006954916,995.97314
1457006954977,995.9733
1457006955006,995.9826
1457006955036,995.9826
1457006955067,995.9871
1457006955100,995.99255
1457006955125,995.99255
1457006955155,995.99255
1457006955186,995.983
1457006955246,995.9826
1457006955275,995.9826
1457006955309,995.99274
1457006955335,996.0126
1457006955368,996.0126
1457006955393,996.0126
1457006955424,996.0126
1457006955459,995.98346
1457006955512,995.97876
1457006955544,995.9426
1457006955576,995.9426
1457006955601,995.9426
1457006955631,995.9486
1457006955661,995.95264
1457006955692,995.9611
1457006955721,995.9626
1457006955781,995.9726
1457006955810,995.9726
1457006955840,995.9726
1457006955871,995.9726
1457006955900,995.9787
1457006955930,995.9826
1457006955959,995.9912
1457006955989,995.99255
1457006956049,995.9826
1457006956079,995.9826
1457006956109,995.9826
1457006956139,995.9826
1457006956169,995.9888
1457006956197,995.99255
1457006956234,995.99255
1457006956293,995.9926
1457006956319,996.0226
1457006956351,996.0226
1457006956377,996.0226
1457006956407,996.0175
1457006956437,996.0126
1457006956468,996.0278
1457006956500,996.0326
1457006956564,996.0323
1457006956584,996.0126
1457006956615,996.0099
1457006956645,996.00256
1457006956673,995.987
1457006956708,995.9726
1457006956734,995.98804
1457006956764,995.99255
1457006956825,995.99255
1457006956857,995.99255
1457006956883,995.99536
1457006956917,996.00256
1457006956943,996.00256
1457006956972,996.00256
1457006957006,996.0104
1457006957034,996.0126
1457006957097,996.0126
1457006957122,996.0126
1457006957152,996.0126
1457006957182,996.0126
1457006957212,996.0126
1457006957241,996.0126
1457006957271,996.0126
1457006957302,996.0126
1457006957359,996.0226
1457006957390,996.0243
1457006957421,996.0326
1457006957450,996.03687
1457006957480,996.04254
1457006957509,996.02893
1457006957538,996.0226
1457006957574,996.03186
1457006957629,996.0326
1457006957658,996.0344
1457006957688,996.04254
1457006957718,996.025
1457006957749,996.00256
1457006957777,995.9819
1457006957807,995.9726
1457006957838,995.96313
1457006957901,995.96326
1457006957926,995.9726
1457006957955,995.9726
1457006957986,995.97705
1457006958016,995.9826
1457006958050,995.9896
1457006958077,995.99255
1457006958106,995.99255
1457006958166,995.99255
1457006958201,995.99255
1457006958228,995.99255
1457006958258,995.99255
1457006958285,995.9984
1457006958314,996.00256
1457006958344,996.00256
1457006958375,995.9929
1457006958433,995.99255
1457006958467,995.99255
1457006958494,995.996
1457006958523,996.00256
1457006958556,996.00854
1457006958583,996.0126
1457006958612,996.0126
1457006958643,996.0126
1457006958701,996.0126
1457006958730,996.0126
1457006958766,996.0161
1457006958790,996.0226
1457006958821,996.0226
1457006958849,996.0226
1457006958880,995.9881
1457006958911,995.9826
1457006958971,995.95264
1457006959001,995.955
1457006959030,995.9626
1457006959059,995.9626
1457006959088,995.9626
1457006959124,995.9626
1457006959149,995.9713
1457006959179,995.9726
1457006959238,995.9826
1457006959272,995.9826
1457006959297,995.9826
1457006959336,995.9826
1457006959356,995.9826
1457006959387,995.9902
1457006959415,995.99255
1457006959475,995.99255
1457006959505,995.99255
1457006959536,995.9899
1457006959567,995.9826
1457006959596,995.9878
1457006959625,995.99255
1457006959656,996.00024
1457006959691,996.00256
1457006959749,996.0126
1457006959772,996.0126
1457006959804,996.0153
1457006959835,996.0226
1457006959863,996.0173
1457006959899,996.0126
1457006959927,996.0204
1457006959953,996.0226
1457006960013,996.0226
1457006960041,996.01935
1457006960074,996.00256
1457006960104,995.9901
1457006960133,995.9726
1457006960162,995.9726
1457006960193,995.9805
1457006960222,995.9826
1457006960280,995.99255
1457006960312,995.99084
1457006960340,995.9826
1457006960372,995.9826
1457006960399,995.9826
1457006960429,995.9894
1457006960460,995.99255
1457006960490,995.99255
1457006960550,995.99255
1457006960579,995.99255
1457006960608,995.99255
1457006960639,995.99255
1457006960673,995.99255
1457006960696,995.98566
1457006960732,995.9826
1457006960759,995.992
1457006960818,995.9933
1457006960845,996.00256
1457006960878,996.00256
1457006960907,996.0071
1457006960937,996.0126
1457006960967,996.0126
1457006960995,996.0126
1457006961031,996.003
1457006961086,996.0042
1457006961115,996.0226
1457006961149,996.01587
1457006961175,996.00256
1457006961205,995.9967
1457006961240,995.99255
1457006961263,995.99255
1457006961294,995.9636
1457006961358,995.9635
1457006961383,995.9726
1457006961412,995.9761
1457006961449,995.9826
1457006961474,995.9826
1457006961503,995.9826
1457006961534,995.9826
1457006961563,995.9826
1457006961622,995.99255
1457006961655,995.99255
1457006961681,995.99255
1457006961716,995.99255
1457006961741,995.99866
1457006961770,996.00256
1457006961801,995.98535
1457006961830,995.9826
1457006961890,995.99255
1457006961920,995.995
1457006961949,996.00256
1457006961978,996.00256
1457006962010,996.01495
1457006962040,996.0226
1457006962069,996.0226
1457006962098,996.0226
1457006962160,996.0126
1457006962190,996.0151
1457006962227,996.0226
1457006962246,996.0175
1457006962281,996.0126
1457006962307,996.005
1457006962337,996.00256
1457006962396,996.0022
1457006962432,995.9726
1457006962456,995.9752
1457006962486,995.9826
1457006962517,995.9826
1457006962546,995.9826
1457006962581,995.9826
1457006962606,995.9826
1457006962663,995.99255
1457006962694,995.99255
1457006962723,995.99255
1457006962753,995.99255
1457006962785,995.99255
1457006962812,995.99255
1457006962844,995.99255
1457006962873,995.99255
1457006962932,995.99255
1457006962962,995.9894
1457006962997,995.9726
1457006963021,995.98083
1457006963054,995.99255
1457006963083,995.99255
1457006963112,996.0084
1457006963148,996.0126
1457006963202,996.0126
1457006963233,996.0126
1457006963262,996.0126
1457006963290,996.0126
1457006963320,996.0126
1457006963356,996.01935
1457006963381,996.0226
1457006963410,996.0226
1457006963470,996.0226
1457006963500,996.0171
1457006963529,995.99255
1457006963559,995.97516
1457006963589,995.95264
1457006963619,995.9664
1457006963649,995.9726
1457006963676,995.9726
1457006963738,995.9726
1457006963776,995.9726
1457006963797,995.9726
1457006963831,995.9726
1457006963857,995.9726
1457006963887,995.9726
1457006963918,995.9726
1457006963947,995.98206
1457006964007,995.9826
1457006964036,995.9826
1457006964065,995.9826
1457006964104,995.9826
1457006964127,995.97095
1457006964157,995.9626
1457006964187,995.9626
1457006964216,995.9626
1457006964274,995.96344
1457006964303,995.9726
1457006964335,995.97595
1457006964363,995.9826
1457006964395,995.9826
1457006964423,995.9826
1457006964455,995.991
1457006964485,995.99255
1457006964542,996.0126
1457006964572,996.0126
1457006964606,996.0091
1457006964632,996.00256
1457006964662,995.9966
1457006964697,995.99255
1457006964722,995.95844
1457006964755,995.95264
1457006964811,995.9726
1457006964842,995.9726
1457006964870,995.9726
1457006964901,995.9726
1457006964931,995.9726
1457006964960,995.9726
1457006964989,995.9639
1457006965029,995.9626
1457006965077,995.9726
1457006965106,995.9726
1457006965137,995.9726
1457006965166,995.9726
1457006965196,995.9726
1457006965226,995.9726
1457006965256,995.9726
1457006965316,995.9726
1457006965345,995.9626
1457006965375,995.96765
1457006965405,995.9826
1457006965435,995.9826
1457006965465,995.9826
1457006965496,995.99774
1457006965526,996.00256
1457006965590,995.99255
1457006965617,995.99255
1457006965646,995.99524
1457006965676,996.00256
1457006965707,996.01294
1457006965739,996.0226
1457006965766,995.9764
1457006965794,995.9626
1457006965855,995.9426
1457006965885,995.9411
1457006965913,995.9326
1457006965947,995.93665
1457006965973,995.9426
1457006966004,995.9426
1457006966038,995.9426
1457006966064,995.9426
1457006966122,995.95264
1457006966156,995.95264
1457006966182,995.95264
1457006966212,995.9567
1457006966245,995.9626
1457006966272,995.9626
1457006966301,995.9626
1457006966331,995.9718
1457006966390,995.9726
1457006966420,995.9692
1457006966450,995.95264
1457006966480,995.95685
1457006966510,995.9626
1457006966539,995.97614
1457006966568,995.9826
1457006966599,995.9919
1457006966659,995.99316
1457006966689,996.00256
1457006966719,996.00256
1457006966748,995.99817
1457006966779,995.99255
1457006966808,995.9995
1457006966838,996.00256
1457006966868,996.012
1457006966928,996.01044
1457006966956,995.9826
1457006966986,995.9729
1457006967017,995.95264
1457006967046,995.9584
1457006967080,995.9626
1457006967105,995.9626
1457006967136,995.97217
1457006967196,995.9726
1457006967230,995.9726
1457006967256,995.97595
1457006967288,995.9826
1457006967314,995.9767
1457006967345,995.9726
1457006967377,995.98096
1457006967405,995.9826
1457006967464,995.9826
1457006967497,995.9826
1457006967523,995.9826
1457006967553,995.9826
1457006967586,995.9706
1457006967614,995.9626
1457006967643,995.9796
1457006967672,995.9826
1457006967732,995.99255
1457006967765,995.99255
1457006967791,995.99255
1457006967821,995.99255
1457006967851,995.99255
1457006967880,995.99255
1457006967908,995.99255
1457006967941,995.99255
1457006968001,996.00256
1457006968030,996.0001
1457006968060,995.99255
1457006968090,995.98267
1457006968119,995.9726
1457006968150,995.9501
1457006968180,995.9426
1457006968238,995.9426
1457006968268,995.95264
1457006968298,995.95264
1457006968329,995.95264
1457006968361,995.9577
1457006968388,995.9626
1457006968417,995.9626
1457006968448,995.9626
1457006968507,995.9626
1457006968535,995.9626
1457006968566,995.9626
1457006968596,995.9626
1457006968629,995.9678
1457006968654,995.9726
1457006968685,995.9726
1457006968720,995.9726
1457006968775,995.9626
1457006968804,995.9657
1457006968838,995.9826
1457006968863,995.9785
1457006968894,995.9726
1457006968929,995.9726
1457006968953,995.98047
1457006968987,995.9826
1457006969048,995.9826
1457006969072,995.9826
1457006969101,995.9826
1457006969134,995.99097
1457006969163,996.00256
1457006969196,995.98914
1457006969222,995.9826
1457006969252,995.9733
1457006969310,995.9726
1457006969345,995.9673
1457006969370,995.9426
1457006969400,995.9469
1457006969430,995.95264
1457006969459,995.95264
1457006969490,995.95264
1457006969518,995.9619
1457006969579,995.9626
1457006969609,995.9626
1457006969637,995.9626
1457006969670,995.9626
1457006969703,995.9626
1457006969729,995.9695
1457006969758,995.9726
1457006969786,995.9726
1457006969848,995.9726
1457006969878,995.9726
1457006969912,995.96936
1457006969936,995.9626
1457006969970,995.9741
1457006969995,995.9826
1457006970025,995.9826
1457006970061,995.9921
1457006970116,995.9934
1457006970145,996.00256
1457006970176,995.9992
1457006970206,995.99255
1457006970234,995.9985
1457006970266,996.00256
1457006970296,996.011
1457006970325,996.0126
1457006970385,996.00793
1457006970414,995.9626
1457006970442,995.9557
1457006970475,995.9426
1457006970502,995.93665
1457006970538,995.9326
1457006970562,995.9411
1457006970593,995.9426
1457006970653,995.95264
1457006970682,995.9549
1457006970713,995.9626
1457006970742,995.9626
1457006970772,995.9626
1457006970801,995.9626
1457006970832,995.9712
1457006970861,995.9726
1457006970921,995.9726
1457006970950,995.9726
1457006970979,995.9726
1457006971010,995.9726
1457006971040,995.9726
1457006971068,995.98004
1457006971099,995.9826
1457006971159,995.9826
1457006971189,996.00256
1457006971218,996.0051
1457006971248,996.0126
1457006971278,996.0126
1457006971308,996.0126
1457006971338,996.005
1457006971366,996.00256
1457006971428,996.0226
1457006971458,996.0226
1457006971487,996.0226
1457006971517,996.0226
1457006971547,996.0071
1457006971575,995.99255
1457006971611,995.9695
1457006971637,995.9626
1457006971696,995.9626
1457006971725,995.9626
1457006971754,995.9626
1457006971784,995.9666
1457006971817,995.9726
1457006971846,995.9726
1457006971874,995.9726
1457006971905,995.9726
1457006971967,995.9826
1457006971991,995.9842
1457006972023,995.99255
1457006972052,995.99255
1457006972084,995.99255
1457006972112,995.99255
1457006972142,995.99255
1457006972176,995.99255
1457006972236,995.9726
1457006972259,995.9743
1457006972295,995.9826
1457006972320,995.9868
1457006972351,995.99255
1457006972381,995.9994
1457006972410,996.00256
1457006972440,996.0119
1457006972500,996.01196
1457006972529,996.00256
1457006972559,996.00256
1457006972589,996.00696
1457006972620,996.0126
1457006972649,996.0195
1457006972678,996.0226
1457006972708,995.98486
1457006972768,995.9812
1457006972798,995.9626
1457006972829,995.9529
1457006972861,995.9326
1457006972889,995.9441
1457006972917,995.95264
1457006972952,995.95264
1457006972976,995.96216
1457006973035,995.96344
1457006973066,995.9726
1457006973096,995.9726
1457006973127,995.9726
1457006973161,995.9726
1457006973189,995.9726
1457006973221,995.981
1457006973245,995.9826
1457006973305,995.9826
1457006973335,995.9826
1457006973370,995.9895
1457006973397,996.00256
1457006973424,995.99054
1457006973454,995.9826
1457006973484,996.0082
1457006973519,996.0126
1457006973576,996.0126
1457006973605,996.0149
1457006973633,996.0226
1457006973662,996.0226
1457006973693,996.0164
1457006973722,996.0126
1457006973753,996.0126
1457006973782,996.0126
1457006973846,996.0326
1457006973870,996.0326
1457006973899,996.0326
1457006973931,996.01263
1457006973960,995.99255
1457006973990,995.99255
1457006974018,995.96625
1457006974078,995.96265
1457006974108,995.9726
1457006974144,995.97516
1457006974169,995.9826
1457006974200,995.9826
1457006974229,995.9826
1457006974273,995.9826
1457006974287,995.9826
1457006974357,995.9826
1457006974377,995.9826
1457006974408,995.9826
1457006974437,995.9826
1457006974466,995.9826
1457006974499,995.9826
1457006974526,995.9826
1457006974555,995.9826
1457006974617,995.9826
1457006974646,995.981
1457006974676,995.9726
1457006974710,995.98486
1457006974734,996.00256
1457006974766,996.00256
1457006974795,996.00256
1457006974823,996.00256
1457006974885,996.00256
1457006974917,996.00256
1457006974944,996.00256
1457006974974,995.99835
1457006975001,995.99255
1457006975032,996.0061
1457006975063,996.0126
1457006975092,996.0126
1457006975153,995.99255
1457006975182,995.98895
1457006975212,995.9726
1457006975241,995.9595
1457006975272,995.9426
1457006975302,995.9564
1457006975331,995.9626
1457006975361,995.9626
1457006975423,995.9626
1457006975450,995.9626
1457006975480,995.9626
1457006975509,995.9626
1457006975539,995.9626
1457006975568,995.9696
1457006975598,995.9726
1457006975629,995.9726
1457006975696,995.9726
1457006975718,995.9726
1457006975748,995.97595
1457006975778,995.9826
1457006975805,995.9826
1457006975839,995.9826
1457006975868,995.9826
1457006975897,996.002
1457006975960,996.0065
1457006975985,996.04254
1457006976017,996.04254
1457006976051,996.04254
1457006976077,996.04254
1457006976107,996.04254
1457006976136,996.034
1457006976165,996.0326
1457006976226,996.0315
1457006976260,996.0226
1457006976282,996.0226
1457006976318,996.0226
1457006976342,996.0164
1457006976372,996.0126
1457006976409,995.99524
1457006976435,995.99255
1457006976492,995.99255
1457006976526,995.99506
1457006976552,996.00256
1457006976583,996.00256
1457006976617,996.00885
1457006976642,996.0126
1457006976672,996.0126
1457006976732,996.0126
1457006976762,996.0126
1457006976790,996.0099
1457006976821,996.00256
1457006976850,996.00256
1457006976880,996.00256
1457006976911,996.00256
1457006976940,996.00256
1457006976999,996.0028
1457006977034,996.0126
1457006977059,996.00977
1457006977089,996.00256
1457006977118,996.0079
1457006977149,996.0126
1457006977179,996.03613
1457006977209,996.04254
1457006977268,996.05255
1457006977298,996.05255
1457006977327,996.05255
1457006977357,996.05255
1457006977392,996.05255
1457006977415,996.05255
1457006977450,996.05255
1457006977476,996.05255
1457006977537,996.05255
1457006977566,996.0472
1457006977600,996.0226
1457006977633,996.0226
1457006977655,996.01135
1457006977685,996.00256
1457006977716,995.9782
1457006977748,995.9726
1457006977805,995.9826
1457006977835,995.9845
1457006977863,995.99255
1457006977892,995.99255
1457006977922,995.99255
1457006977956,995.9996
1457006977983,996.00256
1457006978014,996.00256
1457006978076,996.00256
1457006978100,996.00256
1457006978131,996.00256
1457006978161,996.00714
1457006978191,996.0126
1457006978221,996.0055
1457006978251,996.00256
1457006978280,995.9833
1457006978340,995.9826
1457006978374,995.98474
1457006978400,995.99255
1457006978429,995.99255
1457006978460,995.99255
1457006978490,995.9998
1457006978519,996.00256
1457006978548,996.0123
1457006978609,996.0126
1457006978639,996.0126
1457006978668,996.0162
1457006978698,996.0226
1457006978728,996.0226
1457006978758,996.0226
1457006978787,996.0226
1457006978818,995.9829
1457006978877,995.97906
1457006978905,995.95264
1457006978937,995.95264
1457006978966,995.95264
1457006978999,995.95264
1457006979025,995.95264
1457006979056,995.96136
1457006979114,995.9626
1457006979145,995.9626
1457006979175,995.9626
1457006979208,995.9626
1457006979235,995.9626
1457006979274,995.969
1457006979296,995.9726
1457006979324,995.9815
1457006979382,995.9826
1457006979414,995.9826
1457006979442,995.9826
1457006979472,995.9786
1457006979503,995.9726
1457006979531,995.9791
1457006979563,995.9826
1457006979592,995.99164
1457006979650,995.9929
1457006979680,996.00256
1457006979712,996.00256
1457006979742,996.00256
1457006979770,996.00256
1457006979799,996.00256
1457006979829,996.00256
1457006979860,996.0301
1457006979919,996.03033
1457006979949,995.9826
1457006979978,995.9796
1457006980009,995.9726
1457006980038,995.9616
1457006980072,995.95264
1457006980099,995.96063
1457006980128,995.9626
1457006980189,995.9626
1457006980218,995.9626
1457006980246,995.9657
1457006980282,995.9726
1457006980307,995.9726
1457006980337,995.9726
1457006980365,995.9726
1457006980396,995.9726
1457006980456,995.9826
1457006980487,995.9826
1457006980517,995.9826
1457006980549,995.9826
1457006980576,995.98834
1457006980605,995.99255
1457006980635,996.00085
1457006980666,996.00256
1457006980723,996.00256
1457006980757,996.0068
1457006980785,996.0226
1457006980812,996.01794
1457006980846,996.0126
1457006980876,996.0126
1457006980903,996.0126
1457006980931,996.0126
1457006980991,996.0226
1457006981023,996.0226
1457006981052,996.0226
1457006981080,996.0082
1457006981112,995.99255
1457006981142,995.9633
1457006981171,995.95264
1457006981201,995.96246
1457006981261,995.9626
1457006981289,995.96497
1457006981324,995.9726
1457006981349,995.9726
1457006981378,995.9726
1457006981409,995.98004
1457006981438,995.9826
1457006981469,995.9826
1457006981529,995.9838
1457006981559,995.99255
1457006981586,995.99255
1457006981619,995.99255
1457006981648,995.99255
1457006981677,995.99255
1457006981706,995.99255
1457006981766,995.9826
1457006981797,995.98535
1457006981827,996.00256
1457006981857,996.01044
1457006981886,996.0226
1457006981915,996.02905
1457006981946,996.0326
1457006981981,996.0326
1457006982035,996.0226
1457006982065,996.0226
1457006982098,996.0226
1457006982124,996.0266
1457006982155,996.0326
1457006982188,996.01276
1457006982211,996.00256
1457006982248,995.97516
1457006982307,995.97217
1457006982334,995.9626
1457006982363,995.9626
1457006982392,995.9626
1457006982422,995.9626
1457006982450,995.9626
1457006982480,995.9626
1457006982513,995.97186
1457006982570,995.97205
1457006982601,995.9626
1457006982630,995.9657
1457006982660,995.9726
1457006982689,995.9726
1457006982720,995.9726
1457006982750,995.9726
1457006982780,995.982
1457006982839,995.9826
1457006982869,995.9826
1457006982898,995.9858
1457006982928,995.99255
1457006982958,996.004
1457006982988,996.0126
1457006983017,996.0126
1457006983047,996.0126
1457006983108,996.0118
1457006983136,996.00256
1457006983170,996.00256
1457006983197,996.00256
1457006983227,996.0084
1457006983256,996.0126
1457006983287,995.9874
1457006983316,995.9826
1457006983376,995.9626
1457006983406,995.95825
1457006983439,995.9426
1457006983465,995.9426
1457006983493,995.9486
1457006983525,995.95264
1457006983554,995.9441
1457006983588,995.9426
1457006983647,995.95264
1457006983671,995.95264
1457006983703,995.95264
1457006983738,995.95746
1457006983762,995.9626
1457006983797,995.9626
1457006983821,995.9626
1457006983857,995.9626
1457006983910,995.9626
1457006983944,995.9626
1457006983971,995.9626
1457006984001,995.9576
1457006984031,995.95264
1457006984060,995.95264
1457006984091,995.95264
1457006984155,995.95264
1457006984180,995.95264
1457006984215,995.95264
1457006984239,995.95264
1457006984277,995.9475
1457006984300,995.9426
1457006984327,995.9426
1457006984358,995.9426
1457006984418,995.9426
1457006984448,995.9426
1457006984476,995.9426
1457006984509,995.9426
1457006984537,995.9426
1457006984570,995.9426
1457006984598,995.9348
1457006984627,995.9326
1457006984687,995.9326
1457006984717,995.9326
1457006984747,995.9326
1457006984779,995.9326
1457006984807,995.9326
1457006984836,995.9326
1457006984870,995.9326
1457006984893,995.9326
1457006984964,995.9326
1457006984985,995.9326
1457006985014,995.9326
1457006985045,995.9326
1457006985079,995.9326
1457006985188,995.9326
1457006985193,995.9326
1457006985193,995.9326
1457006985222,995.9326
1457006985251,995.9326
1457006985280,995.9326
1457006985310,995.9326
1457006985339,995.9326
1457006985369,995.9326
1457006985399,995.9326
1457006985429,995.9326
1457006985488,995.9326
1457006985519,995.9326
1457006985550,995.9326
1457006985579,995.9326
1457006985609,995.9326
1457006985639,995.9326
1457006985668,995.9326
1457006985698,995.9326
1457006985758,995.9326
1457006985787,995.9326
1457006985817,995.9326
1457006985847,995.9326
1457006985876,995.9326
1457006985906,995.9326
1457006985936,995.92426
1457006985966,995.9226
1457006986025,995.9235
1457006986055,995.9326
1457006986085,995.9292
1457006986114,995.9226
1457006986144,995.9226
1457006986174,995.9226
1457006986204,995.9226
1457006986234,995.9226
1457006986293,995.9226
1457006986323,995.9226
1457006986353,995.9226
1457006986383,995.9226
1457006986413,995.9226
1457006986442,995.9226
1457006986472,995.9226
1457006986502,995.9226
1457006986562,995.9226
1457006986592,995.9226
1457006986621,995.9226
1457006986651,995.9226
1457006986682,995.9226
1457006986712,995.9226
1457006986740,995.9313
1457006986771,995.9326
1457006986870,995.9326
1457006986873,995.9326
1457006986917,995.9326
1457006986920,995.9276
1457006986949,995.9226
1457006986979,995.9301
1457006987009,995.9326
1457006987069,995.9326
1457006987098,995.9326
1457006987128,995.9326
1457006987159,995.9326
1457006987188,995.9326
1457006987218,995.9326
1457006987248,995.9326
1457006987277,995.9326
1457006987337,995.9326
1457006987367,995.9326
1457006987396,995.9326
1457006987426,995.9326
1457006987456,995.9326
1457006987486,995.9326
1457006987515,995.9326
1457006987545,995.9326
1457006987605,995.9326
1457006987635,995.9326
1457006987665,995.9326
1457006987694,995.9326
1457006987724,995.9326
1457006987754,995.9326
1457006987784,995.9326
1457006987813,995.9326
1457006987873,995.9326
1457006987903,995.9326
