1424728652954,999.7605
1424728652983,999.7622
1424728653013,999.7705
1424728653043,999.7705
1424728653073,999.7705
1424728653103,999.7636
1424728653132,999.7605
1424728653162,999.7605
1424728653221,999.7605
1424728653251,999.7605
1424728653280,999.7605
1424728653310,999.7605
1424728653339,999.7605
1424728653369,999.7605
1424728653399,999.7605
1424728653429,999.7605
1424728653488,999.7605
1424728653518,999.7605
1424728653549,999.7605
1424728653577,999.7605
1424728653607,999.7605
1424728653637,999.7605
1424728653666,999.7605
1424728653727,999.7505
1424728653756,999.7505
1424728653786,999.7505
1424728653816,999.7505
1424728653845,999.7505
1424728653875,999.7505
1424728653904,999.7505
1424728653934,999.7505
1424728653994,999.7505
1424728654023,999.7505
1424728654056,999.7505
1424728654083,999.7505
1424728654113,999.7505
1424728654142,999.7505
1424728654172,999.7505
1424728654202,999.7505
1424728654261,999.7505
1424728654290,999.7505
1424728654320,999.7505
1424728654349,999.7505
1424728654379,999.7505
1424728654409,999.74274
1424728654439,999.74054
1424728654499,999.74054
1424728654528,999.74054
1424728654557,999.74054
1424728654587,999.74054
1424728654617,999.74054
1424728654647,999.74054
1424728654676,999.74054
1424728654706,999.74054
1424728654765,999.74054
1424728654795,999.74054
1424728654825,999.74054
1424728654855,999.74054
1424728654884,999.74054
1424728654915,999.74054
1424728654943,999.73193
1424728655274,999.7305
1424728655298,999.7305
1424728655310,999.73303
1424728655323,999.74054
1424728655333,999.74054
1424728655337,999.74054
1424728655338,999.74054
1424728655338,999.74054
1424728655339,999.74054
1424728655339,999.74054
1424728655340,999.74054
1424728655359,999.74054
1424728655390,999.74054
1424728655419,999.74054
1424728655448,999.74054
1424728655479,999.74054
1424728655538,999.74054
1424728655567,999.74054
1424728655597,999.74054
1424728655627,999.74054
1424728655657,999.74054
1424728655687,999.74054
1424728655717,999.74054
1424728655747,999.75037
1424728655806,999.7505
1424728655836,999.7505
1424728655866,999.7505
1424728655895,999.7505
1424728655925,999.7569
1424728655954,999.7605
1424728655984,999.7605
1424728656043,999.7605
1424728656073,999.7589
1424728656104,999.7505
1424728656135,999.7505
1424728656162,999.7505
1424728656192,999.7505
1424728656222,999.7505
1424728656251,999.7505
1424728656311,999.7505
1424728656340,999.7505
1424728656370,999.7505
1424728656400,999.7505
1424728656430,999.7505
1424728656460,999.7505
1424728656489,999.7505
1424728656518,999.7505
1424728656578,999.75165
1424728656608,999.7605
1424728656637,999.7605
1424728656667,999.75543
1424728656697,999.7505
1424728656726,999.7505
1424728656756,999.7505
1424728656816,999.7505
1424728656846,999.7505
1424728656877,999.7505
1424728656907,999.7505
1424728656935,999.7505
1424728656972,999.7505
1424728657012,999.7505
1424728657023,999.7505
1424728657084,999.7505
1424728657113,999.7505
1424728657142,999.7505
1424728657172,999.7505
1424728657202,999.7505
1424728657238,999.75775
1424728657264,999.7605
1424728657291,999.7605
1424728657350,999.7505
1424728657380,999.7505
1424728657410,999.7505
1424728657440,999.7505
1424728657470,999.7505
1424728657500,999.7505
1424728657529,999.7505
1424728657588,999.7505
1424728657634,999.7505
1424728657647,999.7505
1424728657679,999.7505
1424728657707,999.7505
1424728657739,999.7505
1424728657766,999.7586
1424728657795,999.7605
1424728657856,999.7605
1424728657886,999.7605
1424728657916,999.7605
1424728657957,999.7605
1424728657975,999.7605
1424728658006,999.7605
1424728658033,999.752
1424728658062,999.7505
1424728658125,999.7605
1424728658152,999.7605
1424728658181,999.7605
1424728658211,999.7605
1424728658242,999.7605
1424728658272,999.7605
1424728658300,999.7605
1424728658360,999.7605
1424728658390,999.7605
1424728658419,999.7605
1424728658449,999.7605
1424728658479,999.7605
1424728658511,999.7605
1424728658537,999.7605
1424728658568,999.7605
1424728658642,999.7605
1424728658665,999.7605
1424728658687,999.7605
1424728658716,999.7605
1424728658745,999.7605
1424728658780,999.7605
1424728658805,999.7605
1424728658834,999.7605
1424728658895,999.7605
1424728658925,999.7605
1424728658954,999.7605
1424728658984,999.7605
1424728659014,999.7605
1424728659045,999.7605
1424728659074,999.7605
1424728659134,999.7605
1424728659168,999.7621
1424728659191,999.7705
1424728659221,999.7705
1424728659250,999.7705
1424728659280,999.7705
1424728659310,999.7705
1424728659339,999.7705
1424728659400,999.7712
1424728659432,999.7805
1424728659460,999.7805
1424728659490,999.7805
1424728659519,999.7805
1424728659552,999.7805
1424728659578,999.7805
1424728659609,999.7706
1424728659670,999.7716
1424728659697,999.7805
1424728659726,999.7805
1424728659757,999.7805
1424728659787,999.7805
1424728659817,999.7805
1424728659846,999.7805
1424728659906,999.7805
1424728659938,999.78204
1424728659966,999.7905
1424728659994,999.7905
1424728660023,999.7905
1424728660055,999.7905
1424728660087,999.7905
1424728660115,999.7905
1424728660172,999.7905
1424728660203,999.7905
1424728660235,999.7905
1424728660264,999.7859
1424728660293,999.7805
1424728660324,999.7877
1424728660353,999.7905
1424728660383,999.7905
1424728660440,999.7805
1424728660471,999.78296
1424728660503,999.7905
1424728660533,999.7854
1424728660559,999.7805
1424728660618,999.7805
1424728660622,999.7805
1424728660676,999.7805
1424728660705,999.7805
1424728660735,999.7805
1424728660765,999.7805
1424728660795,999.7805
1424728660824,999.7805
1424728660854,999.7886
1424728660884,999.7905
1424728660946,999.7805
1424728660973,999.7805
1424728661002,999.7805
1424728661032,999.7805
1424728661066,999.7805
1424728661092,999.7805
1424728661123,999.7805
1424728661154,999.7805
1424728661212,999.7805
1424728661243,999.778
1424728661272,999.7705
1424728661306,999.7705
1424728661354,999.7705
1424728661373,999.7705
1424728661388,999.77954
1424728661448,999.7805
1424728661478,999.7805
1424728661512,999.7805
1424728661540,999.7805
1424728661568,999.7805
1424728661602,999.7805
1424728661632,999.7805
1424728661664,999.7805
1424728661718,999.7805
1424728661747,999.7805
1424728661777,999.7839
1424728661804,999.7905
1424728661838,999.78455
1424728661866,999.7805
1424728661897,999.7805
1424728661926,999.7805
1424728661984,999.7805
1424728662015,999.7805
1424728662045,999.7805
1424728662078,999.7805
1424728662103,999.7805
1424728662133,999.7805
1424728662164,999.7714
1424728662222,999.7705
1424728662251,999.7705
1424728662280,999.7705
1424728662313,999.7705
1424728662343,999.7705
1424728662372,999.7705
1424728662402,999.7705
1424728662432,999.7705
1424728662490,999.7705
1424728662520,999.7705
1424728662551,999.7705
1424728662579,999.7705
1424728662607,999.7705
1424728662636,999.7705
1424728662666,999.7705
1424728662699,999.7705
1424728662754,999.7705
1424728662786,999.7705
1424728662819,999.7705
1424728662846,999.7757
1424728662875,999.7805
1424728662905,999.7805
1424728662937,999.7805
1424728662994,999.7705
1424728663024,999.7705
1424728663056,999.7705
1424728663086,999.7705
1424728663111,999.7705
1424728663140,999.7705
1424728663170,999.7705
1424728663200,999.7705
1424728663259,999.7705
1424728663288,999.7705
1424728663318,999.7705
1424728663348,999.7705
1424728663378,999.7705
1424728663408,999.7705
1424728663437,999.7705
1424728663467,999.7705
1424728663529,999.7705
1424728663559,999.77313
1424728663591,999.7805
1424728663618,999.7805
1424728663646,999.7805
1424728663676,999.7727
1424728663705,999.7705
1424728663765,999.7705
1424728663793,999.7705
1424728663823,999.77356
1424728663853,999.7805
1424728663882,999.7805
1424728663912,999.7805
1424728663942,999.7805
1424728663972,999.7805
1424728664036,999.7805
1424728664061,999.7805
1424728664095,999.7805
1424728664124,999.7805
1424728664154,999.7805
1424728664184,999.7805
1424728664214,999.7805
1424728664270,999.7805
1424728664300,999.7805
1424728664333,999.7805
1424728664363,999.7805
1424728664390,999.7805
1424728664420,999.7805
1424728664447,999.7805
1424728664481,999.7805
1424728664541,999.7805
1424728664568,999.7805
1424728664596,999.77734
1424728664626,999.7705
1424728664660,999.7705
1424728664685,999.7705
1424728664714,999.7705
1424728664745,999.7705
1424728664808,999.7705
1424728664839,999.7705
1424728664883,999.7705
1424728664919,999.7705
1424728664922,999.7705
1424728664956,999.7705
1424728664981,999.7705
1424728665040,999.7705
1424728665070,999.7705
1424728665100,999.7705
1424728665130,999.7705
1424728665160,999.7705
1424728665190,999.7705
1424728665219,999.7705
1424728665249,999.7705
1424728665310,999.7705
1424728665358,999.7705
1424728665371,999.7705
1424728665405,999.7705
1424728665430,999.7705
1424728665460,999.7705
1424728665491,999.7705
1424728665520,999.76086
1424728665576,999.7605
1424728665606,999.7605
1424728665636,999.7605
1424728665665,999.7605
1424728665695,999.7605
1424728665726,999.7605
1424728665755,999.7605
1424728665815,999.7605
1424728665846,999.7619
1424728665877,999.7705
1424728665908,999.7705
1424728665933,999.7705
1424728665965,999.7705
1424728665997,999.7705
1424728666027,999.7705
1424728666087,999.7705
1424728666110,999.7705
1424728666144,999.7705
1424728666174,999.7705
1424728666199,999.7705
1424728666233,999.7705
1424728666260,999.7705
1424728666293,999.7705
1424728666353,999.7705
1424728666379,999.7705
1424728666413,999.7705
1424728666438,999.7705
1424728666468,999.7705
1424728666496,999.7705
1424728666526,999.7705
1424728666585,999.7705
1424728666619,999.7705
1424728666650,999.7705
1424728666679,999.7705
1424728666705,999.7705
1424728666740,999.7705
1424728666765,999.7705
1424728666799,999.7705
1424728666854,999.77106
1424728666889,999.7805
1424728666912,999.7805
1424728666942,999.7805
1424728666976,999.7805
1424728667001,999.7805
1424728667035,999.7805
1424728667064,999.7805
1424728667124,999.7805
1424728667153,999.7805
1424728667183,999.7805
1424728667211,999.7805
1424728667243,999.7805
1424728667274,999.7805
1424728667303,999.7805
1424728667360,999.7805
1424728667391,999.7805
1424728667421,999.7805
1424728667449,999.7764
1424728667480,999.7705
1424728667510,999.7705
1424728667536,999.7705
1424728667565,999.7705
1424728667629,999.7705
1424728667657,999.7705
1424728667687,999.7737
1424728667715,999.7805
1424728667745,999.7805
1424728667775,999.7733
1424728667802,999.7705
1424728667836,999.7803
1424728667896,999.7805
1424728667924,999.7805
1424728667955,999.7805
1424728667984,999.7805
1424728668013,999.7805
1424728668042,999.7805
1424728668076,999.7805
1424728668155,999.7805
1424728668166,999.7805
1424728668188,999.7805
1424728668222,999.7805
1424728668248,999.7805
1424728668282,999.7805
1424728668311,999.7805
1424728668337,999.7805
1424728668403,999.7905
1424728668431,999.7905
1424728668462,999.7905
1424728668488,999.7905
1424728668517,999.7905
1424728668545,999.7905
1424728668575,999.7905
1424728668606,999.7905
1424728668667,999.7905
1424728668697,999.7905
1424728668731,999.7905
1424728668754,999.7905
1424728668836,999.7905
1424728668842,999.7905
1424728668842,999.7905
1424728668906,999.7905
1424728668935,999.7905
1424728668965,999.7905
1424728668990,999.7905
1424728669019,999.7905
1424728669050,999.7905
1424728669080,999.7986
1424728669109,999.8005
1424728669170,999.7905
1424728669199,999.7905
1424728669229,999.7905
1424728669258,999.7905
1424728669292,999.7905
1424728669321,999.7905
1424728669346,999.799
1424728669376,999.8005
1424728669440,999.8005
1424728669467,999.79803
1424728669498,999.7905
1424728669526,999.79553
1424728669562,999.8005
1424728669586,999.8005
1424728669616,999.7915
1424728669673,999.7905
1424728669703,999.7905
1424728669736,999.79333
1424728669762,999.8005
1424728669796,999.8005
1424728669825,999.8005
1424728669856,999.8005
1424728669884,999.8005
1424728669943,999.7998
1424728669973,999.7905
1424728670002,999.7905
1424728670031,999.7905
1424728670062,999.79645
1424728670092,999.8005
1424728670124,999.8005
1424728670153,999.8005
1424728670213,999.8005
1424728670243,999.8005
1424728670272,999.8005
1424728670299,999.8005
1424728670331,999.8005
1424728670362,999.8005
1424728670391,999.8005
1424728670447,999.8005
1424728670478,999.8005
1424728670510,999.8005
1424728670539,999.8005
1424728670568,999.8005
1424728670598,999.8005
1424728670626,999.8005
1424728670657,999.8005
1424728670717,999.8005
1424728670746,999.8005
1424728670778,999.8005
1424728670805,999.8005
1424728670833,999.8005
1424728670862,999.8005
1424728670894,999.8005
1424728670923,999.8005
1424728670979,999.8005
1424728671013,999.8005
1424728671039,999.8005
1424728671068,999.8005
1424728671101,999.8005
1424728671128,999.8005
1424728671162,999.8005
1424728671220,999.8005
1424728671249,999.8005
1424728671282,999.8005
1424728671308,999.8005
1424728671337,999.8005
1424728671371,999.8005
1424728671397,999.8005
1424728671430,999.8005
1424728671487,999.8005
1424728671514,999.8005
1424728671545,999.8005
1424728671574,999.8005
1424728671603,999.8005
1424728671637,999.8005
1424728671669,999.8005
1424728671692,999.8005
1424728671752,999.8005
1424728671789,999.8005
1424728671812,999.8005
1424728671842,999.8057
1424728671873,999.8105
1424728671901,999.8105
1424728671931,999.8105
1424728671990,999.8105
1424728672020,999.8105
1424728672050,999.8105
1424728672080,999.8105
1424728672109,999.8105
1424728672139,999.8105
1424728672169,999.8022
1424728672199,999.8005
1424728672257,999.8005
1424728672286,999.8005
1424728672316,999.8005
1424728672346,999.8005
1424728672375,999.8005
1424728672405,999.8005
1424728672434,999.8005
1424728672496,999.8005
1424728672525,999.8005
1424728672556,999.80316
1424728672591,999.8105
1424728672615,999.8105
1424728672643,999.8039
1424728672672,999.8005
1424728672702,999.8005
1424728672761,999.8005
1424728672791,999.8005
1424728672825,999.8036
1424728672852,999.8105
1424728672882,999.8105
1424728672912,999.8105
1424728672942,999.8105
1424728672974,999.8105
1424728673029,999.8105
1424728673058,999.8105
1424728673093,999.8105
1424728673117,999.8105
1424728673152,999.81665
1424728673181,999.8205
1424728673207,999.8205
1424728673270,999.8205
1424728673299,999.8205
1424728673331,999.8205
1424728673357,999.8205
1424728673387,999.8205
1424728673420,999.8205
1424728673450,999.8205
1424728673476,999.8297
1424728673538,999.83044
1424728673566,999.83044
1424728673598,999.83044
1424728673628,999.83044
1424728673654,999.83044
1424728673687,999.8375
1424728673714,999.84045
1424728673743,999.84045
1424728673828,999.84045
1424728673830,999.84045
1424728673859,999.84045
1424728673889,999.84045
1424728673919,999.84045
1424728673948,999.84045
1424728673978,999.84045
1424728674037,999.84045
1424728674067,999.84045
1424728674097,999.84045
1424728674127,999.84045
1424728674156,999.84045
1424728674187,999.84045
1424728674221,999.8485
1424728674271,999.85046
1424728674305,999.85046
1424728674334,999.85046
1424728674364,999.85046
1424728674395,999.85046
1424728674424,999.85046
1424728674454,999.85046
1424728674483,999.85895
1424728674514,999.8605
1424728674574,999.85046
1424728674602,999.85046
1424728674635,999.85046
1424728674667,999.85046
1424728674691,999.85046
1424728674722,999.85046
1424728674751,999.85046
1424728674811,999.85046
1424728674841,999.85046
1424728674871,999.8476
1424728674899,999.84045
1424728674929,999.84045
1424728674958,999.84045
1424728674988,999.84045
1424728675018,999.84045
1424728675077,999.83044
1424728675106,999.83044
1424728675138,999.83044
1424728675169,999.83044
1424728675196,999.83044
1424728675225,999.83044
1424728675255,999.83044
1424728675285,999.83044
1424728675344,999.8205
1424728675374,999.8205
1424728675403,999.8242
1424728675433,999.83044
1424728675464,999.83044
1424728675494,999.83044
1424728675523,999.83044
1424728675583,999.83044
1424728675612,999.83044
1424728675644,999.83044
1424728675674,999.83044
1424728675704,999.83044
1424728675730,999.83044
1424728675760,999.83044
1424728675790,999.83044
1424728675849,999.83044
1424728675879,999.83044
1424728675908,999.83044
1424728675939,999.83044
1424728675969,999.83044
1424728676002,999.83044
1424728676030,999.83044
1424728676059,999.82056
1424728676116,999.8205
1424728676148,999.8205
1424728676177,999.8205
1424728676206,999.8205
1424728676235,999.8205
1424728676265,999.8205
1424728676294,999.8205
1424728676360,999.8205
1424728676385,999.8205
1424728676419,999.8205
1424728676444,999.8205
1424728676476,999.8205
1424728676504,999.8136
1424728676559,999.8105
1424728676562,999.8105
1424728676625,999.8105
1424728676655,999.8105
1424728676682,999.8105
1424728676716,999.8105
1424728676739,999.8105
1424728676769,999.8105
1424728676798,999.8105
1424728676829,999.8105
1424728676888,999.8105
1424728676917,999.8105
1424728676947,999.8105
1424728676977,999.8105
1424728677008,999.8105
1424728677043,999.8105
1424728677068,999.8105
1424728677129,999.8105
1424728677156,999.8105
1424728677186,999.8105
1424728677215,999.8105
1424728677245,999.8105
1424728677274,999.8105
1424728677304,999.8105
1424728677336,999.8105
1424728677398,999.8105
1424728677425,999.8105
1424728677457,999.8105
1424728677484,999.8105
1424728677514,999.8105
1424728677541,999.8105
1424728677577,999.8105
1424728677635,999.8105
1424728677664,999.8105
1424728677694,999.8105
1424728677720,999.8105
1424728677752,999.8105
1424728677780,999.8105
1424728677816,999.8105
1424728677844,999.8105
1424728677902,999.8105
1424728677930,999.8105
1424728677961,999.8105
1424728677987,999.8105
1424728678021,999.8105
1424728678050,999.8105
1424728678076,999.8105
1424728678107,999.8105
1424728678167,999.8105
1424728678196,999.8105
1424728678227,999.8105
1424728678256,999.8105
1424728678287,999.8105
1424728678317,999.8105
1424728678345,999.8105
1424728678407,999.8105
1424728678434,999.8105
1424728678468,999.8105
1424728678493,999.8105
1424728678524,999.8105
1424728678554,999.8105
1424728678586,999.8105
1424728678612,999.8105
1424728678674,999.80994
1424728678705,999.8005
1424728678736,999.8005
1424728678761,999.8005
1424728678806,999.8005
1424728678818,999.8005
1424728678848,999.8005
1424728678882,999.8005
1424728678941,999.8015
1424728678969,999.8105
1424728679002,999.8069
1424728679026,999.8005
1424728679060,999.8005
1424728679090,999.8005
1424728679120,999.8005
1424728679174,999.8105
1424728679204,999.8105
1424728679236,999.8105
1424728679264,999.8105
1424728679298,999.8105
1424728679327,999.8105
1424728679359,999.8105
1424728679385,999.8105
1424728679443,999.8005
1424728679474,999.8005
1424728679509,999.8005
1424728679533,999.805
1424728679563,999.8105
1424728679596,999.80334
1424728679626,999.8005
1424728679651,999.8005
1424728679713,999.8005
1424728679743,999.80286
1424728679768,999.8105
1424728679803,999.8105
1424728679828,999.8105
1424728679857,999.8105
1424728679889,999.8105
1424728679951,999.8105
1424728679981,999.8105
1424728680016,999.8105
1424728680038,999.8105
1424728680065,999.8159
1424728680095,999.8205
1424728680124,999.81244
1424728680154,999.8105
1424728680214,999.8205
1424728680244,999.8205
1424728680273,999.8205
1424728680303,999.8205
1424728680332,999.8205
1424728680362,999.8205
1424728680392,999.8205
1424728680422,999.8205
1424728680483,999.8205
1424728680514,999.8205
1424728680546,999.8205
1424728680572,999.8205
1424728680600,999.8205
1424728680629,999.8205
1424728680659,999.8294
1424728680718,999.83044
1424728680748,999.83044
1424728680778,999.82764
1424728680814,999.8205
1424728680844,999.8259
1424728680873,999.83044
1424728680900,999.83044
1424728680929,999.83044
1424728680986,999.83044
1424728681020,999.83044
1424728681045,999.83044
1424728681075,999.83044
1424728681107,999.83044
1424728681134,999.83044
1424728681164,999.83044
1424728681196,999.83044
1424728681255,999.8316
1424728681286,999.84045
1424728681314,999.84045
1424728681345,999.84045
1424728681375,999.84045
1424728681404,999.84045
1424728681433,999.84045
1424728681493,999.84045
1424728681523,999.84045
1424728681552,999.84045
1424728681591,999.83624
1424728681624,999.83044
1424728681641,999.8373
1424728681673,999.84045
1424728681703,999.84045
1424728681758,999.84045
1424728681792,999.84045
1424728681817,999.84045
1424728681850,999.84045
1424728681881,999.84045
1424728681909,999.84045
1424728681940,999.84045
1424728681967,999.85034
1424728682030,999.85046
1424728682061,999.85046
1424728682086,999.85046
1424728682120,999.85046
1424728682146,999.85046
1424728682179,999.85046
1424728682205,999.85046
1424728682263,999.84045
1424728682292,999.84216
1424728682327,999.85046
1424728682352,999.85046
1424728682381,999.85046
1424728682415,999.85046
1424728682443,999.85046
1424728682473,999.85046
1424728682532,999.85046
1424728682567,999.85046
1424728682596,999.85046
1424728682621,999.85046
1424728682649,999.85046
1424728682682,999.85046
1424728682707,999.85046
1424728682737,999.85046
1424728682797,999.85046
1424728682827,999.85046
1424728682857,999.85046
1424728682889,999.85046
1424728682918,999.85046
1424728682951,999.85046
1424728682977,999.85046
1424728683039,999.85046
1424728683065,999.85046
1424728683093,999.84735
1424728683123,999.84045
1424728683153,999.84045
1424728683182,999.84045
1424728683212,999.84045
1424728683242,999.84045
1424728683303,999.84045
1424728683340,999.84045
1424728683367,999.84045
1424728683391,999.84045
1424728683420,999.84045
1424728683450,999.84045
1424728683480,999.84045
1424728683539,999.84045
1424728683572,999.84045
1424728683606,999.84045
1424728683629,999.84045
1424728683663,999.84045
1424728683693,999.84705
1424728683728,999.85046
1424728683750,999.8412
1424728683827,999.84045
1424728683840,999.84045
1424728683866,999.84045
1424728683896,999.84045
1424728683927,999.84045
1424728683955,999.84045
1424728683989,999.84045
1424728684015,999.85016
1424728684074,999.8494
1424728684108,999.84045
1424728684139,999.84045
1424728684168,999.84045
1424728684194,999.84045
1424728684228,999.84045
1424728684253,999.84045
1424728684314,999.84045
1424728684344,999.84045
1424728684373,999.84045
1424728684403,999.84045
1424728684432,999.84045
1424728684463,999.8337
1424728684490,999.83044
1424728684519,999.83044
1424728684581,999.83044
1424728684610,999.8325
1424728684642,999.84045
1424728684670,999.84045
1424728684698,999.84045
1424728684731,999.84045
1424728684757,999.84045
1424728684790,999.84045
1424728684850,999.8393
1424728684878,999.83044
1424728684906,999.83044
1424728684940,999.8356
1424728684966,999.84045
1424728684997,999.84045
1424728685042,999.84045
1424728685086,999.84045
1424728685116,999.8388
1424728685144,999.83044
1424728685178,999.83044
1424728685206,999.83044
1424728685236,999.83044
1424728685261,999.83044
1424728685296,999.83044
1424728685350,999.83044
1424728685380,999.83044
1424728685409,999.83044
1424728685439,999.8352
1424728685468,999.84045
1424728685498,999.84045
1424728685531,999.84045
1424728685559,999.84045
1424728685619,999.84045
1424728685648,999.84045
1424728685680,999.84045
1424728685711,999.84045
1424728685738,999.84045
1424728685768,999.84045
1424728685820,999.84045
1424728685855,999.84094
1424728685885,999.85046
1424728685914,999.8474
1424728685943,999.84045
1424728685973,999.84045
1424728686003,999.84045
1424728686033,999.84045
1424728686063,999.84045
1424728686122,999.84045
1424728686153,999.84045
1424728686181,999.84045
1424728686211,999.84045
1424728686240,999.84045
1424728686270,999.84045
1424728686299,999.84045
1424728686359,999.84045
1424728686389,999.84045
1424728686420,999.84045
1424728686449,999.84045
1424728686479,999.84045
1424728686509,999.84045
1424728686537,999.84045
1424728686567,999.84045
1424728686626,999.84045
1424728686656,999.84045
1424728686687,999.84045
1424728686718,999.84045
1424728686746,999.84045
1424728686776,999.84045
1424728686810,999.84045
1424728686840,999.84045
1424728686896,999.84045
1424728686928,999.84045
1424728686954,999.84045
1424728686986,999.84045
1424728687014,999.84045
1424728687045,999.83295
1424728687073,999.83044
1424728687134,999.84045
1424728687166,999.84045
1424728687199,999.84045
1424728687223,999.84045
1424728687251,999.84045
1424728687280,999.84045
1424728687310,999.84045
1424728687339,999.84045
1424728687399,999.83044
1424728687428,999.8324
1424728687458,999.84045
1424728687487,999.83594
1424728687517,999.83044
1424728687547,999.83765
1424728687580,999.84045
1424728687609,999.8307
1424728687669,999.83044
1424728687701,999.83044
1424728687728,999.83044
1424728687756,999.83044
1424728687789,999.83044
1424728687814,999.8381
1424728687843,999.84045
1424728687903,999.84045
1424728687932,999.84045
1424728687963,999.84045
1424728687992,999.84045
1424728688023,999.83496
1424728688053,999.83044
1424728688084,999.83044
1424728688113,999.83044
1424728688172,999.83044
1424728688202,999.83044
1424728688233,999.83044
1424728688262,999.83044
1424728688289,999.8364
1424728688320,999.84045
1424728688349,999.84045
1424728688378,999.84045
1424728688438,999.84045
1424728688467,999.84045
1424728688497,999.84045
1424728688528,999.84045
1424728688559,999.84045
1424728688590,999.84045
1424728688620,999.8495
1424728688685,999.85046
1424728688713,999.85046
1424728688740,999.84753
1424728688768,999.84045
1424728688796,999.84045
1424728688830,999.84045
1424728688853,999.84045
1424728688882,999.84045
1424728688944,999.84045
1424728688971,999.84045
1424728689002,999.84045
1424728689032,999.84045
1424728689064,999.84045
1424728689096,999.84045
1424728689126,999.84045
1424728689160,999.84045
1424728689212,999.84045
1424728689241,999.84045
1424728689270,999.84045
1424728689298,999.84045
1424728689328,999.8469
1424728689357,999.85046
1424728689387,999.8414
1424728689447,999.84045
1424728689477,999.84045
1424728689508,999.84045
1424728689541,999.84045
1424728689570,999.84045
1424728689596,999.84045
1424728689626,999.84045
1424728689656,999.84045
1424728689718,999.84045
1424728689748,999.84045
1424728689775,999.84045
1424728689803,999.8453
1424728689832,999.85046
1424728689862,999.85046
1424728689892,999.85046
1424728689952,999.85046
1424728689987,999.8491
1424728690015,999.84045
1424728690044,999.8444
1424728690077,999.85046
1424728690104,999.85046
1424728690132,999.8425
1424728690161,999.84045
1424728690220,999.84045
1424728690250,999.8423
1424728690289,999.85046
1424728690314,999.85046
1424728690343,999.85046
1424728690371,999.8434
1424728690401,999.84045
1424728690433,999.84045
1424728690493,999.84045
1424728690519,999.8428
1424728690551,999.85046
1424728690580,999.8455
1424728690609,999.84045
1424728690643,999.84045
1424728690668,999.84045
1424728690727,999.84045
1424728690759,999.84045
1424728690787,999.84045
1424728690815,999.84045
1424728690845,999.84045
1424728690874,999.84045
1424728690903,999.84045
1424728690934,999.84045
1424728690993,999.84045
1424728691029,999.84045
1424728691057,999.84045
1424728691084,999.84045
1424728691112,999.84045
1424728691139,999.84045
1424728691174,999.84045
1424728691234,999.84045
1424728691260,999.84045
1424728691292,999.838
1424728691319,999.83044
1424728691353,999.83044
1424728691381,999.83685
1424728691411,999.84045
1424728691439,999.8314
1424728691500,999.83044
1424728691526,999.83044
1424728691559,999.83044
1424728691591,999.83044
1424728691617,999.83044
1424728691644,999.8236
1424728691677,999.8205
1424728691707,999.8205
1424728691767,999.8205
1424728691796,999.8205
1424728691826,999.8205
1424728691855,999.8205
1424728691882,999.8205
1424728691914,999.8205
1424728691945,999.8205
1424728691979,999.8205
1424728692038,999.8205
1424728692063,999.8205
1424728692093,999.8166
1424728692126,999.8105
1424728692154,999.81696
1424728692183,999.8205
1424728692209,999.81134
1424728692269,999.8105
1424728692297,999.8105
1424728692332,999.8105
1424728692360,999.8105
1424728692392,999.8105
1424728692418,999.80347
1424728692451,999.8005
1424728692480,999.8005
1424728692542,999.8005
1424728692570,999.8005
1424728692597,999.8005
1424728692628,999.8005
1424728692657,999.8005
1424728692688,999.8005
1424728692716,999.8005
1424728692774,999.8005
1424728692805,999.8005
1424728692833,999.8005
1424728692869,999.8005
1424728692895,999.8005
1424728692924,999.8005
1424728692952,999.8005
1424728692987,999.8005
1424728693044,999.8005
1424728693073,999.8005
1424728693102,999.8005
1424728693134,999.8005
1424728693166,999.8005
1424728693194,999.8005
1424728693222,999.8005
1424728693250,999.8005
1424728693310,999.8105
1424728693340,999.8105
1424728693366,999.8105
1424728693401,999.8105
1424728693427,999.8105
1424728693456,999.8105
1424728693491,999.8105
1424728693549,999.8105
1424728693581,999.8105
1424728693609,999.8105
1424728693637,999.8105
1424728693663,999.8105
1424728693694,999.8105
1424728693733,999.8105
1424728693760,999.8105
1424728693815,999.8105
1424728693847,999.8105
1424728693880,999.8105
1424728693908,999.8105
1424728693937,999.81635
1424728693960,999.8205
1424728693995,999.8205
1424728694019,999.8205
1424728694078,999.81934
1424728694109,999.8105
1424728694143,999.8105
1424728694169,999.8105
1424728694202,999.8105
1424728694231,999.8105
1424728694258,999.8105
1424728694318,999.8105
1424728694348,999.8105
1424728694383,999.8105
1424728694409,999.8105
1424728694438,999.8105
1424728694466,999.8105
1424728694500,999.8105
1424728694530,999.8105
1424728694590,999.8105
1424728694618,999.8105
1424728694650,999.8071
1424728694678,999.8005
1424728694705,999.8005
1424728694733,999.80774
1424728694762,999.8105
1424728694797,999.8105
1424728694875,999.8105
1424728694886,999.8105
1424728694918,999.8105
1424728694945,999.8105
1424728694972,999.8105
1424728695000,999.8105
1424728695029,999.8105
1424728695092,999.8105
1424728695128,999.8105
1424728695151,999.8105
1424728695178,999.8105
1424728695211,999.8105
1424728695237,999.8105
1424728695265,999.8105
1424728695297,999.8105
1424728695360,999.8105
1424728695386,999.8105
1424728695414,999.8105
1424728695447,999.8152
1424728695476,999.8205
1424728695509,999.8205
1424728695536,999.8205
1424728695564,999.8205
1424728695624,999.8205
1424728695659,999.82306
1424728695688,999.83044
1424728695715,999.83044
1424728695745,999.83044
1424728695773,999.82263
1424728695803,999.8205
1424728695867,999.8205
1424728695891,999.8205
1424728695919,999.8205
1424728695951,999.8205
1424728695979,999.8148
1424728696010,999.8105
1424728696041,999.8105
1424728696072,999.8105
1424728696137,999.8105
1424728696161,999.8105
1424728696187,999.8105
1424728696217,999.8105
1424728696246,999.8105
1424728696276,999.8105
1424728696307,999.8105
1424728696370,999.8104
1424728696409,999.8005
1424728696440,999.8005
1424728696465,999.8005
1424728696484,999.8005
1424728696513,999.8005
1424728696545,999.8005
1424728696578,999.8005
1424728696637,999.8005
1424728696665,999.8005
1424728696695,999.8005
1424728696725,999.8005
1424728696775,999.79474
1424728696783,999.7905
1424728696812,999.7905
1424728696844,999.7905
1424728696901,999.7915
1424728696932,999.8005
1424728696962,999.7969
1424728696990,999.7905
1424728697019,999.7905
1424728697053,999.7905
1424728697089,999.7993
1424728697141,999.8005
1424728697175,999.8005
1424728697200,999.8005
1424728697234,999.8005
1424728697258,999.8005
1424728697286,999.8005
1424728697319,999.8005
1424728697349,999.8005
1424728697406,999.7985
1424728697436,999.7905
1424728697469,999.7905
1424728697501,999.79504
1424728697525,999.8005
1424728697556,999.8005
1424728697586,999.8005
1424728697624,999.8005
1424728697680,999.8005
1424728697704,999.8005
1424728697739,999.8005
1424728697764,999.8005
1424728697792,999.8005
1424728697822,999.8005
1424728697853,999.8005
1424728697911,999.8005
1424728697940,999.8033
1424728697972,999.8105
1424728698006,999.8063
1424728698032,999.8005
1424728698072,999.8005
1424728698089,999.8086
1424728698120,999.8105
1424728698181,999.8105
1424728698210,999.8084
1424728698243,999.8005
1424728698272,999.8005
1424728698298,999.8005
1424728698326,999.8005
1424728698359,999.8005
1424728698391,999.8005
1424728698451,999.8005
1424728698480,999.8005
1424728698505,999.8005
1424728698536,999.8005
1424728698567,999.8005
1424728698599,999.8005
1424728698624,999.8005
1424728698684,999.8005
1424728698711,999.8005
1424728698747,999.80347
1424728698772,999.8105
1424728698804,999.8105
1424728698854,999.8105
1424728698861,999.8105
1424728698894,999.8105
1424728698952,999.8005
1424728698984,999.8005
1424728699011,999.8005
1424728699045,999.8005
1424728699074,999.8005
1424728699101,999.8005
1424728699158,999.8005
1424728699192,999.8005
1424728699218,999.8005
1424728699245,999.8005
1424728699282,999.80444
1424728699312,999.8105
1424728699338,999.8039
1424728699367,999.8005
1424728699427,999.8005
1424728699460,999.8005
1424728699484,999.8005
1424728699523,999.8005
1424728699546,999.8005
1424728699579,999.8005
1424728699608,999.8005
1424728699637,999.8005
1424728699663,999.8005
1424728699725,999.8005
1424728699752,999.8005
1424728699786,999.8005
1424728699809,999.8005
1424728699843,999.8005
1424728699875,999.8005
1424728699898,999.8005
1424728699965,999.8005
1424728699990,999.8005
1424728700022,999.8005
1424728700048,999.8005
1424728700079,999.8005
1424728700113,999.8005
1424728700138,999.8005
1424728700169,999.8005
1424728700226,999.8005
1424728700261,999.8005
1424728700285,999.8005
1424728700318,999.8005
1424728700345,999.8005
1424728700375,999.8005
1424728700412,999.8005
1424728700434,999.8005
1424728700495,999.8005
1424728700524,999.8005
1424728700555,999.8005
1424728700594,999.8005
1424728700614,999.8005
1424728700652,999.7928
1424728700711,999.7905
1424728700733,999.7905
1424728700760,999.7921
1424728700799,999.8005
1424728700821,999.8005
1424728700855,999.8005
1424728700882,999.8005
1424728700911,999.8005
1424728700939,999.8005
1424728700999,999.8005
1424728701030,999.7984
1424728701068,999.7905
1424728701090,999.7905
1424728701124,999.7905
1424728701150,999.7905
1424728701179,999.7905
1424728701207,999.7905
1424728701267,999.8005
1424728701297,999.8005
1424728701327,999.8005
1424728701356,999.8005
1424728701389,999.8005
1424728701415,999.8005
1424728701448,999.8005
1424728701508,999.8005
1424728701535,999.8005
1424728701564,999.8005
1424728701602,999.8005
1424728701626,999.8005
1424728701652,999.8005
1424728701681,999.8005
1424728701722,999.8005
1424728701767,999.8005
1424728701799,999.8005
1424728701827,999.8005
1424728701857,999.8005
1424728701887,999.8005
1424728701917,999.8005
1424728701947,999.8005
1424728702010,999.8005
1424728702034,999.8005
1424728702068,999.8005
1424728702107,999.8005
1424728702131,999.8005
1424728702158,999.8005
1424728702186,999.8005
1424728702216,999.8005
1424728702272,999.8005
1424728702304,999.8005
1424728702337,999.8005
1424728702361,999.8005
1424728702393,999.8005
1424728702427,999.8005
1424728702452,999.8005
1424728702483,999.8005
1424728702541,999.8005
1424728702571,999.8005
1424728702597,999.8005
1424728702628,999.8005
1424728702659,999.8005
1424728702689,999.8005
1424728702719,999.8005
1424728702780,999.8005
1424728702807,999.8005
1424728702838,999.8005
1424728702874,999.8005
1424728702900,999.8005
1424728702931,999.8005
1424728702963,999.8005
1424728703018,999.8005
1424728703049,999.8005
1424728703076,999.8005
1424728703104,999.8005
1424728703138,999.8052
1424728703163,999.8105
1424728703193,999.8105
1424728703234,999.8105
1424728703257,999.8105
1424728703312,999.8005
1424728703347,999.8005
1424728703372,999.8005
1424728703405,999.7953
1424728703432,999.7905
1424728703460,999.7905
1424728703493,999.7905
1424728703550,999.7905
1424728703588,999.7905
1424728703618,999.7905
1424728703638,999.7905
1424728703668,999.78485
1424728703698,999.7805
1424728703728,999.78876
1424728703760,999.7905
1424728703831,999.7905
1424728703864,999.7905
1424728703878,999.787
1424728703909,999.7805
1424728703934,999.7866
1424728703963,999.7905
1424728703993,999.7905
1424728704053,999.7905
1424728704083,999.7905
1424728704114,999.7905
1424728704144,999.7905
1424728704173,999.7905
1424728704209,999.7905
1424728704230,999.7905
1424728704261,999.7905
1424728704322,999.7905
1424728704351,999.7905
1424728704381,999.7905
1424728704416,999.7905
1424728704444,999.7905
1424728704473,999.78345
1424728704501,999.7805
1424728704537,999.7805
1424728704597,999.7805
1424728704622,999.7805
1424728704652,999.7769
1424728704678,999.7705
1424728704710,999.7705
1424728704742,999.7705
1424728704766,999.7705
1424728704827,999.7705
1424728704858,999.7705
1424728704884,999.7705
1424728704914,999.7705
1424728704948,999.7705
1424728704978,999.7705
1424728705008,999.7705
1424728705039,999.7705
1424728705095,999.7705
1424728705125,999.7705
1424728705150,999.7705
1424728705180,999.7705
1424728705212,999.7705
1424728705246,999.7705
1424728705271,999.7705
1424728705302,999.7705
1424728705338,999.7705
1424728705398,999.77295
1424728705427,999.7805
1424728705450,999.7805
1424728705486,999.7805
1424728705510,999.7805
1424728705542,999.7805
1424728705628,999.7805
1424728705628,999.7805
1424728705660,999.7805
1424728705687,999.7805
1424728705720,999.7805
1424728705745,999.7805
1424728705779,999.7805
1424728705812,999.7805
1424728705870,999.7805
1424728705897,999.7805
1424728705926,999.7805
1424728705964,999.7853
1424728705990,999.7905
1424728706015,999.7905
1424728706084,999.7805
1424728706084,999.7805
1424728706134,999.7905
1424728706162,999.7905
1424728706203,999.7905
1424728706226,999.7905
1424728706254,999.7905
1424728706282,999.7905
1424728706316,999.7905
1424728706376,999.7905
1424728706403,999.7905
1424728706435,999.7905
1424728706459,999.7905
1424728706487,999.7905
1424728706520,999.7905
1424728706549,999.7905
1424728706587,999.7905
1424728706644,999.7905
1424728706671,999.7905
1424728706699,999.7905
1424728706727,999.7905
1424728706763,999.7905
1424728706785,999.7905
1424728706851,999.7905
1424728706851,999.7905
1424728706910,999.7905
1424728706931,999.7905
1424728706967,999.7905
1424728706993,999.7905
1424728707033,999.7905
1424728707053,999.7905
1424728707089,999.7905
1424728707153,999.7905
1424728707173,999.7905
1424728707203,999.7905
1424728707237,999.7958
1424728707264,999.8005
1424728707290,999.8005
1424728707322,999.8005
1424728707347,999.8005
1424728707409,999.8005
1424728707447,999.8005
1424728707469,999.79675
1424728707504,999.7905
1424728707529,999.7905
1424728707557,999.7905
1424728707590,999.7905
1424728707651,999.7905
1424728707677,999.7921
1424728707711,999.8005
1424728707736,999.79626
1424728707764,999.7905
1424728707800,999.7905
1424728707825,999.79865
1424728707854,999.8005
1424728707913,999.7905
1424728707953,999.7926
1424728707974,999.8005
1424728708004,999.8005
1424728708039,999.8005
1424728708068,999.8005
1424728708091,999.8005
1424728708154,999.7991
1424728708177,999.7905
1424728708214,999.7905
1424728708246,999.7905
1424728708273,999.7905
1424728708300,999.7905
1424728708334,999.7905
1424728708360,999.7905
1424728708419,999.7905
1424728708454,999.7905
1424728708487,999.7905
1424728708508,999.7905
1424728708539,999.7905
1424728708565,999.7905
1424728708598,999.7905
1424728708638,999.7905
1424728708691,999.7905
1424728708717,999.7905
1424728708748,999.7905
1424728708775,999.7905
1424728708809,999.7905
1424728708839,999.7905
1424728708891,999.7905
1424728708899,999.7905
1424728708957,999.7905
1424728708982,999.7905
1424728709017,999.7905
1424728709042,999.7905
1424728709069,999.7905
1424728709110,999.7905
1424728709131,999.7905
1424728709170,999.7905
1424728709222,999.7905
1424728709251,999.7905
1424728709289,999.7905
1424728709318,999.79565
1424728709338,999.8005
1424728709407,999.8003
1424728709408,999.7918
1424728709458,999.7905
1424728709487,999.7905
1424728709520,999.7905
1424728709547,999.7905
1424728709581,999.7905
1424728709606,999.7905
1424728709640,999.7905
1424728709699,999.7905
1424728709732,999.7905
1424728709753,999.7905
1424728709792,999.7905
1424728709815,999.7905
1424728709841,999.7905
1424728709878,999.7905
1424728709911,999.7905
1424728709968,999.7905
1424728709997,999.7876
1424728710024,999.7805
1424728710052,999.7805
1424728710086,999.7805
1424728710115,999.7805
1424728710140,999.7805
1424728710199,999.7805
1424728710226,999.7805
1424728710264,999.7832
1424728710287,999.7905
1424728710322,999.7905
1424728710344,999.7905
1424728710383,999.7837
1424728710409,999.7805
1424728710469,999.7805
1424728710496,999.7805
1424728710527,999.7805
1424728710557,999.7805
1424728710588,999.7863
1424728710613,999.7905
1424728710647,999.78204
1424728710676,999.7805
1424728710733,999.7805
1424728710766,999.7805
1424728710805,999.7805
1424728710827,999.7805
1424728710849,999.7805
1424728710886,999.7805
1424728710910,999.7805
1424728710975,999.7805
1424728711000,999.7805
1424728711032,999.7834
1424728711064,999.7905
1424728711091,999.7905
1424728711118,999.7905
1424728711149,999.7905
1424728711178,999.7905
1424728711238,999.7905
1424728711272,999.7905
1424728711297,999.7905
1424728711331,999.7905
1424728711362,999.7905
1424728711389,999.7905
1424728711418,999.7905
1424728711453,999.7905
1424728711510,999.7905
1424728711538,999.7905
1424728711568,999.7905
1424728711600,999.7905
1424728711628,999.79663
1424728711655,999.8005
1424728711685,999.8005
1424728711754,999.8001
1424728711774,999.7905
1424728711800,999.7905
1424728711833,999.7905
1424728711861,999.7905
1424728711890,999.7905
1424728711920,999.7905
1424728711949,999.7905
1424728711985,999.7905
1424728712043,999.8005
1424728712069,999.8005
1424728712103,999.79565
1424728712131,999.7905
1424728712166,999.7905
1424728712220,999.7905
1424728712220,999.7905
1424728712282,999.7905
1424728712304,999.7905
1424728712340,999.7905
1424728712363,999.7905
1424728712391,999.7905
1424728712428,999.7905
1424728712454,999.7905
1424728712514,999.7805
1424728712543,999.78235
1424728712576,999.7905
1424728712602,999.786
1424728712635,999.7805
1424728712667,999.7805
1424728712694,999.78894
1424728712726,999.7905
1424728712783,999.7805
1424728712810,999.7805
1424728712842,999.7805
1424728712870,999.7865
1424728712903,999.7905
1424728712930,999.7905
1424728712969,999.7905
1424728713023,999.7905
1424728713048,999.7905
1424728713083,999.7905
1424728713109,999.7905
1424728713137,999.7905
1424728713168,999.7905
1424728713198,999.7905
1424728713230,999.7905
1424728713290,999.8005
1424728713316,999.8005
1424728713350,999.8005
1424728713374,999.8005
1424728713413,999.8005
1424728713441,999.8005
1424728713468,999.7931
1424728713491,999.7905
1424728713551,999.7905
1424728713585,999.7905
1424728713609,999.7905
1424728713639,999.7905
1424728713669,999.7905
1424728713699,999.7905
1424728713729,999.7905
1424728713793,999.7905
1424728713821,999.7905
1424728713846,999.7905
1424728713888,999.7905
1424728713912,999.7905
1424728713939,999.7905
1424728713969,999.7905
1424728713998,999.7905
1424728714039,999.7905
1424728714096,999.7905
1424728714121,999.7905
1424728714146,999.7905
1424728714186,999.7905
1424728714223,999.7905
1424728714236,999.7905
1424728714292,999.8005
1424728714324,999.8005
1424728714358,999.8005
1424728714383,999.8005
1424728714418,999.8005
1424728714442,999.8005
1424728714478,999.8005
1424728714504,999.8005
1424728714565,999.8005
1424728714593,999.8005
1424728714625,999.8005
1424728714659,999.8005
1424728714684,999.8005
1424728714710,999.80756
1424728714775,999.8105
1424728714775,999.8105
1424728714834,999.8105
1424728714854,999.8105
1424728714886,999.8105
1424728714922,999.8105
1424728714945,999.8105
1424728714982,999.8105
1424728715006,999.8105
1424728715067,999.8105
1424728715100,999.8105
1424728715127,999.8105
1424728715159,999.8105
1424728715185,999.8105
1424728715217,999.8105
1424728715245,999.8105
1424728715278,999.8105
1424728715335,999.8105
1424728715363,999.8105
1424728715403,999.8105
1424728715426,999.8105
1424728715452,999.8105
1424728715482,999.8105
1424728715521,999.8105
1424728715551,999.8105
1424728715600,999.8105
1424728715636,999.8105
1424728715664,999.8105
1424728715691,999.8105
1424728715720,999.8105
1424728715754,999.8105
1424728715782,999.8105
1424728715840,999.8105
1424728715871,999.8105
1424728715901,999.8105
1424728715928,999.8105
1424728715957,999.8105
1424728715992,999.8105
1424728716020,999.8105
1424728716046,999.8105
1424728716080,999.8105
1424728716139,999.8105
1424728716161,999.80707
1424728716199,999.8005
1424728716228,999.8005
1424728716251,999.8005
1424728716285,999.8005
1424728716313,999.8005
1424728716374,999.8005
1424728716405,999.8005
1424728716431,999.8005
1424728716466,999.8005
1424728716494,999.8005
1424728716530,999.8005
1424728716551,999.8005
1424728716612,999.8005
1424728716639,999.8005
1424728716669,999.8005
1424728716705,999.8005
1424728716731,999.8005
1424728716759,999.8075
1424728716788,999.8105
1424728716827,999.8105
1424728716877,999.8105
1424728716911,999.8105
1424728716946,999.8105
1424728716973,999.8105
1424728716996,999.8105
1424728717024,999.8105
1424728717063,999.8105
1424728717116,999.8105
1424728717144,999.8105
1424728717173,999.8105
1424728717209,999.8105
1424728717236,999.8105
1424728717264,999.8105
1424728717291,999.8105
1424728717327,999.8105
1424728717381,999.8105
1424728717412,999.8105
1424728717440,999.8105
1424728717472,999.8105
1424728717500,999.8105
1424728717535,999.8105
1424728717559,999.8105
1424728717591,999.8105
1424728717653,999.8105
1424728717679,999.8105
1424728717709,999.8105
1424728717742,999.8105
1424728717771,999.8105
1424728717798,999.8105
1424728717827,999.8105
1424728717895,999.8105
1424728717918,999.8105
1424728717948,999.8105
1424728717976,999.8105
1424728718011,999.81604
1424728718039,999.8205
1424728718065,999.8123
1424728718123,999.8105
1424728718157,999.8105
1424728718183,999.8105
1424728718209,999.8139
1424728718243,999.8205
1424728718274,999.8205
1424728718301,999.8205
1424728718333,999.8205
1424728718358,999.8205
1424728718419,999.8205
1424728718453,999.8205
1424728718480,999.8205
1424728718512,999.8205
1424728718538,999.8205
1424728718572,999.8205
1424728718599,999.8205
1424728718658,999.82
1424728718692,999.8105
1424728718720,999.8105
1424728718745,999.8105
1424728718778,999.8105
1424728718805,999.81885
1424728718840,999.8205
1424728718895,999.8205
1424728718925,999.8205
1424728718952,999.8205
1424728718986,999.8205
1424728719015,999.8205
1424728719049,999.82574
1424728719074,999.83044
1424728719107,999.83044
1424728719161,999.83044
1424728719197,999.83044
1424728719220,999.83044
1424728719256,999.8264
1424728719281,999.8205
1424728719314,999.8205
1424728719340,999.8205
1424728719374,999.8205
1424728719429,999.8205
1424728719464,999.8224
1424728719489,999.83044
1424728719517,999.83044
1424728719556,999.83044
1424728719585,999.83044
1424728719642,999.83044
1424728719642,999.83044
1424728719697,999.83044
1424728719731,999.83044
1424728719758,999.83044
1424728719791,999.83044
1424728719815,999.83044
1424728719845,999.83044
1424728719881,999.83044
1424728719934,999.83044
1424728719962,999.83044
1424728719997,999.83044
1424728720025,999.83044
1424728720052,999.83044
1424728720080,999.83044
1424728720117,999.83856
1424728720143,999.84045
1424728720203,999.84045
1424728720231,999.84045
1424728720265,999.84045
1424728720291,999.84045
1424728720326,999.84045
1424728720351,999.84045
1424728720381,999.84045
1424728720448,999.84045
1424728720449,999.84045
1424728720499,999.84045
1424728720529,999.84045
1424728720561,999.84045
1424728720589,999.84045
1424728720615,999.84045
1424728720650,999.84045
1424728720707,999.84045
1424728720734,999.84045
1424728720771,999.84045
1424728720803,999.84045
1424728720825,999.84045
1424728720869,999.84045
1424728720892,999.84045
1424728720915,999.84045
1424728720970,999.84045
1424728721006,999.84045
1424728721034,999.84045
1424728721058,999.84045
1424728721089,999.84045
1424728721127,999.84045
1424728721152,999.84045
1424728721188,999.84045
1424728721240,999.84045
1424728721270,999.84045
1424728721317,999.84045
1424728721339,999.84045
1424728721358,999.84045
1424728721388,999.84045
1424728721422,999.84045
1424728721477,999.84045
1424728721504,999.84045
1424728721541,999.84045
1424728721565,999.84045
1424728721600,999.84045
1424728721625,999.8319
1424728721658,999.83044
1424728721686,999.83044
1424728721745,999.83044
1424728721774,999.83044
1424728721812,999.83044
1424728721843,999.83044
1424728721867,999.83044
1424728721893,999.83044
1424728721923,999.83044
1424728721985,999.83044
1424728722011,999.83044
1424728722041,999.83044
1424728722070,999.83044
1424728722109,999.83044
1424728722130,999.83044
1424728722159,999.83044
1424728722195,999.83044
1424728722250,999.83044
1424728722278,999.83044
1424728722308,999.83044
1424728722343,999.83044
1424728722369,999.83044
1424728722400,999.83044
1424728722457,999.83044
1424728722460,999.83044
1424728722491,999.8401
1424728722548,999.84045
1424728722575,999.84045
1424728722610,999.84045
1424728722634,999.84045
1424728722663,999.84045
1424728722712,999.84045
1424728722751,999.84045
1424728722787,999.84045
1424728722814,999.8375
1424728722847,999.83044
1424728722874,999.83044
1424728722898,999.83044
1424728722930,999.83044
1424728722965,999.83044
1424728723020,999.83044
1424728723060,999.83044
1424728723083,999.83044
1424728723111,999.83044
1424728723143,999.83044
1424728723169,999.83044
1424728723207,999.83044
1424728723248,999.83044
1424728723286,999.83044
1424728723323,999.8282
1424728723351,999.8205
1424728723378,999.8205
1424728723410,999.8205
1424728723436,999.8205
1424728723466,999.8205
1424728723530,999.8205
1424728723557,999.8205
1424728723592,999.8205
1424728723622,999.8205
1424728723648,999.8205
1424728723673,999.8205
1424728723708,999.8205
1424728723739,999.8205
1424728723792,999.8205
1424728723822,999.8205
1424728723884,999.8205
1424728723904,999.8205
1424728723910,999.8143
1424728723945,999.8105
1424728723968,999.8105
1424728724032,999.8105
1424728724060,999.8105
1424728724091,999.8105
1424728724118,999.8105
1424728724147,999.8105
1424728724180,999.81714
1424728724208,999.8205
1424728724246,999.8205
1424728724306,999.8105
1424728724327,999.8105
1424728724358,999.8105
1424728724390,999.8105
1424728724426,999.8105
1424728724446,999.8105
1424728724475,999.8105
1424728724510,999.8105
1424728724545,999.8105
1424728724599,999.8105
1424728724628,999.8105
1424728724655,999.8105
1424728724687,999.8105
1424728724717,999.8105
1424728724745,999.8105
1424728724802,999.8105
1424728724836,999.8105
1424728724860,999.8105
1424728724890,999.8105
1424728724925,999.8105
1424728724950,999.8105
1424728724979,999.8105
1424728725010,999.8105
1424728725043,999.8105
1424728725103,999.8105
1424728725129,999.8105
1424728725164,999.8105
1424728725188,999.8105
1424728725218,999.8105
1424728725251,999.8105
1424728725274,999.8105
1424728725333,999.8105
1424728725370,999.8105
1424728725396,999.8105
1424728725422,999.8105
1424728725454,999.8105
1424728725484,999.8105
1424728725515,999.8105
1424728725576,999.8105
1424728725608,999.8105
1424728725642,999.8105
1424728725671,999.8105
1424728725694,999.8105
1424728725721,999.8105
1424728725755,999.8105
1424728725778,999.8105
1424728725841,999.8105
1424728725875,999.8105
1424728725900,999.8105
1424728725931,999.8105
1424728725958,999.8105
1424728725991,999.8105
1424728726020,999.8105
1424728726086,999.8105
1424728726087,999.8105
1424728726141,999.8105
1424728726168,999.8105
1424728726200,999.8105
1424728726230,999.8105
1424728726257,999.8105
1424728726287,999.8105
1424728726348,999.8105
1424728726376,999.8105
1424728726406,999.8105
1424728726434,999.8105
1424728726473,999.8105
1424728726497,999.8105
1424728726520,999.8105
1424728726556,999.8105
1424728726592,999.8105
1424728726641,999.8105
1424728726670,999.8105
1424728726700,999.8105
1424728726730,999.8105
1424728726758,999.8105
1424728726797,999.8105
1424728726853,999.8105
1424728726880,999.8105
1424728726909,999.8105
1424728726944,999.8105
1424728726978,999.8105
1424728727001,999.8105
1424728727027,999.8105
1424728727087,999.8105
1424728727115,999.8105
1424728727144,999.8105
1424728727181,999.8105
1424728727203,999.8105
1424728727240,999.8105
1424728727265,999.8105
1424728727294,999.8105
1424728727326,999.8105
1424728727388,999.8105
1424728727414,999.8105
1424728727443,999.8105
1424728727484,999.8105
1424728727503,999.8105
1424728727533,999.8105
1424728727567,999.8105
1424728727625,999.81006
1424728727649,999.8005
1424728727685,999.8005
1424728727708,999.8005
1424728727744,999.8005
1424728727765,999.8005
1424728727803,999.8005
1424728727830,999.8005
1424728727894,999.8005
1424728727922,999.8005
1424728727947,999.8005
1424728727981,999.8005
1424728728006,999.8005
1424728728036,999.8005
1424728728064,999.80927
1424728728100,999.8105
1424728728152,999.8105
1424728728192,999.8105
1424728728214,999.8105
1424728728248,999.8105
1424728728273,999.8105
1424728728308,999.8105
1424728728334,999.8105
1424728728394,999.8105
1424728728421,999.8105
1424728728457,999.8105
1424728728485,999.8105
1424728728519,999.8105
1424728728540,999.8105
1424728728570,999.8105
1424728728601,999.8105
1424728728659,999.8105
1424728728690,999.8105
1424728728720,999.8105
1424728728747,999.8105
1424728728778,999.8105
1424728728813,999.8105
1424728728837,999.8105
1424728728897,999.8205
1424728728927,999.8205
1424728728960,999.8205
1424728728986,999.8205
1424728729024,999.8205
1424728729046,999.8136
1424728729074,999.8105
1424728729114,999.8105
1424728729166,999.8105
1424728729194,999.8105
1424728729230,999.8105
1424728729254,999.8142
1424728729287,999.8205
1424728729310,999.8205
1424728729347,999.8205
1424728729371,999.8205
1424728729435,999.8205
1424728729458,999.8205
1424728729495,999.8205
1424728729529,999.8205
1424728729550,999.8205
1424728729579,999.8205
1424728729610,999.8205
1424728729643,999.8205
1424728729696,999.8205
1424728729728,999.8205
1424728729754,999.8205
1424728729785,999.8205
1424728729820,999.8205
1424728729850,999.8205
1424728729876,999.8205
1424728729935,999.8205
1424728729969,999.8205
1424728730000,999.8205
1424728730024,999.8205
1424728730059,999.8205
1424728730082,999.8205
1424728730118,999.8205
1424728730177,999.8205
1424728730204,999.8205
1424728730241,999.82324
1424728730262,999.83044
1424728730297,999.83044
1424728730326,999.83044
1424728730351,999.83044
1424728730385,999.83044
1424728730440,999.83044
1424728730466,999.83044
1424728730500,999.83044
1424728730531,999.83044
1424728730560,999.83044
1424728730591,999.83044
1424728730618,999.83044
1424728730655,999.83044
1424728730708,999.83044
1424728730737,999.83044
1424728730766,999.83044
1424728730804,999.83044
1424728730830,999.83044
1424728730855,999.83044
1424728730889,999.83044
1424728730954,999.83044
1424728730974,999.83044
1424728731007,999.83044
1424728731039,999.83044
1424728731070,999.83044
1424728731092,999.83044
1424728731121,999.83044
1424728731162,999.83044
1424728731214,999.83044
1424728731241,999.83044
1424728731267,999.83044
1424728731302,999.8257
1424728731326,999.8205
1424728731360,999.8205
1424728731385,999.8205
1424728731453,999.83044
1424728731478,999.83044
1424728731512,999.83044
1424728731538,999.83044
1424728731572,999.83044
1424728731595,999.83044
1424728731636,999.83044
1424728731665,999.83044
1424728731717,999.83044
1424728731750,999.83044
1424728731778,999.83044
1424728731806,999.83044
1424728731833,999.83044
1424728731869,999.83044
1424728731892,999.8223
1424728731957,999.82166
1424728731979,999.83044
1424728732015,999.83044
1424728732042,999.83044
1424728732076,999.83044
1424728732102,999.83044
1424728732142,999.8229
1424728732160,999.8205
1424728732222,999.8205
1424728732253,999.8205
1424728732280,999.82336
1424728732314,999.83044
1424728732341,999.83044
1424728732369,999.83044
1424728732398,999.8223
1424728732436,999.8205
1424728732488,999.8205
1424728732517,999.8205
1424728732554,999.8243
1424728732591,999.83044
1424728732606,999.82324
1424728732635,999.8205
1424728732671,999.8205
1424728732697,999.8205
1424728732759,999.8205
1424728732787,999.8205
1424728732813,999.8165
1424728732844,999.8105
1424728732878,999.8105
1424728732907,999.8105
1424728732933,999.8105
1424728732992,999.8105
1424728733026,999.8105
1424728733051,999.8105
1424728733082,999.8105
1424728733110,999.8105
1424728733140,999.8105
1424728733169,999.8105
1424728733197,999.8105
1424728733258,999.8105
1424728733293,999.8105
1424728733319,999.8105
1424728733353,999.8105
1424728733374,999.8105
1424728733411,999.8105
1424728733439,999.8105
1424728733498,999.8105
1424728733525,999.8105
1424728733565,999.8105
1424728733591,999.8105
1424728733619,999.8105
1424728733649,999.8105
1424728733676,999.8105
1424728733706,999.8105
1424728733768,999.8105
1424728733794,999.8105
1424728733824,999.8105
1424728733855,999.8105
1424728733900,999.8105
1424728733913,999.8105
1424728733943,999.8105
1424728733971,999.8105
1424728734030,999.8105
1424728734059,999.8105
1424728734091,999.8105
1424728734120,999.8105
1424728734148,999.8105
1424728734184,999.8175
1424728734211,999.8205
1424728734272,999.8205
1424728734302,999.8205
1424728734331,999.8205
1424728734358,999.8205
1424728734390,999.8205
1424728734421,999.8205
1424728734454,999.8205
1424728734477,999.8205
1424728734554,999.8205
1424728734569,999.82104
1424728734590,999.83044
1424728734622,999.83044
1424728734658,999.83044
1424728734684,999.83044
1424728734717,999.8392
1424728734774,999.8405
1424728734801,999.85046
1424728734833,999.85046
1424728734861,999.85046
1424728734891,999.85046
1424728734929,999.85706
1424728734950,999.8605
1424728735016,999.8605
1424728735018,999.8605
1424728735068,999.8605
1424728735104,999.8605
1424728735135,999.8605
1424728735166,999.85547
1424728735188,999.85046
1424728735251,999.85046
1424728735252,999.85046
1424728735308,999.85046
1424728735337,999.85046
1424728735366,999.85046
1424728735396,999.85046
1424728735430,999.85046
1424728735478,999.85046
1424728735515,999.85046
1424728735544,999.85046
1424728735578,999.85046
1424728735603,999.85046
1424728735632,999.85046
1424728735662,999.85046
1424728735694,999.85046
1424728735722,999.85046
1424728735756,999.85046
1424728735810,999.85046
1424728735850,999.8477
1424728735873,999.84045
1424728735900,999.84045
1424728735930,999.84045
1424728735960,999.84045
1424728735990,999.84045
1424728736023,999.83057
1424728736082,999.83044
1424728736105,999.83044
1424728736142,999.83044
1424728736169,999.83044
1424728736195,999.83044
1424728736230,999.83044
1424728736257,999.83044
1424728736295,999.8216
1424728736346,999.8205
1424728736375,999.8205
1424728736406,999.8205
1424728736436,999.8205
1424728736463,999.8205
1424728736497,999.8205
1424728736519,999.8205
1424728736588,999.8105
1424728736613,999.8105
1424728736650,999.8105
1424728736673,999.8105
1424728736706,999.8105
1424728736735,999.8105
1424728736761,999.8105
1424728736829,999.8105
1424728736830,999.8105
1424728736880,999.8105
1424728736908,999.8105
1424728736948,999.8105
1424728736973,999.8105
1424728736998,999.8105
1424728737061,999.8105
1424728737086,999.8105
1424728737121,999.8105
1424728737144,999.8105
1424728737181,999.8105
1424728737202,999.8154
1424728737236,999.8205
1424728737296,999.8205
1424728737296,999.8205
1424728737353,999.8205
1424728737387,999.8205
1424728737415,999.8205
1424728737443,999.8205
1424728737477,999.8142
1424728737503,999.8105
1424728737541,999.8105
1424728737601,999.8105
1424728737623,999.8105
1424728737648,999.8105
1424728737685,999.80634
1424728737709,999.8005
1424728737744,999.8005
1424728737766,999.8005
1424728737801,999.8005
1424728737861,999.8005
1424728737887,999.8005
1424728737919,999.8005
1424728737953,999.8005
1424728737980,999.8005
1424728738008,999.7932
1424728738040,999.7905
1424728738071,999.80035
1424728738126,999.7993
1424728738167,999.7905
1424728738192,999.7905
1424728738216,999.7905
1424728738249,999.7905
1424728738279,999.7971
1424728738311,999.8005
1424728738368,999.8005
1424728738398,999.8005
1424728738427,999.8005
1424728738452,999.79614
1424728738484,999.7905
1424728738508,999.7905
1424728738542,999.7905
1424728738569,999.7905
1424728738633,999.8005
1424728738659,999.8005
1424728738695,999.8005
1424728738719,999.8005
1424728738758,999.8005
1424728738783,999.8005
1424728738809,999.8005
1424728738867,999.7905
1424728738901,999.7905
1424728738922,999.7905
1424728738952,999.7905
1424728738982,999.7905
1424728739012,999.7905
1424728739042,999.7905
1424728739073,999.7905
1424728739132,999.7905
1424728739169,999.7905
1424728739198,999.7905
1424728739222,999.7905
1424728739252,999.7905
1424728739283,999.7905
1424728739308,999.7905
1424728739369,999.7905
1424728739399,999.7905
1424728739430,999.7905
1424728739460,999.7905
1424728739491,999.7905
1424728739517,999.7905
1424728739562,999.7905
1424728739587,999.7905
1424728739639,999.7905
1424728739674,999.7905
1424728739699,999.7905
1424728739727,999.7905
1424728739757,999.7905
1424728739787,999.7905
1424728739820,999.7905
1424728739877,999.7905
1424728739910,999.7905
1424728739935,999.7905
1424728739971,999.7905
1424728739994,999.7905
1424728740023,999.7964
1424728740053,999.8005
1424728740084,999.8005
1424728740118,999.8005
1424728740176,999.7994
1424728740202,999.7905
1424728740239,999.7905
1424728740273,999.7905
1424728740295,999.7961
1424728740323,999.8005
1424728740349,999.7915
1424728740411,999.7905
1424728740442,999.7905
1424728740466,999.7905
1424728740502,999.7905
1424728740530,999.7905
1424728740560,999.7905
1424728740591,999.7905
1424728740619,999.7999
1424728740679,999.8005
1424728740708,999.8005
1424728740742,999.8005
1424728740765,999.8005
1424728740796,999.8005
1424728740831,999.8005
1424728740854,999.8005
1424728740885,999.8005
1424728740944,999.8005
1424728740978,999.8005
1424728741007,999.8005
1424728741035,999.8005
1424728741069,999.8005
1424728741097,999.8005
1424728741126,999.8005
1424728741206,999.7905
1424728741218,999.7906
1424728741240,999.8005
1424728741273,999.79614
1424728741302,999.7905
1424728741330,999.7905
1424728741363,999.7905
1424728741390,999.7905
1424728741449,999.8005
1424728741484,999.8005
1424728741508,999.8005
1424728741542,999.8005
1424728741569,999.8005
1424728741603,999.8005
1424728741632,999.8005
1424728741691,999.8004
1424728741722,999.7905
1424728741748,999.79175
1424728741777,999.8005
1424728741811,999.79517
1424728741832,999.7905
1424728741865,999.7905
1424728741891,999.7905
1424728741957,999.7905
1424728741984,999.7905
1424728742015,999.78735
1424728742044,999.7805
1424728742085,999.7805
1424728742104,999.7805
1424728742130,999.7889
1424728742160,999.7905
1424728742222,999.7905
1424728742247,999.7905
1424728742277,999.7905
1424728742308,999.7905
1424728742339,999.7905
1424728742372,999.7905
1424728742398,999.7816
1424728742458,999.7805
1424728742490,999.7805
1424728742520,999.7805
1424728742544,999.7805
1424728742579,999.7805
1424728742605,999.78723
1424728742639,999.7905
1424728742663,999.7905
1424728742728,999.7898
1424728742753,999.7805
1424728742784,999.78375
1424728742830,999.7905
1424728742853,999.7905
1424728742879,999.7905
1424728742901,999.7905
1424728742936,999.7905
1424728742995,999.7905
1424728743023,999.7905
1424728743057,999.7905
1424728743081,999.7905
1424728743116,999.7905
1424728743141,999.7905
1424728743176,999.7905
1424728743234,999.7905
1424728743264,999.7905
1424728743292,999.7905
1424728743321,999.7905
1424728743350,999.7905
1424728743383,999.7905
1424728743418,999.7905
1424728743439,999.7905
1424728743500,999.7905
1424728743532,999.7905
1424728743559,999.7905
1424728743593,999.7905
1424728743619,999.7905
1424728743643,999.7905
1424728743678,999.7905
1424728743706,999.7905
1424728743766,999.7905
1424728743795,999.7905
1424728743826,999.7905
1424728743854,999.7905
1424728743885,999.7905
1424728743913,999.7905
1424728743941,999.7905
1424728744003,999.7905
1424728744034,999.7905
1424728744061,999.7905
1424728744094,999.7905
1424728744125,999.7905
1424728744154,999.7905
1424728744180,999.79877
1424728744242,999.8005
1424728744266,999.8005
1424728744302,999.8005
1424728744329,999.8005
1424728744357,999.8005
1424728744392,999.8005
1424728744418,999.8005
1424728744453,999.8005
1424728744513,999.8005
1424728744513,999.8005
1424728744564,999.8005
1424728744598,999.8005
1424728744626,999.79517
1424728744658,999.7905
1424728744685,999.7905
1424728744719,999.7997
1424728744778,999.8005
1424728744805,999.8005
1424728744838,999.8005
1424728744865,999.8005
1424728744897,999.8005
1424728744926,999.8005
1424728744954,999.8005
1424728745017,999.8005
1424728745042,999.8005
1424728745073,999.8005
1424728745102,999.7969
1424728745135,999.7905
1424728745160,999.7905
1424728745192,999.7905
1424728745221,999.7905
1424728745258,999.7905
1424728745309,999.7905
1424728745345,999.7905
1424728745373,999.79456
1424728745401,999.8005
1424728745435,999.8005
1424728745456,999.8005
1424728745485,999.791
1424728745544,999.7905
1424728745577,999.7905
1424728745602,999.7905
1424728745632,999.7905
1424728745662,999.7905
1424728745692,999.7905
1424728745722,999.7905
1424728745752,999.8003
1424728745813,999.8005
1424728745846,999.8005
1424728745916,999.8005
1424728745922,999.8005
1424728745928,999.8005
1424728745959,999.8005
1424728745996,999.8005
1424728746046,999.8005
1424728746082,999.7977
1424728746115,999.7905
1424728746141,999.7936
1424728746169,999.8005
1424728746200,999.8005
1424728746230,999.79236
1424728746294,999.7913
1424728746296,999.7998
1424728746349,999.8005
1424728746390,999.8005
1424728746412,999.7958
1424728746438,999.7905
1424728746466,999.7905
1424728746500,999.7905
1424728746525,999.7905
1424728746585,999.8005
1424728746616,999.8005
1424728746644,999.8005
1424728746673,999.8005
1424728746703,999.8005
1424728746732,999.8005
1424728746763,999.8005
1424728746833,999.8005
1424728746853,999.8005
1424728746884,999.8005
1424728746911,999.8005
1424728746951,999.8005
1424728746975,999.8005
1424728747002,999.8005
1424728747030,999.8005
1424728747069,999.8005
1424728747122,999.8005
1424728747152,999.8005
1424728747188,999.8005
1424728747208,999.7943
1424728747237,999.7905
1424728747269,999.7993
1424728747329,999.8004
1424728747357,999.7905
1424728747382,999.7905
1424728747417,999.7905
1424728747443,999.7905
1424728747472,999.7905
1424728747506,999.7905
1424728747567,999.7905
1424728747593,999.7905
1424728747632,999.7905
1424728747656,999.7905
1424728747684,999.7905
1424728747711,999.7905
1424728747748,999.7905
1424728747773,999.7905
1424728747806,999.7905
1424728747866,999.7894
1424728747888,999.7805
1424728747925,999.7805
1424728747952,999.7805
1424728747978,999.7805
1424728748014,999.7805
1424728748039,999.7805
1424728748078,999.7893
1424728748129,999.7905
1424728748158,999.7905
1424728748195,999.7905
1424728748220,999.7905
1424728748247,999.7905
1424728748281,999.7905
1424728748311,999.7905
1424728748365,999.7905
1424728748395,999.7905
1424728748434,999.7905
1424728748462,999.78687
1424728748487,999.7805
1424728748513,999.7805
1424728748548,999.7805
1424728748576,999.7805
1424728748638,999.7805
1424728748663,999.7831
1424728748695,999.7905
1424728748727,999.7905
1424728748756,999.7905
1424728748781,999.7827
1424728748814,999.7805
1424728748873,999.7905
1424728748900,999.7905
1424728748933,999.7905
1424728748961,999.7905
1424728748985,999.7837
1424728749018,999.7805
1424728749050,999.7805
1424728749077,999.7805
1424728749140,999.7905
1424728749166,999.7882
1424728749205,999.7805
1424728749228,999.7805
1424728749256,999.7867
1424728749286,999.7905
1424728749317,999.7905
1424728749379,999.7905
1424728749379,999.7905
1424728749437,999.7905
1424728749463,999.7905
1424728749495,999.7905
1424728749520,999.7905
1424728749560,999.7905
1424728749588,999.7905
1424728749642,999.7905
1424728749672,999.7905
1424728749709,999.7905
1424728749733,999.7905
1424728749761,999.7905
1424728749788,999.7905
1424728749825,999.7905
1424728749854,999.7905
1424728749906,999.7918
1424728749947,999.8005
1424728749976,999.8005
1424728749999,999.8005
1424728750028,999.79285
1424728750056,999.7905
1424728750095,999.7905
1424728750150,999.7905
1424728750178,999.7905
1424728750207,999.7905
1424728750238,999.79474
1424728750267,999.8005
1424728750298,999.7936
1424728750325,999.7905
1424728750354,999.7905
1424728750412,999.7905
1424728750446,999.7905
1424728750470,999.7905
1424728750507,999.7905
1424728750529,999.7905
1424728750566,999.7905
1424728750625,999.7908
1424728750651,999.8005
1424728750680,999.8005
1424728750719,999.8005
1424728750743,999.8005
1424728750769,999.8005
1424728750797,999.8005
1424728750837,999.8005
1424728750860,999.8005
1424728750916,999.8005
1424728750952,999.8005
1424728750978,999.8005
1424728751010,999.8005
1424728751039,999.8005
1424728751065,999.8005
1424728751100,999.8005
1424728751128,999.8005
1424728751188,999.8005
1424728751217,999.8005
1424728751243,999.8005
1424728751273,999.8005
1424728751309,999.8005
1424728751334,999.8005
1424728751363,999.8005
1424728751432,999.8005
1424728751432,999.8005
1424728751483,999.8005
1424728751511,999.8005
1424728751551,999.8005
1424728751571,999.8005
1424728751604,999.8005
1424728751637,999.8005
1424728751687,999.8005
1424728751721,999.8005
1424728751749,999.8005
1424728751782,999.8005
1424728751806,999.8005
1424728751841,999.8005
1424728751866,999.8005
1424728751901,999.8005
1424728751959,999.8005
1424728751987,999.8005
1424728752018,999.8005
1424728752046,999.8005
1424728752078,999.8005
1424728752104,999.8005
1424728752143,999.8005
1424728752195,999.8005
1424728752228,999.8005
1424728752254,999.8005
1424728752284,999.8049
1424728752316,999.8105
1424728752374,999.8105
1424728752402,999.8105
1424728752402,999.8105
1424728752462,999.8105
1424728752490,999.8105
1424728752519,999.8105
1424728752554,999.8105
1424728752587,999.8105
1424728752608,999.8105
1424728752640,999.8105
1424728752708,999.8105
1424728752708,999.8105
1424728752760,999.8105
1424728752786,999.8105
1424728752820,999.8105
1424728752850,999.8105
1424728752876,999.8105
1424728752944,999.8105
1424728752945,999.8105
1424728752994,999.8085
1424728753023,999.8005
1424728753056,999.8005
1424728753083,999.8005
1424728753111,999.8005
1424728753143,999.8005
1424728753173,999.8005
1424728753230,999.8005
1424728753267,999.8005
1424728753293,999.8005
1424728753321,999.7954
1424728753356,999.7905
1424728753384,999.7905
1424728753412,999.7905
1424728753478,999.7905
1424728753479,999.7905
1424728753528,999.79346
1424728753564,999.8005
1424728753592,999.7949
1424728753618,999.7905
1424728753650,999.7905
1424728753684,999.7905
1424728753734,999.7905
1424728753767,999.7905
1424728753796,999.7905
1424728753820,999.7905
1424728753850,999.7905
1424728753881,999.7905
1424728753936,999.7905
1424728753972,999.7905
1424728754001,999.7905
1424728754031,999.7905
1424728754063,999.7905
1424728754089,999.7905
1424728754121,999.78394
1424728754158,999.7805
1424728754184,999.7897
1424728754240,999.7905
1424728754273,999.7905
1424728754304,999.7905
1424728754329,999.7905
1424728754359,999.7905
1424728754390,999.7905
1424728754424,999.7905
1424728754451,999.7905
1424728754509,999.7905
1424728754547,999.7905
1424728754574,999.7905
1424728754598,999.7905
1424728754630,999.7905
1424728754660,999.7905
1424728754686,999.7905
1424728754753,999.7905
1424728754754,999.7905
1424728754805,999.7905
1424728754837,999.7947
1424728754874,999.8005
1424728754901,999.8005
1424728754923,999.8005
1424728754954,999.8005
1424728755023,999.8005
1424728755044,999.8005
1424728755069,999.8005
1424728755101,999.8005
1424728755135,999.8005
1424728755161,999.8005
1424728755186,999.8005
1424728755221,999.8005
1424728755254,999.8005
1424728755313,999.80304
1424728755339,999.8105
1424728755373,999.8105
1424728755401,999.8105
1424728755427,999.8105
1424728755461,999.8105
1424728755520,999.8105
1424728755551,999.8105
1424728755576,999.8105
1424728755604,999.8105
1424728755640,999.8105
1424728755665,999.8105
1424728755694,999.8188
1424728755726,999.8205
1424728755786,999.8205
1424728755814,999.8205
1424728755841,999.8205
1424728755871,999.8205
1424728755900,999.8205
1424728755931,999.8205
1424728755960,999.8205
1424728756022,999.8205
1424728756047,999.8205
1424728756077,999.8242
1424728756108,999.83044
1424728756138,999.83044
1424728756169,999.83044
1424728756196,999.83044
1424728756228,999.83044
1424728756286,999.83044
1424728756319,999.83044
1424728756352,999.83374
1424728756378,999.84045
1424728756407,999.84045
1424728756441,999.84045
1424728756468,999.84045
1424728756496,999.84045
1424728756557,999.84045
1424728756583,999.84045
1424728756619,999.84045
1424728756643,999.84045
1424728756678,999.84045
1424728756703,999.84045
1424728756742,999.84045
1424728756803,999.84076
1424728756825,999.85046
1424728756851,999.85046
1424728756899,999.85046
1424728756915,999.85046
1424728756943,999.85046
1424728756975,999.85046
1424728756998,999.85046
1424728757035,999.85046
1424728757095,999.85046
1424728757118,999.85046
1424728757153,999.85046
1424728757179,999.85046
1424728757207,999.85046
1424728757239,999.85046
1424728757272,999.85046
1424728757331,999.85046
1424728757358,999.85046
1424728757388,999.84656
1424728757416,999.84045
1424728757455,999.84045
1424728757476,999.84045
1424728757507,999.84045
1424728757571,999.84045
1424728757596,999.84033
1424728757624,999.83044
1424728757656,999.83484
1424728757683,999.84045
1424728757715,999.84045
1424728757743,999.8321
1424728757776,999.83044
1424728757832,999.83044
1424728757860,999.83044
1424728757896,999.83044
1424728757922,999.83044
1424728757950,999.83044
1424728757986,999.83044
1424728758013,999.83044
1424728758068,999.83044
1424728758110,999.83044
1424728758130,999.83044
1424728758160,999.83044
1424728758187,999.83044
1424728758222,999.83044
1424728758244,999.8228
1424728758281,999.8205
1424728758340,999.8205
1424728758367,999.8205
1424728758399,999.8205
1424728758427,999.8205
1424728758459,999.8205
1424728758489,999.8205
1424728758518,999.8205
1424728758546,999.8205
1424728758612,999.8205
1424728758632,999.8205
1424728758662,999.8205
1424728758711,999.8205
1424728758722,999.8205
1424728758749,999.8205
1424728758782,999.8205
1424728758841,999.8205
1424728758872,999.8205
1424728758899,999.8205
1424728758933,999.8205
1424728758966,999.8205
1424728758988,999.8205
1424728759027,999.8205
1424728759049,999.8205
1424728759109,999.8205
1424728759142,999.8205
1424728759164,999.8205
1424728759203,999.8205
1424728759224,999.8205
1424728759254,999.8205
1424728759283,999.8205
1424728759343,999.8205
1424728759372,999.8205
1424728759403,999.8205
1424728759432,999.8205
1424728759462,999.8205
1424728759492,999.81384
1424728759524,999.8105
1424728759548,999.8105
1424728759612,999.8205
1424728759641,999.8205
1424728759675,999.8205
1424728759698,999.8159
1424728759730,999.8105
1424728759757,999.8105
1424728759788,999.8105
1424728759822,999.8105
1424728759884,999.8105
1424728759916,999.8105
1424728759942,999.8105
1424728759973,999.81476
1424728759999,999.8205
1424728760032,999.81287
1424728760062,999.8105
1424728760118,999.8105
1424728760145,999.8105
1424728760177,999.8105
1424728760202,999.8105
1424728760237,999.8105
1424728760264,999.8105
1424728760299,999.8105
1424728760322,999.8105
1424728760384,999.8005
1424728760416,999.8005
1424728760444,999.8005
1424728760475,999.8005
1424728760512,999.8005
1424728760536,999.8005
1424728760563,999.8005
1424728760596,999.8005
1424728760651,999.8005
1424728760680,999.8005
1424728760716,999.8005
1424728760748,999.8005
1424728760770,999.8005
1424728760805,999.8005
1424728760844,999.8005
1424728760892,999.8005
1424728760917,999.8005
1424728760952,999.8005
1424728760976,999.8005
1424728761011,999.8005
1424728761036,999.8005
1424728761070,999.8005
1424728761098,999.8005
1424728761163,999.8005
1424728761186,999.8005
1424728761215,999.8005
1424728761244,999.8005
1424728761283,999.8005
1424728761312,999.8005
1424728761333,999.8005
1424728761395,999.8005
1424728761434,999.8005
1424728761455,999.8005
1424728761482,999.8005
1424728761511,999.8005
1424728761545,999.8005
1424728761574,999.8005
1424728761633,999.8005
1424728761667,999.7998
1424728761690,999.7905
1424728761716,999.7905
1424728761756,999.7905
1424728761787,999.7905
1424728761807,999.7905
1424728761873,999.7905
1424728761875,999.7905
1424728761928,999.7905
1424728761955,999.7905
1424728761989,999.7905
1424728762013,999.7905
1424728762049,999.7905
1424728762075,999.7905
1424728762106,999.7905
1424728762166,999.8005
1424728762193,999.79877
1424728762227,999.7905
1424728762254,999.79486
1424728762283,999.8005
1424728762315,999.8005
1424728762341,999.8005
1424728762410,999.8005
1424728762410,999.8005
1424728762460,999.80273
1424728762494,999.8105
1424728762526,999.8063
1424728762555,999.8005
1424728762587,999.8005
1424728762612,999.8005
1424728762668,999.8005
1424728762698,999.8005
1424728762733,999.8005
1424728762762,999.8005
1424728762787,999.8005
1424728762817,999.8005
1424728762846,999.8005
1424728762880,999.8005
1424728762940,999.801
1424728762967,999.8105
1424728762999,999.8105
1424728763026,999.8105
1424728763053,999.80457
1424728763085,999.8005
1424728763149,999.8005
1424728763150,999.8005
1424728763202,999.8005
1424728763237,999.8005
1424728763266,999.7979
1424728763292,999.7905
1424728763324,999.7905
1424728763350,999.7905
1424728763387,999.7905
1424728763440,999.7905
1424728763478,999.7905
1424728763500,999.7905
1424728763532,999.7905
1424728763555,999.7905
1424728763589,999.7905
1424728763617,999.7905
1424728763646,999.7905
1424728763711,999.7905
1424728763736,999.7905
1424728763764,999.7905
1424728763797,999.7905
1424728763825,999.7905
1424728763861,999.7905
1424728763885,999.7905
1424728763940,999.7905
1424728763972,999.7905
1424728764007,999.7905
1424728764032,999.7905
1424728764067,999.7905
1424728764092,999.7905
1424728764120,999.78253
1424728764157,999.7805
1424728764218,999.7805
1424728764240,999.7805
1424728764274,999.7805
1424728764299,999.78503
1424728764334,999.7905
1424728764360,999.7905
1424728764393,999.7905
1424728764420,999.7905
1424728764480,999.7805
1424728764504,999.7805
1424728764541,999.7805
1424728764565,999.7805
1424728764597,999.7805
1424728764632,999.7882
1424728764661,999.7905
1424728764715,999.7905
1424728764746,999.7905
1424728764774,999.7905
1424728764802,999.7905
1424728764839,999.7857
1424728764866,999.7805
1424728764892,999.7887
1424728764925,999.7905
1424728764987,999.7905
1424728765013,999.7905
1424728765043,999.7905
1424728765072,999.7905
1424728765110,999.7905
1424728765133,999.7905
1424728765160,999.7905
1424728765191,999.7905
1424728765250,999.7905
1424728765284,999.7927
1424728765311,999.8005
1424728765339,999.8005
1424728765367,999.8005
1424728765403,999.8005
1424728765430,999.8005
1424728765488,999.8005
1424728765519,999.8005
1424728765550,999.8005
1424728765590,999.8005
1424728765609,999.8005
1424728765640,999.8005
1424728765669,999.8005
1424728765695,999.8005
1424728765760,999.8005
1424728765786,999.8005
1424728765844,999.8005
1424728765846,999.8005
1424728765874,999.8005
1424728765902,999.8005
1424728765933,999.8005
1424728765995,999.8005
1424728766019,999.8005
1424728766053,999.8005
1424728766080,999.8005
1424728766118,999.8005
1424728766143,999.80664
1424728766169,999.8105
1424728766198,999.801
1424728766259,999.8005
1424728766289,999.8005
1424728766316,999.8005
1424728766352,999.8005
1424728766385,999.8005
1424728766407,999.8005
1424728766469,999.8005
1424728766470,999.8005
1424728766528,999.8005
1424728766554,999.8005
1424728766588,999.8005
1424728766616,999.8005
1424728766644,999.8005
1424728766671,999.791
1424728766707,999.7905
1424728766763,999.8005
1424728766792,999.8005
1424728766826,999.8005
1424728766854,999.8005
1424728766883,999.79474
1424728766910,999.7905
1424728766944,999.7905
1424728766977,999.7905
1424728767033,999.8005
1424728767069,999.7975
1424728767090,999.7905
1424728767120,999.7905
1424728767148,999.7905
1424728767182,999.7905
1424728767211,999.7905
1424728767271,999.7905
1424728767313,999.7905
1424728767331,999.79193
1424728767356,999.8005
1424728767389,999.79395
1424728767419,999.7905
1424728767445,999.7905
1424728767479,999.7905
1424728767538,999.7905
1424728767564,999.7905
1424728767594,999.7905
1424728767623,999.7905
1424728767653,999.79706
1424728767681,999.8005
1424728767708,999.7919
1424728767738,999.7905
1424728767800,999.7905
1424728767829,999.7905
1424728767859,999.7905
1424728767888,999.7905
1424728767918,999.7905
1424728767949,999.7905
1424728767979,999.7905
1424728768038,999.7905
1424728768076,999.78894
1424728768102,999.7805
1424728768128,999.7805
1424728768157,999.7805
1424728768189,999.7731
1424728768219,999.7705
1424728768245,999.7705
1424728768310,999.77277
1424728768339,999.7805
1424728768367,999.7805
1424728768397,999.7756
1424728768433,999.7705
1424728768456,999.7705
1424728768483,999.7705
1424728768548,999.7805
1424728768550,999.7805
1424728768600,999.7805
1424728768644,999.7805
1424728768671,999.7805
1424728768689,999.7805
1424728768721,999.7805
1424728768749,999.7805
1424728768810,999.7805
1424728768843,999.7805
1424728768865,999.7805
1424728768903,999.7805
1424728768929,999.7805
1424728768967,999.7805
1424728768986,999.7805
1424728769022,999.7805
1424728769084,999.7805
1424728769111,999.7794
1424728769138,999.7705
1424728769167,999.7705
1424728769193,999.7705
1424728769227,999.7705
1424728769285,999.7705
1424728769318,999.7705
1424728769344,999.7705
1424728769376,999.7705
1424728769403,999.7705
1424728769437,999.7754
1424728769463,999.7805
1424728769492,999.7805
1424728769525,999.7805
1424728769591,999.7805
1424728769607,999.7805
1424728769644,999.7805
1424728769669,999.7805
1424728769703,999.7743
1424728769729,999.7705
1424728769762,999.7705
1424728769824,999.7704
1424728769826,999.7607
1424728769878,999.7605
1424728769912,999.7605
1424728769959,999.7605
1424728769995,999.7605
1424728770000,999.7605
1424728770030,999.7605
1424728770084,999.7605
1424728770113,999.7605
1424728770148,999.7572
1424728770174,999.7505
1424728770208,999.7505
1424728770234,999.7505
1424728770267,999.7505
1424728770293,999.7505
1424728770353,999.7505
1424728770392,999.7505
1424728770413,999.7505
1424728770443,999.7505
1424728770471,999.7505
1424728770506,999.7505
1424728770533,999.7505
1424728770600,999.7505
1424728770629,999.7505
1424728770651,999.7505
1424728770679,999.7505
1424728770718,999.7505
1424728770741,999.7505
1424728770767,999.7505
1424728770837,999.75146
1424728770838,999.7599
1424728770889,999.7605
1424728770916,999.7605
1424728770947,999.7556
1424728770975,999.7505
1424728771004,999.7505
1424728771036,999.7505
1424728771090,999.7505
1424728771124,999.7505
1424728771156,999.7505
1424728771184,999.7505
1424728771220,999.7505
1424728771242,999.7505
1424728771281,999.7505
1424728771320,999.7505
1424728771359,999.7505
1424728771390,999.7505
1424728771424,999.7505
1424728771451,999.7505
1424728771480,999.7505
1424728771507,999.7505
1424728771539,999.7505
1424728771572,999.7505
1424728771632,999.7505
1424728771658,999.7505
1424728771693,999.7505
1424728771720,999.7505
1424728771751,999.7505
1424728771786,999.7505
1424728771808,999.7505
1424728771875,999.75024
1424728771876,999.74054
1424728771932,999.74054
1424728771957,999.74054
1424728771986,999.74054
1424728772010,999.74054
1424728772040,999.74054
1424728772069,999.74054
1424728772129,999.7414
1424728772158,999.7505
1424728772189,999.747
1424728772218,999.74054
1424728772249,999.74054
1424728772278,999.74054
1424728772308,999.74054
1424728772367,999.74054
1424728772398,999.74054
1424728772427,999.74054
1424728772457,999.74054
1424728772487,999.74054
1424728772521,999.74054
1424728772544,999.74054
1424728772578,999.74054
1424728772633,999.74054
1424728772664,999.74054
1424728772695,999.74054
1424728772722,999.74054
1424728772752,999.74054
1424728772783,999.74054
1424728772814,999.74054
1424728772842,999.74054
1424728772904,999.74054
1424728772929,999.74054
1424728772961,999.74054
1424728772993,999.74054
1424728773018,999.74054
1424728773050,999.74054
1424728773082,999.74054
1424728773142,999.74054
1424728773169,999.74054
1424728773203,999.74054
1424728773227,999.74054
1424728773260,999.74054
1424728773285,999.74054
1424728773317,999.74054
1424728773350,999.74054
1424728773408,999.7505
1424728773439,999.7485
1424728773465,999.74054
1424728773500,999.74054
1424728773524,999.74054
1424728773557,999.74054
1424728773588,999.74054
1424728773613,999.74054
1424728773671,999.74054
1424728773702,999.74054
1424728773733,999.74054
1424728773760,999.74054
1424728773790,999.74054
1424728773821,999.74054
1424728773853,999.74054
1424728773909,999.74054
1424728773939,999.74054
1424728773971,999.74054
1424728774003,999.74054
1424728774028,999.74054
1424728774059,999.74054
1424728774089,999.74054
1424728774117,999.74054
1424728774179,999.74054
1424728774206,999.74054
1424728774237,999.74054
1424728774271,999.74054
1424728774295,999.7343
1424728774329,999.7305
1424728774355,999.7305
1424728774418,999.7305
1424728774444,999.7305
1424728774478,999.7305
1424728774503,999.7305
1424728774537,999.7305
1424728774563,999.7305
1424728774593,999.7305
1424728774625,999.7305
