1424795000569,985.32
1424795000571,985.32996
1424795000625,985.43
1424795000671,985.27997
1424795000725,985.32
1424795000773,985.32996
1424795000874,985.29
1424795000975,985.25
1424795001022,985.36
1424795001124,985.32
1424795001171,985.22
1424795001226,985.25
1424795001274,985.22
1424795001322,985.42
1424795001374,985.38995
1424795001424,985.27997
1424795001477,985.32
1424795001571,985.35
1424795001625,985.36
1424795001672,985.32996
1424795001726,985.32
1424795001775,985.35
1424795001822,985.33997
1424795001875,985.36
1424795001976,985.32996
1424795002072,985.37
1424795002124,985.41
1424795002171,985.25
1424795002322,985.38995
1424795002375,985.35
1424795002429,985.33997
1424795002522,985.44995
1424795002571,985.44
1424795002624,985.24
1424795002673,985.26996
1424795002725,985.42
1424795002773,985.20996
1424795002824,985.36
1424795002976,985.39996
1424795003023,985.38995
1424795003071,985.38
1424795003125,985.37
1424795003173,985.38995
1424795003226,985.38
1424795003322,985.33997
1424795003374,985.3
1424795003422,985.32
1424795003476,985.35
1424795003524,985.32
1424795003571,985.29
1424795003624,985.32996
1424795003673,985.27997
1424795003725,985.31
1424795003773,985.32
1424795003819,985.42
1424795003874,985.26996
1424795003922,985.42
1424795003975,985.26996
1424795004069,985.31
1424795004125,985.33997
1424795004173,985.32996
1424795004225,985.32
1424795004319,985.50995
1424795004375,985.48
1424795004429,985.35
1424795004522,985.38
1424795004624,985.41
1424795004674,985.3
1424795004725,985.33997
1424795004777,985.35
1424795004819,985.32
1424795004876,985.29
1424795004923,985.32996
1424795004976,985.44995
1424795005023,985.35
1424795005069,985.38
1424795005126,985.37
1424795005174,985.38
1424795005225,985.48
1424795005274,985.47
1424795005319,985.35
1424795005376,985.44995
1424795005427,985.44
1424795005475,985.43
1424795005626,985.3
1424795005673,985.42
1424795005725,985.26996
1424795005774,985.31
1424795005819,985.42
1424795005876,985.41
1424795005985,985.3
1424795006024,985.44995
1424795006126,985.48
1424795006174,985.38
1424795006319,985.33997
1424795006376,985.48
1424795006430,985.44995
1424795006523,985.49
1424795006625,985.44995
1424795006671,985.35
1424795006726,985.32
1424795006776,985.54
1424795006819,985.42
1424795006921,985.57
1424795006982,985.41
1424795007024,985.50995
1424795007125,985.5
1424795007170,985.49
1424795007276,985.45996
1424795007319,985.57
1424795007374,985.56
1424795007420,985.52997
1424795007477,985.54
1424795007526,985.57
1424795007625,985.54
1424795007670,985.57996
1424795007727,985.57
1424795007775,985.47
1424795007819,985.6
1424795007875,985.58997
1424795007921,985.54
1424795007977,985.52997
1424795008026,985.63
1424795008070,985.52997
1424795008125,985.63
1424795008170,985.6
1424795008227,985.5
1424795008275,985.6
1424795008319,985.56
1424795008376,985.52997
1424795008476,985.56
1424795008525,985.50995
1424795008626,985.55
1424795008674,985.54
1424795008819,985.56
1424795008879,985.55
1424795008921,985.66
1424795008980,985.52997
1424795009022,985.57
1424795009069,985.61
1424795009171,985.64996
1424795009226,985.52997
1424795009272,985.66
1424795009319,985.64996
1424795009377,985.62
1424795009421,985.64996
1424795009476,985.6
1424795009522,985.63
1424795009569,985.66
1424795009626,985.62
1424795009725,985.64996
1424795009772,985.77997
1424795009819,985.66
1424795009877,985.56
1424795009921,985.69
1424795009977,985.72
1424795010022,985.69
1424795010069,985.68
1424795010127,985.70996
1424795010171,985.69995
1424795010227,985.58997
1424795010272,985.62
1424795010319,985.72
1424795010376,985.69
1424795010522,985.58997
1424795010580,985.6
1424795010627,985.63
1424795010671,985.66
1424795010772,985.69
1424795010921,985.73
1424795010977,985.69
1424795011272,985.72
1424795011329,985.75
1424795011476,985.77997
1424795011522,985.75
1424795011570,985.88
1424795011624,985.69
1424795011727,985.72
1424795011772,985.75
1424795011820,985.74
1424795011874,985.69995
1424795012069,985.83997
1424795012125,985.72
1424795012273,985.70996
1424795012320,985.81
1424795012522,985.44
1424795012570,985.77997
1424795012671,985.91
1424795012728,985.81
1424795012820,985.83997
1424795012979,985.81
1424795013042,985.8
1424795013071,985.79
1424795013124,985.81
1424795013171,985.8
1424795013229,985.79
1424795013272,985.89996
1424795013320,985.77997
1424795013420,985.93
1424795013478,985.75
1424795013522,985.95996
1424795013569,985.93
1424795013624,985.77997
1424795013671,985.89996
1424795013820,985.85
1424795013874,985.95996
1424795013921,985.93
1424795013978,986.02997
1424795014022,985.87
1424795014070,985.89996
1424795014124,985.93
1424795014171,985.92
1424795014225,985.81
1424795014272,985.95996
1424795014321,985.93
1424795014374,985.92
1424795014421,985.93
1424795014475,985.88
1424795014624,985.89996
1424795014671,986.02997
1424795014725,985.89996
1424795014772,985.93
1424795014874,985.89996
1424795014975,985.93
1424795015071,986.02997
1424795015124,985.99
1424795015320,985.95996
1424795015374,985.93
1424795015420,985.95996
1424795015477,986.12
1424795015523,985.89996
1424795015624,986.08997
1424795015725,985.93
1424795015821,985.94
1424795015922,985.93
1424795015975,985.92
1424795016023,986.08997
1424795016070,986.06
1424795016124,986.00995
1424795016172,986.0
1424795016272,986.02997
1424795016320,985.83997
1424795016423,986.0
1424795016475,985.87
1424795016523,988.63995
1424795016570,986.08997
1424795016624,986.07996
1424795016725,986.05
1424795016820,986.06
1424795016975,986.00995
1424795017071,986.12
1424795017125,986.0
1424795017225,986.04
1424795017321,986.06
1424795017374,986.02997
1424795017423,986.14996
1424795017475,986.12
1424795017524,986.11
1424795017571,986.07
1424795017725,986.02997
1424795017773,986.14996
1424795017820,986.13995
1424795017874,986.1
1424795017975,985.99
1424795018094,986.18
1424795018095,986.17
1424795018124,986.13
1424795018273,986.14996
1424795018321,986.13995
1424795018374,986.13
1424795018421,986.1
1424795018572,986.12
1424795018624,986.11
1424795018672,986.12
1424795018773,986.11
1424795018822,986.1
1424795018874,986.08997
1424795018922,986.13
1424795018975,986.14996
1424795019024,986.18
1424795019072,986.17
1424795019172,986.16
1424795019274,986.13
1424795019374,986.12
1424795019475,986.14996
1424795019572,986.18
1424795019672,986.13995
1424795019725,986.14996
1424795019774,986.3
1424795019822,986.11
1424795019922,986.24
1424795020024,986.23
1424795020071,986.22
1424795020125,986.20996
1424795020172,986.25
1424795020273,986.24
1424795020324,986.26996
1424795020424,986.25995
1424795020475,986.12
1424795020528,986.14996
1424795020570,986.19
1424795020625,986.20996
1424795020673,986.19995
1424795020725,986.20996
1424795020820,986.24
1424795020875,986.26996
1424795020923,986.3
1424795020975,986.29
1424795021023,986.27997
1424795021173,986.26996
1424795021375,986.22
1424795021423,986.39996
1424795021475,986.3
1424795021529,986.18
1424795021625,986.32996
1424795021674,986.18
1424795021725,986.3
1424795021774,986.32996
1424795021819,986.33997
1424795021874,986.32996
1424795021924,986.32
1424795022024,986.29
1424795022069,986.32996
1424795022124,986.32
1424795022174,986.33997
1424795022424,986.37
1424795022528,986.39996
1424795022569,986.3
1424795022626,986.39996
1424795022726,986.38995
1424795022774,986.38
1424795022921,986.35
1424795022977,986.38995
1424795023082,986.38
1424795023124,986.37
1424795023171,986.39996
1424795023226,986.36
1424795023275,986.37
1424795023319,986.36
1424795023375,986.45996
1424795023421,986.36
1424795023625,986.45996
1424795023671,986.32996
1424795023875,986.3
1424795023921,986.45996
1424795023977,986.36
1424795024025,986.45996
1424795024069,986.44995
1424795024125,986.32996
1424795024171,986.36
1424795024319,986.37
1424795024477,986.41
1424795024578,986.43
1424795024625,986.42
1424795024727,986.43
1424795024775,986.38995
1424795024876,986.39996
1424795024921,986.43
1424795024977,986.42
1424795025026,986.38995
1424795025069,986.42
1424795025171,986.41
1424795025228,986.43
1424795025319,986.55
1424795025376,986.39996
1424795025476,986.38995
1424795025522,986.33997
1424795025569,986.38
1424795025627,986.42
1424795025671,986.43
1424795025726,986.45996
1424795025772,986.44995
1424795025819,986.44
1424795025876,986.39996
1424795025920,986.43
