1424455268102,993.02997
1424455268103,992.98
1424455268123,992.98
1424455268123,993.00995
1424455268516,993.00995
1424455268517,992.94995
1424455268517,992.94995
1424455268517,992.92
1424455268518,992.92
1424455268518,992.92
1424455268518,992.92
1424455268518,992.88995
1424455268518,992.88995
1424455268519,992.86
1424455268519,992.86
1424455268519,992.98
1424455268519,992.98
1424455268520,992.98
1424455268526,992.98
1424455268541,993.00995
1424455268546,993.00995
1424455268560,992.92
1424455268566,992.92
1424455268646,992.88995
1424455268646,992.88995
1424455268647,992.88995
1424455268647,992.88995
1424455268648,992.92
1424455268660,992.92
1424455268694,993.00995
1424455268695,993.00995
1424455268703,992.94995
1424455268713,992.94995
1424455268732,993.04
1424455268742,993.04
1424455268766,992.92
1424455268784,992.92
1424455268794,992.94995
1424455268808,992.94995
1424455268831,993.00995
1424455268832,993.00995
1424455268856,993.00995
1424455268864,993.00995
1424455268908,992.98
1424455268909,992.98
1424455268915,992.88995
1424455268925,992.88995
1424455268959,992.88995
1424455268960,992.88995
1424455268975,992.94995
1424455268984,992.94995
1424455269005,992.94995
1424455269015,992.94995
1424455269035,992.88995
1424455269055,992.88995
1424455269065,992.88995
1424455269080,992.88995
1424455269193,993.00995
1424455269195,993.00995
1424455269196,992.92
1424455269197,992.92
1424455269198,992.88995
1424455269201,992.88995
1424455269203,992.94995
1424455269207,992.94995
1424455269353,992.92
1424455269353,992.92
1424455269354,992.98
1424455269355,992.98
1424455269356,993.08997
1424455269356,993.08997
1424455269357,993.08997
1424455269364,993.08997
1424455269365,992.98
1424455269365,992.98
1424455269384,993.04
1424455269476,993.04
1424455269477,993.00995
1424455269478,993.00995
1424455269479,992.98
1424455269494,992.98
1424455269495,993.04
1424455269505,993.04
1424455269506,993.00995
1424455269520,993.00995
1424455269535,992.88995
1424455269536,992.88995
1424455269555,992.98
1424455269570,992.98
1424455269605,992.98
1424455269605,992.98
1424455269626,992.98
1424455269626,992.98
1424455269714,993.00995
1424455269714,993.00995
1424455269714,992.98
1424455269719,992.98
1424455269720,993.00995
1424455269721,993.00995
1424455269766,993.04
1424455269766,993.04
1424455269770,993.06
1424455269770,993.06
1424455269807,993.04
1424455269807,993.04
1424455269819,992.98
1424455269830,992.98
1424455269848,992.98
1424455269854,992.98
1424455269873,993.04
1424455269883,993.04
1424455269904,993.06
1424455269913,993.06
1424455269935,992.98
1424455269943,992.98
1424455269964,993.00995
1424455270260,993.00995
1424455270260,993.06
1424455270261,993.06
1424455270261,992.98
1424455270261,992.98
1424455270262,992.94995
1424455270262,992.94995
1424455270262,993.04
1424455270263,993.04
1424455270263,993.04
1424455270263,993.04
1424455270264,992.98
1424455270264,992.98
1424455270265,993.00995
1424455270265,993.06
1424455270284,992.94995
1424455270318,992.94995
1424455270318,993.06
1424455270330,993.06
1424455270349,992.98
1424455270350,992.98
1424455270360,992.98
1424455270367,992.98
1424455270381,993.00995
1424455270386,993.00995
1424455270400,993.00995
1424455270406,993.00995
1424455270420,993.00995
1424455270426,993.00995
1424455270440,993.06
1424455270445,993.06
1424455270460,993.04
1424455270465,993.04
1424455270480,993.04
1424455270485,993.04
1424455270500,993.00995
1424455270506,993.00995
1424455270520,992.92
1424455270525,992.92
1424455270540,993.06
1424455270547,993.06
1424455270560,993.06
1424455270566,993.06
1424455270580,993.06
1424455270586,993.06
1424455270600,993.04
1424455270605,993.04
1424455270620,993.00995
1424455270626,993.00995
1424455270640,993.06
1424455270646,993.06
1424455270660,993.00995
1424455270666,993.00995
1424455270680,993.00995
1424455270686,993.00995
1424455270700,993.02997
1424455270706,993.02997
1424455270720,993.00995
1424455270726,993.00995
1424455270740,993.00995
1424455270746,993.00995
1424455270760,993.00995
1424455270766,993.00995
1424455270781,993.02997
1424455270786,993.02997
1424455270800,993.02997
1424455270805,993.02997
1424455270820,993.00995
1424455270826,993.00995
1424455270840,993.06
1424455270846,993.06
1424455270860,992.98
1424455270866,992.98
1424455270886,992.98
1424455270887,992.98
1424455270900,993.00995
1424455270906,993.00995
1424455270920,993.08997
1424455270926,993.08997
1424455270940,992.98
1424455270945,992.98
1424455270960,993.13995
1424455270965,993.13995
1424455270980,992.98
1424455270986,992.98
1424455271000,993.08997
1424455271006,993.08997
1424455271020,993.08997
1424455271026,993.08997
1424455271040,993.00995
1424455271046,993.00995
1424455271060,993.02997
1424455271066,993.02997
1424455271081,992.94995
1424455271087,992.94995
1424455271100,993.08997
1424455271106,993.08997
1424455271513,992.94995
1424455271514,993.02997
1424455271514,993.02997
1424455271514,993.0
1424455271515,993.0
1424455271515,993.08997
1424455271515,993.08997
1424455271515,993.12
1424455271515,993.12
1424455271526,993.0
1424455271527,993.0
1424455271543,993.08997
1424455271548,993.08997
1424455271560,993.06
1424455271566,993.06
1424455271580,993.08997
1424455271590,993.08997
1424455271600,993.12
1424455271609,993.12
1424455271620,993.06
1424455271629,993.06
1424455271640,993.17
1424455271650,993.17
1424455271660,993.12
1424455271668,993.12
1424455271680,993.0
1424455271688,993.0
1424455271700,993.02997
1424455271710,993.02997
1424455271720,993.02997
1424455271729,993.02997
1424455271740,993.12
1424455271749,993.12
1424455271761,993.02997
1424455271769,993.02997
1424455271780,993.0
1424455271789,993.0
1424455271800,993.06
1424455271820,993.06
1424455271820,993.08997
1424455271829,993.08997
1424455271840,993.08997
1424455271849,993.08997
1424455271860,993.08997
1424455271869,993.08997
1424455271880,993.13995
1424455271890,993.13995
1424455271900,993.19995
1424455271909,993.19995
1424455271920,993.06
1424455271930,993.06
1424455271941,992.97
1424455271950,992.97
1424455271962,992.92
1424455271969,992.92
1424455271985,992.86
1424455271994,992.86
1424455272000,992.94
1424455272035,992.94
1424455272035,992.94
1424455272036,992.94
1424455272040,993.02997
1424455272050,993.02997
1424455272065,993.08997
1424455272069,993.08997
1424455272080,993.08997
1424455272089,993.08997
1424455272100,993.02997
1424455272109,993.02997
1424455272120,993.06
1424455272129,993.06
1424455272140,993.13995
1424455272150,993.13995
1424455272160,993.17
1424455272169,993.17
1424455272189,993.17
1424455272189,993.17
1424455272210,993.12
1424455272219,993.12
1424455272230,993.08997
1424455272239,993.08997
1424455272250,993.06
1424455272259,993.06
1424455272270,993.12
1424455272279,993.12
1424455272290,993.19995
1424455272299,993.19995
1424455272310,993.17
1424455272319,993.17
1424455272330,993.13995
1424455272339,993.13995
1424455272350,993.06
1424455272359,993.06
1424455272370,993.02997
1424455272379,993.02997
1424455272390,993.02997
1424455272400,993.02997
1424455272410,992.97
1424455272419,992.97
1424455272430,992.94
1424455272439,992.94
1424455272500,992.94
1424455272500,992.94
1424455272502,992.68
1424455272503,992.68
1424455272511,992.91
1424455272521,992.91
1424455272542,992.82996
1424455272552,992.82996
1424455272561,992.91
1424455272572,992.91
1424455272581,993.06
1424455272591,993.06
1424455272601,993.0
1424455272663,993.0
1424455272664,993.02997
1424455272665,993.02997
1424455272672,993.08997
1424455272681,993.08997
1424455272693,993.13995
1424455272711,993.13995
1424455272722,993.06
1424455272743,993.06
1424455272753,993.06
1424455272762,993.06
1424455272771,993.06
1424455272785,993.06
1424455272832,993.19995
1424455272833,993.19995
1424455272833,993.02997
1424455272841,993.02997
1424455272852,993.0
1424455272861,993.0
1424455272893,993.17
1424455272893,993.17
1424455272932,992.94
1424455272933,992.94
1424455272934,992.86
1424455272953,992.86
1424455272962,992.8
1424455272973,992.8
1424455273202,992.91
1424455273204,992.91
1424455273205,993.12
1424455273206,993.12
1424455273207,993.23
1424455273208,993.23
1424455273209,993.12
1424455273211,993.12
1424455273212,993.19995
1424455273213,993.19995
1424455273214,993.23
1424455273215,993.23
1424455273216,993.19995
1424455273217,993.19995
1424455273219,993.06
1424455273234,993.06
1424455273235,993.06
1424455273243,993.06
1424455273268,993.06
1424455273272,993.06
1424455273291,993.12
1424455273302,993.12
1424455273323,993.02997
1424455273341,993.02997
1424455273352,992.97
1424455273377,992.97
1424455273386,992.91
1424455273395,992.91
1424455273412,992.88
1424455273422,992.88
1424455273442,992.88
1424455273451,992.88
1424455273472,993.0
1424455273494,993.0
1424455273502,993.0
1424455273518,993.0
1424455273534,993.17
1424455273603,993.17
1424455273623,993.25
1424455273625,993.25
1424455273636,993.45996
1424455273640,993.45996
1424455273657,993.39996
1424455273660,993.39996
1424455273671,993.43
1424455273676,993.43
1424455273680,993.23
1424455273686,993.23
1424455273716,993.12
1424455273719,993.12
1424455273783,993.06
1424455273784,993.06
1424455273784,993.06
1424455273784,993.06
1424455273791,992.91
1424455273801,992.91
1424455273831,992.88
1424455273831,992.88
1424455273842,992.88
1424455273859,992.88
1424455273871,992.74
1424455273884,992.74
1424455273901,992.8
1424455273912,992.8
1424455273932,992.8
1424455273953,992.8
1424455273961,993.06
1424455274011,993.06
1424455274012,993.13995
1424455274012,993.13995
1424455274020,993.51996
1424455274078,993.51996
1424455274079,993.66
1424455274081,993.66
1424455274097,993.49
1424455274105,993.49
1424455274106,993.12
1424455274123,993.12
1424455274133,993.02997
1424455274142,993.02997
1424455274161,992.94
1424455274182,992.94
1424455274191,992.88
1424455274203,992.88
1424455274222,992.8
1424455274232,992.8
1424455274251,992.70996
1424455274262,992.70996
1424455274283,992.70996
1424455274294,992.70996
1424455274311,992.91
1424455274323,992.91
1424455274342,992.8
1424455274352,992.8
1424455274371,992.86
1424455274383,992.86
1424455274414,993.12
1424455274414,993.12
1424455274432,993.25
1424455274442,993.25
1424455274462,993.02997
1424455274472,993.02997
1424455274492,993.06
1424455274502,993.06
1424455274522,992.97
1424455274532,992.97
1424455274552,993.12
1424455274562,993.12
1424455274583,993.02997
1424455274597,993.02997
1424455274643,992.91
1424455274643,992.91
1424455274644,992.8
1424455274653,992.8
1424455274672,992.70996
1424455274682,992.70996
1424455274702,992.62
1424455274713,992.62
1424455274743,992.82996
1424455274743,992.82996
1424455274763,992.94
1424455274772,992.94
1424455274792,993.06
1424455274803,993.06
1424455274824,993.08997
1424455274842,993.08997
1424455274843,993.19995
1424455274852,993.19995
1424455274874,993.08997
1424455274882,993.08997
1424455274903,993.25
1424455274913,993.25
1424455274934,993.27997
1424455274942,993.27997
1424455274972,993.12
1424455274973,993.12
1424455274993,992.82996
1424455275003,992.82996
1424455275023,992.8
1424455275032,992.8
1424455275064,992.82996
1424455275065,992.82996
1424455275085,992.64996
1424455275092,992.64996
1424455275134,992.76996
1424455275136,992.76996
1424455275169,992.56
1424455275169,992.56
1424455275183,992.62
1424455275232,992.62
1424455275236,992.62
1424455275236,992.62
1424455275254,992.76996
1424455275262,992.76996
1424455275273,993.0
1424455275283,993.0
1424455275303,992.94
1424455275315,992.94
1424455275333,993.06
1424455275343,993.06
1424455275364,992.97
1424455275373,992.97
1424455275394,993.08997
1424455275403,993.08997
1424455275425,993.13995
1424455275433,993.13995
1424455275495,993.25
1424455275496,993.25
1424455275496,993.12
1424455275505,993.12
1424455275513,992.97
1424455275523,992.97
1424455275543,992.82996
1424455275553,992.82996
1424455275573,992.68
1424455275583,992.68
1424455275603,992.68
1424455275613,992.68
1424455275633,992.70996
1424455275643,992.70996
1424455275663,992.64996
1424455275673,992.64996
1424455275695,992.76996
1424455275735,992.76996
1424455275794,992.82996
1424455275795,992.82996
1424455275795,992.94
1424455275795,992.94
1424455275796,992.97
1424455275796,992.97
1424455275803,992.91
1424455275813,992.91
1424455275833,993.0
1424455275843,993.0
1424455275863,993.13995
1424455275873,993.13995
1424455275893,993.17
1424455275904,993.17
1424455275923,993.27997
1424455275933,993.27997
1424455275953,993.12
1424455275963,993.12
1424455275984,993.0
1424455275993,993.0
1424455276013,992.97
1424455276023,992.97
1424455276043,992.88
1424455276053,992.88
1424455276073,992.88
1424455276083,992.88
1424455276103,992.94
1424455276113,992.94
1424455276134,992.91
1424455276143,992.91
1424455276165,992.82
1424455276173,992.82
1424455276193,992.56
1424455276203,992.56
1424455276223,992.36
1424455276233,992.36
1424455276255,992.62
1424455276263,992.62
1424455276285,992.88
1424455276294,992.88
1424455276313,992.97
1424455276354,992.97
1424455276354,992.94
1424455276354,992.94
1424455276365,992.88
1424455276375,992.88
1424455276689,992.94
1424455276689,992.94
1424455276690,993.02997
1424455276690,993.02997
1424455276690,992.97
1424455276690,992.97
1424455276691,993.25
1424455276691,993.25
1424455276691,993.13995
1424455276692,993.13995
1424455276692,993.06
1424455276692,993.06
1424455276711,992.85
1424455276725,992.85
1424455276725,992.73
1424455276734,992.73
1424455276754,992.79
1424455276764,992.79
1424455276784,993.02997
1424455276794,993.02997
1424455276814,992.85
1424455276824,992.85
1424455276844,992.91
1424455276854,992.91
1424455276874,993.02997
1424455277020,993.02997
1424455277020,993.19
1424455277020,993.19
1424455277020,993.37
1424455277021,993.37
1424455277021,993.48
1424455277021,993.48
1424455277021,993.11
1424455277022,993.11
1424455277030,992.97
1424455277034,992.97
1424455277054,992.94
1424455277066,992.94
1424455277084,992.75995
1424455277094,992.75995
1424455277115,992.67
1424455277124,992.67
1424455277259,992.73
1424455277259,992.73
1424455277259,992.97
1424455277260,992.97
1424455277260,992.38
1424455277260,992.38
1424455277260,992.47
1424455277260,992.47
1424455277264,992.58997
1424455277274,992.58997
1424455277294,992.75995
1424455277304,992.75995
1424455277324,992.73
1424455277334,992.73
1424455277354,992.85
1424455277364,992.85
1424455277384,992.85
1424455277394,992.85
1424455277415,992.88
1424455277424,992.88
1424455277445,993.11
1424455277464,993.11
1424455277475,993.0
1424455277485,993.0
1424455277586,993.19
1424455277587,993.19
1424455277587,993.16
1424455277587,993.16
1424455277588,993.0
1424455277588,993.0
1424455277600,992.91
1424455277605,992.91
1424455277696,992.79
1424455277696,992.79
1424455277696,992.58997
1424455277697,992.58997
1424455277697,992.63995
1424455277697,992.63995
1424455277866,992.63995
1424455277867,992.63995
1424455277867,992.67
1424455277867,992.67
1424455277867,992.82
1424455277868,992.82
1424455277868,992.91
1424455277868,992.91
1424455277868,992.88
1424455277869,992.88
1424455277869,992.97
1424455277869,992.97
1424455277875,992.85
1424455277886,992.85
1424455277906,992.97
1424455277916,992.97
1424455277935,993.16
1424455277945,993.16
1424455277966,993.16
1424455277976,993.16
1424455277996,993.22
1424455278005,993.22
1424455278027,993.05
1424455278035,993.05
1424455278055,992.94
1424455278065,992.94
1424455278088,993.07996
1424455278096,993.07996
1424455278195,992.94
1424455278196,992.94
1424455278196,992.69995
1424455278196,992.69995
1424455278197,992.61
1424455278197,992.61
1424455278197,992.5
1424455278197,992.5
1424455278209,992.61
1424455278228,992.61
1424455278236,992.52997
1424455278247,992.52997
1424455278266,992.52997
1424455278276,992.52997
1424455278296,992.52997
1424455278306,992.52997
1424455278326,992.69995
1424455278336,992.69995
1424455278356,992.82
1424455278366,992.82
1424455278386,992.82
1424455278396,992.82
1424455278416,992.79
1424455278427,992.79
1424455278446,992.94
1424455278456,992.94
1424455278476,993.05
1424455278486,993.05
1424455278507,993.16
1424455278516,993.16
1424455278536,993.19
1424455278546,993.19
1424455278566,993.07996
1424455278582,993.07996
1424455278596,992.99
1424455278606,992.99
1424455278627,993.01996
1424455278636,993.01996
1424455278656,992.75995
1424455278666,992.75995
1424455278696,992.67
1424455278697,992.67
1424455278716,992.79
1424455278726,992.79
1424455278747,992.75995
1424455278747,992.75995
1424455278767,992.55
1424455278767,992.55
1424455278787,992.55
1424455278787,992.55
1424455278806,992.67
1424455278816,992.67
1424455278846,992.69995
1424455278846,992.69995
1424455278857,992.91
1424455278857,992.91
1424455278876,992.75995
1424455278886,992.75995
1424455278907,992.85
1424455278907,992.85
1424455278927,992.85
1424455278927,992.85
1424455278948,992.85
1424455278948,992.85
1424455278967,992.85
1424455278977,992.85
1424455279006,992.88
1424455279006,992.88
1424455279017,992.73
1424455279017,992.73
1424455279046,992.75995
1424455279047,992.75995
1424455279057,992.79
1424455279057,992.79
1424455279077,992.75995
1424455279077,992.75995
1424455279097,992.88
1424455279097,992.88
1424455279117,992.75995
1424455279117,992.75995
1424455279166,992.88
1424455279167,992.88
1424455279167,992.82
1424455279167,992.82
1424455279179,992.79
1424455279179,992.79
1424455279197,992.82
1424455279254,992.82
1424455279254,992.82
1424455279255,992.82
1424455279255,992.85
1424455279255,992.85
1424455279267,992.73
1424455279267,992.73
1424455279277,992.63995
1424455279277,992.63995
1424455279297,992.55
1424455279297,992.55
1424455279317,992.57996
1424455279317,992.57996
1424455279337,992.61
1424455279337,992.61
1424455279357,992.67
1424455279357,992.67
1424455279377,992.67
1424455279378,992.67
1424455279397,992.67
1424455279397,992.67
1424455279419,992.79
1424455279419,992.79
1424455279449,992.82
1424455279450,992.82
1424455279450,992.73
1424455279457,992.73
1424455279477,992.82
1424455279477,992.82
1424455279490,992.75995
1424455279509,992.75995
1424455279512,992.82
1424455279517,992.82
1424455279530,992.87
1424455279537,992.87
1424455279550,992.75995
1424455279559,992.75995
1424455279577,992.82
1424455279578,992.82
1424455279590,992.82
1424455279597,992.82
1424455279610,992.89996
1424455279617,992.89996
1424455279630,992.79
1424455279637,992.79
1424455279650,992.87
1424455279657,992.87
1424455279670,992.79
1424455279677,992.79
1424455279690,992.89996
1424455279697,992.89996
1424455279710,992.82
1424455279719,992.82
1424455279740,992.87
1424455279747,992.87
1424455279760,992.87
1424455279769,992.87
1424455279780,992.69995
1424455279787,992.69995
1424455279800,992.63995
1424455279808,992.63995
1424455279820,992.73
1424455279840,992.73
1424455279850,992.73
1424455279857,992.73
1424455279870,992.83997
1424455279877,992.83997
1424455279890,992.75995
1424455279898,992.75995
1424455279910,992.87
1424455279917,992.87
1424455279930,993.11
1424455279937,993.11
1424455279950,993.07996
1424455279958,993.07996
1424455279970,993.13995
1424455279978,993.13995
1424455279990,992.95996
1424455279998,992.95996
1424455280010,992.93
1424455280018,992.93
1424455280047,992.95996
1424455280048,992.95996
1424455280050,992.93
1424455280058,992.93
1424455280070,992.89996
1424455280078,992.89996
1424455280090,992.89996
1424455280098,992.89996
1424455280110,992.93
1424455280118,992.93
1424455280130,992.87
1424455280140,992.87
1424455280150,992.83997
1424455280158,992.83997
1424455280170,992.81
1424455280178,992.81
1424455280190,992.83997
1424455280198,992.83997
1424455280210,992.87
1424455280218,992.87
1424455280230,992.83997
1424455280238,992.83997
1424455280253,992.87
1424455280258,992.87
1424455280270,992.69995
1424455280278,992.69995
1424455280290,992.61
1424455280298,992.61
1424455280319,992.67
1424455280320,992.67
1424455280330,992.57996
1424455280338,992.57996
1424455280359,992.67
1424455280360,992.67
1424455280370,992.73
1424455280378,992.73
1424455280390,992.75
1424455280398,992.75
1424455280419,992.77997
1424455280420,992.77997
1424455280438,992.75
1424455280439,992.75
1424455280450,992.93
1424455280459,992.93
1424455280470,993.07996
1424455280478,993.07996
1424455280491,993.05
1424455280498,993.05
1424455280510,993.05
1424455280527,993.05
1424455280540,993.11
1424455280548,993.11
1424455280580,993.18
1424455280581,993.18
1424455280581,993.13
1424455280588,993.13
1424455280609,993.11
1424455280618,993.11
1424455280630,992.93
1424455280638,992.93
1424455280650,992.77997
1424455280658,992.77997
1424455280670,992.67
1424455280678,992.67
1424455280691,992.81
1424455280699,992.81
1424455280710,992.81
1424455280718,992.81
1424455280730,992.63995
1424455280738,992.63995
1424455280751,992.55
1424455280759,992.55
1424455280770,992.51996
1424455280779,992.51996
1424455280790,992.63995
1424455280799,992.63995
1424455280810,992.67
1424455280819,992.67
1424455280830,992.55
1424455280838,992.55
1424455280850,992.63995
1424455280858,992.63995
1424455280870,992.67
1424455280878,992.67
1424455280890,992.75
1424455280898,992.75
1424455280910,992.83997
1424455280919,992.83997
1424455280930,992.83997
1424455280939,992.83997
1424455280950,992.93
1424455280960,992.93
1424455280970,992.93
1424455280979,992.93
1424455281019,993.07
1424455281020,993.07
1424455281020,993.13
1424455281020,993.13
1424455281030,992.99
1424455281039,992.99
1424455281050,993.01996
1424455281059,993.01996
1424455281070,993.1
1424455281079,993.1
1424455281090,993.20996
1424455281099,993.20996
1424455281121,993.1
1424455281122,993.1
1424455281140,992.83997
1424455281149,992.83997
1424455281160,992.63
1424455281169,992.63
1424455281180,992.69
1424455281191,992.69
1424455281210,992.72
1424455281219,992.72
1424455281242,992.66
1424455281242,992.66
1424455281260,992.75
1424455281269,992.75
1424455281280,992.57996
1424455281290,992.57996
1424455281300,992.49
1424455281309,992.49
1424455281320,992.45996
1424455281331,992.45996
1424455281340,992.39996
1424455281350,992.39996
1424455281360,992.51996
1424455281369,992.51996
1424455281380,992.6
1424455281389,992.6
1424455281400,992.69
1424455281409,992.69
1424455281420,992.83997
1424455281429,992.83997
1424455281440,992.83997
1424455281450,992.83997
1424455281460,992.83997
1424455281469,992.83997
1424455281480,992.83997
1424455281489,992.83997
1424455281500,992.81
1424455281530,992.81
1424455281530,992.81
1424455281530,992.81
1424455281540,992.77997
1424455281550,992.77997
1424455281560,992.77997
1424455281570,992.77997
1424455281580,992.95996
1424455281589,992.95996
1424455281612,993.1
1424455281612,993.1
1424455281630,993.04
1424455281639,993.04
1424455281650,992.93
1424455281660,992.93
1424455281670,992.89996
1424455281680,992.89996
1424455281690,992.75
1424455281700,992.75
1424455281710,992.72
1424455281720,992.72
1424455281730,992.6
1424455281740,992.6
1424455281750,992.57
1424455281760,992.57
1424455281770,992.55
1424455281780,992.55
1424455281790,992.63
1424455281801,992.63
1424455281810,992.57
1424455281821,992.57
1424455281830,992.57
1424455281840,992.57
1424455281851,992.54
1424455281860,992.54
1424455281871,992.63
1424455281880,992.63
1424455281901,992.81
1424455281916,992.81
1424455281927,992.77997
1424455281930,992.77997
1424455281940,992.75
1424455281950,992.75
1424455281960,992.77997
1424455281970,992.77997
1424455281981,992.77997
1424455281990,992.77997
1424455282000,992.83997
1424455282010,992.83997
1424455282021,992.83997
1424455282030,992.83997
1424455282040,992.93
1424455282050,992.93
1424455282060,993.14996
1424455282070,993.14996
1424455282080,993.00995
1424455282090,993.00995
1424455282100,992.98
1424455282111,992.98
1424455282120,992.94995
1424455282130,992.94995
1424455282141,992.89996
1424455282159,992.89996
1424455282170,992.89996
1424455282180,992.89996
1424455282190,992.89996
1424455282200,992.89996
1424455282221,992.83997
1424455282221,992.83997
1424455282230,992.81
1424455282240,992.81
1424455282250,992.77997
1424455282260,992.77997
1424455282272,992.69
1424455282280,992.69
1424455282291,992.69
1424455282301,992.69
1424455282311,992.72
1424455282321,992.72
1424455282341,992.48
1424455282351,992.48
1424455282372,992.63
1424455282390,992.63
1424455282400,992.57
1424455282410,992.57
1424455282421,992.63
1424455282431,992.63
1424455282440,992.72
1424455282450,992.72
1424455282461,992.75
1424455282493,992.75
1424455282493,992.75
1424455282494,992.75
1424455282511,992.83997
1424455282520,992.83997
1424455282530,992.77997
1424455282543,992.77997
1424455282560,992.81
1424455282571,992.81
1424455282580,992.87
1424455282592,992.87
1424455282610,992.88995
1424455282621,992.88995
1424455282640,992.94995
1424455282651,992.94995
1424455282660,993.04
1424455282671,993.04
1424455282691,993.14996
1424455282701,993.14996
1424455282721,993.13
1424455282731,993.13
1424455282751,992.94995
1424455282761,992.94995
1424455282781,992.72
1424455282791,992.72
1424455282811,992.72
1424455282821,992.72
1424455282842,992.63
1424455282851,992.63
1424455282871,992.6
1424455282881,992.6
1424455282901,992.69
1424455282922,992.69
1424455282931,992.48
1424455282941,992.48
1424455282961,992.48
1424455282971,992.48
1424455283001,992.66
1424455283001,992.66
1424455283021,992.77997
1424455283031,992.77997
1424455283051,992.69
1424455283061,992.69
1424455283082,992.66
1424455283091,992.66
1424455283113,992.69
1424455283122,992.69
1424455283142,992.92
1424455283151,992.92
1424455283171,992.92
1424455283182,992.92
1424455283204,992.92
1424455283212,992.92
1424455283231,992.88995
1424455283242,992.88995
1424455283261,992.8
1424455283272,992.8
1424455283293,992.77997
1424455283301,992.77997
1424455283321,992.72
1424455283331,992.72
1424455283351,992.8
1424455283361,992.8
1424455283404,992.69
1424455283405,992.69
1424455283422,992.77997
1424455283431,992.77997
1424455283452,992.31
1424455283463,992.31
1424455283481,992.27997
1424455283492,992.27997
1424455283512,992.27997
1424455283522,992.27997
1424455283542,992.48
1424455283552,992.48
1424455283572,992.69
1424455283582,992.69
1424455283604,992.66
1424455283612,992.66
1424455283643,992.63
1424455283643,992.63
1424455283662,992.75
1424455283672,992.75
1424455283692,992.8
1424455283702,992.8
1424455283723,992.76996
1424455283752,992.76996
1424455283764,992.94995
1424455283764,992.94995
1424455283782,992.94995
1424455283792,992.94995
1424455283812,993.07
1424455283822,993.07
1424455283842,992.94995
1424455283852,992.94995
1424455283872,992.74
1424455283882,992.74
1424455283902,992.57
1424455283912,992.57
1424455283933,992.6
1424455283942,992.6
1424455283962,992.50995
1424455283972,992.50995
1424455283992,992.48
1424455284004,992.48
1424455284041,992.50995
1424455284042,992.50995
1424455284062,992.57
1424455284063,992.57
1424455284102,992.50995
1424455284103,992.50995
1424455284113,992.54
1424455284123,992.54
1424455284155,992.69
1424455284155,992.69
1424455284174,992.66
1424455284184,992.66
1424455284203,992.69
1424455284236,992.69
1424455284236,992.69
1424455284244,992.69
1424455284263,992.76996
1424455284272,992.76996
1424455284293,992.94995
1424455284303,992.94995
1424455284323,992.82996
1424455284333,992.82996
1424455284353,992.82996
1424455284363,992.82996
1424455284383,992.74
1424455284394,992.74
1424455284413,992.8
1424455284423,992.8
1424455284444,992.76996
1424455284453,992.76996
1424455284473,992.6
1424455284483,992.6
1424455284503,992.63
1424455284513,992.63
1424455284533,992.50995
1424455284543,992.50995
1424455284563,992.3
1424455284574,992.3
1424455284593,992.42
1424455284604,992.42
1424455284624,992.36
1424455284633,992.36
1424455284653,992.54
1424455284663,992.54
1424455284683,992.57
1424455284693,992.57
1424455284713,992.68
1424455284723,992.68
1424455284743,992.68
1424455284753,992.68
1424455284773,992.74
1424455284783,992.74
1424455284804,992.74
1424455284813,992.74
1424455284833,992.8
1424455284843,992.8
1424455284863,992.88995
1424455284874,992.88995
1424455284894,992.98
1424455284905,992.98
1424455284924,992.88995
1424455284933,992.88995
1424455284974,992.86
1424455284975,992.86
1424455284984,992.76996
1424455285004,992.76996
1424455285014,992.62
1424455285033,992.62
1424455285044,992.58997
1424455285054,992.58997
1424455285084,992.54
1424455285085,992.54
1424455285124,992.54
1424455285124,992.54
1424455285136,992.38995
1424455285144,992.38995
1424455285164,992.57
1424455285175,992.57
1424455285194,992.50995
1424455285204,992.50995
1424455285224,992.62
1424455285234,992.62
1424455285255,992.64996
1424455285264,992.64996
1424455285284,992.68
1424455285294,992.68
1424455285315,992.74
1424455285324,992.74
1424455285349,992.82996
1424455285354,992.82996
1424455285375,992.92
1424455285384,992.92
1424455285404,992.88995
1424455285415,992.88995
1424455285434,992.76996
1424455285444,992.76996
1424455285464,992.70996
1424455285474,992.70996
1424455285494,992.70996
1424455285505,992.70996
1424455285524,992.74
1424455285534,992.74
1424455285554,992.64996
1424455285564,992.64996
1424455285584,992.64996
1424455285594,992.64996
1424455285614,992.68
1424455285624,992.68
1424455285645,992.56
1424455285654,992.56
1424455285675,992.50995
1424455285684,992.50995
1424455285704,992.14996
1424455285714,992.14996
1424455285734,992.20996
1424455285744,992.20996
1424455285766,992.42
1424455285775,992.42
1424455285794,992.44995
1424455285804,992.44995
1424455285824,992.5
1424455285834,992.5
1424455285855,992.52997
1424455285864,992.52997
1424455285884,992.62
1424455285894,992.62
1424455285915,992.64996
1424455285924,992.64996
1424455285946,992.74
1424455285955,992.74
1424455285986,992.74
1424455285986,992.74
1424455286005,992.62
1424455286015,992.62
1424455286035,992.64996
1424455286045,992.64996
1424455286065,992.62
1424455286075,992.62
1424455286095,992.68
1424455286105,992.68
1424455286125,992.70996
1424455286135,992.70996
1424455286156,992.76996
1424455286165,992.76996
1424455286186,992.62
1424455286195,992.62
1424455286215,992.5
1424455286225,992.5
1424455286245,992.52997
1424455286255,992.52997
1424455286275,992.42
1424455286285,992.42
1424455286306,992.38995
1424455286316,992.38995
1424455286335,992.56
1424455286345,992.56
1424455286365,992.64996
1424455286375,992.64996
1424455286395,992.64996
1424455286405,992.64996
1424455286425,992.86
1424455286435,992.86
1424455286465,992.82996
1424455286475,992.82996
1424455286495,992.76996
1424455286505,992.76996
1424455286525,992.74
1424455286535,992.74
1424455286555,992.82996
1424455286565,992.82996
1424455286585,992.76996
1424455286595,992.76996
1424455286615,992.62
1424455286625,992.62
1424455286645,992.64996
1424455286656,992.64996
1424455286676,992.76996
1424455286686,992.76996
1424455286706,992.68
1424455286716,992.68
1424455286737,992.64996
1424455286745,992.64996
1424455286765,992.62
1424455286776,992.62
1424455286797,992.47
1424455286805,992.47
1424455286827,992.47
1424455286835,992.47
1424455286856,992.38
1424455286866,992.38
1424455286886,992.5
1424455286896,992.5
1424455286916,992.58997
1424455286926,992.58997
1424455286946,992.52997
1424455286957,992.52997
1424455286976,992.62
1424455286986,992.62
1424455287007,992.70996
1424455287028,992.70996
1424455287036,992.64996
1424455287046,992.64996
1424455287066,992.64996
1424455287077,992.64996
1424455287100,992.8
1424455287107,992.8
1424455287127,992.70996
1424455287136,992.70996
1424455287200,992.76996
1424455287200,992.76996
1424455287200,992.74
1424455287200,992.74
1424455287217,992.76996
1424455287226,992.76996
1424455287246,992.76996
1424455287256,992.76996
1424455287276,992.58997
1424455287286,992.58997
1424455287307,992.47
1424455287307,992.47
1424455287326,992.52997
1424455287337,992.52997
1424455287357,992.38
1424455287357,992.38
1424455287377,992.52997
1424455287378,992.52997
1424455287397,992.56
1424455287398,992.56
1424455287417,992.64996
1424455287417,992.64996
1424455287437,992.74
1424455287437,992.74
1424455287457,992.74
1424455287458,992.74
1424455287477,992.76996
1424455287486,992.76996
1424455287506,992.82
1424455287507,992.82
1424455287526,992.79
1424455287537,992.79
1424455287557,992.82
1424455287557,992.82
1424455287577,993.02997
1424455287578,993.02997
1424455287608,993.19995
1424455287608,993.19995
1424455287627,993.17
1424455287627,993.17
1424455287649,992.97
1424455287649,992.97
1424455287667,992.85
1424455287667,992.85
1424455287689,992.74
1424455287689,992.74
1424455287707,992.70996
1424455287707,992.70996
1424455287727,992.70996
1424455287728,992.70996
1424455287747,992.70996
1424455287748,992.70996
1424455287767,992.64996
1424455287767,992.64996
1424455287787,992.68
1424455287787,992.68
1424455287807,992.79
1424455287807,992.79
1424455287829,992.56
1424455287829,992.56
1424455287847,992.25995
1424455287850,992.25995
1424455287870,992.18
1424455287870,992.18
1424455287887,992.20996
1424455287887,992.20996
1424455287907,992.18
1424455287907,992.18
1424455287927,992.29
1424455287927,992.29
1424455287947,992.38
1424455287947,992.38
1424455287967,992.35
1424455287967,992.35
1424455287980,992.47
1424455287987,992.47
1424455288016,992.5
1424455288026,992.5
1424455288050,992.62
1424455288058,992.62
1424455288070,992.64996
1424455288078,992.64996
1424455288090,992.58997
1424455288098,992.58997
1424455288110,992.68
1424455288117,992.68
1424455288138,992.68
1424455288147,992.68
1424455288160,992.75995
1424455288177,992.75995
1424455288180,992.85
1424455288189,992.85
1424455288200,992.82
1424455288207,992.82
1424455288228,992.97
1424455288229,992.97
1424455288247,992.88
1424455288257,992.88
1424455288270,992.79
1424455288280,992.79
1424455288297,992.56
1424455288308,992.56
1424455288320,992.52997
1424455288330,992.52997
1424455288340,992.52997
1424455288348,992.52997
1424455288360,992.56
1424455288367,992.56
1424455288380,992.56
1424455288388,992.56
1424455288400,992.5
1424455288407,992.5
1424455288420,992.47
1424455288428,992.47
1424455288440,992.44
1424455288448,992.44
1424455288460,992.52997
1424455288468,992.52997
1424455288489,992.56
1424455288489,992.56
1424455288500,992.56
1424455288508,992.56
1424455288520,992.67
1424455288527,992.67
1424455288540,992.58997
1424455288548,992.58997
1424455288560,992.64996
1424455288568,992.64996
1424455288580,992.73
1424455288587,992.73
1424455288600,992.69995
1424455288608,992.69995
1424455288620,992.69995
1424455288627,992.69995
1424455288640,992.73
1424455288648,992.73
1424455288660,992.94
1424455288668,992.94
1424455288680,992.82
1424455288688,992.82
1424455288700,992.79
1424455288708,992.79
1424455288720,992.85
1424455288729,992.85
1424455288741,992.69995
1424455288748,992.69995
1424455288760,992.67
1424455288768,992.67
1424455288780,992.69995
1424455288788,992.69995
1424455288800,992.67
1424455288808,992.67
1424455288820,992.73
1424455288828,992.73
1424455288840,992.75995
1424455288848,992.75995
1424455288860,992.75995
1424455288868,992.75995
1424455288880,992.73
1424455288888,992.73
1424455288900,992.63995
1424455288908,992.63995
1424455288920,992.58997
1424455288929,992.58997
1424455288940,992.67
1424455288949,992.67
1424455288960,992.35
1424455288968,992.35
1424455288980,992.11
1424455288988,992.11
1424455289000,992.13995
1424455289010,992.13995
1424455289020,992.17
1424455289028,992.17
1424455289040,992.35
1424455289048,992.35
1424455289060,992.44
1424455289068,992.44
1424455289080,992.44
1424455289088,992.44
1424455289100,992.41
1424455289108,992.41
1424455289120,992.56
1424455289128,992.56
1424455289140,992.56
1424455289148,992.56
1424455289160,992.5
1424455289168,992.5
1424455289180,992.5
1424455289189,992.5
1424455289200,992.56
1424455289209,992.56
1424455289220,992.73
1424455289228,992.73
1424455289240,992.61
1424455289259,992.61
1424455289279,992.67
1424455289279,992.67
1424455289290,992.79
1424455289299,992.79
1424455289310,992.88
1424455289320,992.88
1424455289330,992.97
1424455289339,992.97
1424455289350,992.97
1424455289359,992.97
1424455289371,992.97
1424455289380,992.97
1424455289390,992.97
1424455289399,992.97
1424455289410,992.94
1424455289419,992.94
1424455289431,992.69995
1424455289439,992.69995
1424455289450,992.52997
1424455289460,992.52997
1424455289470,992.5
1424455289479,992.5
1424455289490,992.5
1424455289499,992.5
1424455289510,992.47
1424455289519,992.47
1424455289530,992.41
1424455289539,992.41
1424455289551,992.23
1424455289559,992.23
1424455289570,992.41
1424455289579,992.41
1424455289590,992.52997
1424455289599,992.52997
1424455289610,992.41
1424455289619,992.41
1424455289630,992.32
1424455289639,992.32
1424455289650,992.41
1424455289659,992.41
1424455289670,992.35
1424455289679,992.35
1424455289690,992.52997
1424455289699,992.52997
1424455289710,992.55
1424455289719,992.55
1424455289730,992.55
1424455289739,992.55
1424455289750,992.52997
1424455289759,992.52997
1424455289770,992.63995
1424455289779,992.63995
1424455289790,992.57996
1424455289799,992.57996
1424455289829,992.63995
1424455289830,992.63995
1424455289840,992.75995
1424455289850,992.75995
1424455289860,992.69995
1424455289869,992.69995
1424455289880,992.85
1424455289890,992.85
1424455289900,992.88
1424455289911,992.88
1424455289920,992.82
1424455289930,992.82
1424455289940,992.69995
1424455289950,992.69995
1424455289960,992.69995
1424455289969,992.69995
1424455289980,992.75995
1424455289990,992.75995
1424455290000,992.69995
1424455290031,992.69995
1424455290031,992.67
1424455290031,992.67
1424455290040,992.51996
1424455290050,992.51996
1424455290060,992.55
1424455290070,992.55
1424455290080,992.57996
1424455290090,992.57996
1424455290100,992.57996
1424455290109,992.57996
1424455290120,992.69995
1424455290129,992.69995
1424455290140,992.35
1424455290150,992.35
1424455290160,992.17
1424455290169,992.17
1424455290180,992.17
1424455290190,992.17
1424455290200,992.25995
1424455290210,992.25995
1424455290220,992.35
1424455290231,992.35
1424455290250,992.38
1424455290260,992.38
1424455290270,992.38
1424455290280,992.38
1424455290290,992.49
1424455290300,992.49
1424455290310,992.49
1424455290320,992.49
1424455290332,992.49
1424455290340,992.49
1424455290350,992.47
1424455290360,992.47
1424455290370,992.51996
1424455290382,992.51996
1424455290390,992.61
1424455290400,992.61
1424455290410,992.67
1424455290420,992.67
1424455290432,992.55
1424455290440,992.55
1424455290460,992.57996
1424455290470,992.57996
1424455290480,992.61
1424455290490,992.61
1424455290500,992.82
1424455290512,992.82
1424455290520,992.67
1424455290530,992.67
1424455290540,992.79
1424455290550,992.79
1424455290560,992.79
1424455290570,992.79
1424455290580,992.73
1424455290592,992.73
1424455290610,992.67
1424455290620,992.67
1424455290642,992.45996
1424455290650,992.45996
1424455290660,992.41
1424455290670,992.41
1424455290680,992.35
1424455290690,992.35
1424455290700,992.38
1424455290710,992.38
1424455290720,992.29
1424455290730,992.29
1424455290741,992.41
1424455290750,992.41
1424455290762,992.38
1424455290770,992.38
1424455290781,992.43
1424455290790,992.43
1424455290801,992.49
1424455290810,992.49
1424455290833,992.45996
1424455290833,992.45996
1424455290851,992.55
1424455290861,992.55
1424455290870,992.61
1424455290880,992.61
1424455290890,992.63995
1424455290900,992.63995
1424455290997,992.61
1424455290998,992.61
1424455290998,992.75995
1424455290999,992.75995
1424455291000,992.79
1424455291000,992.79
1424455291012,992.79
1424455291031,992.79
1424455291031,992.75995
1424455291031,992.75995
1424455291051,992.69995
1424455291071,992.69995
1424455291072,992.79
1424455291081,992.79
1424455291091,992.69995
1424455291101,992.69995
1424455291121,992.57996
1424455291133,992.57996
1424455291153,992.51996
1424455291162,992.51996
1424455291181,992.43
1424455291191,992.43
1424455291212,992.35
1424455291222,992.35
1424455291241,992.38
1424455291252,992.38
1424455291271,992.39996
1424455291283,992.39996
1424455291301,992.17
1424455291311,992.17
1424455291331,992.23
1424455291342,992.23
1424455291361,992.35
1424455291372,992.35
1424455291391,992.37
1424455291403,992.37
1424455291422,992.49
1424455291432,992.49
1424455291451,992.49
1424455291461,992.49
1424455291481,992.43
1424455291491,992.43
1424455291512,992.51996
1424455291522,992.51996
1424455291560,992.57996
1424455291561,992.57996
1424455291572,992.61
1424455291582,992.61
1424455291601,992.73
1424455291611,992.73
1424455291643,992.73
1424455291653,992.73
1424455291672,992.69995
1424455291683,992.69995
1424455291702,992.51996
1424455291711,992.51996
1424455291732,992.32
1424455291742,992.32
1424455291762,992.45996
1424455291772,992.45996
1424455291794,992.32
1424455291802,992.32
1424455291823,992.45996
1424455291833,992.45996
1424455291852,992.51996
1424455291862,992.51996
1424455291882,992.32
1424455291892,992.32
1424455291912,992.43
1424455291922,992.43
1424455291942,992.33997
1424455291952,992.33997
1424455291972,992.45996
1424455291982,992.45996
1424455292002,992.39996
1424455292012,992.39996
1424455292034,992.43
1424455292043,992.43
1424455292062,992.67
1424455292072,992.67
1424455292093,992.69995
1424455292102,992.69995
1424455292122,992.61
1424455292132,992.61
1424455292173,992.51996
1424455292174,992.51996
1424455292182,992.67
1424455292192,992.67
1424455292212,992.63995
1424455292222,992.63995
1424455292243,992.67
1424455292254,992.67
1424455292272,992.49
1424455292282,992.49
1424455292303,992.31
1424455292312,992.31
1424455292335,992.37
1424455292343,992.37
1424455292423,992.37
1424455292424,992.37
1424455292424,992.13995
1424455292424,992.13995
1424455292432,992.13995
1424455292443,992.13995
1424455292462,992.19995
1424455292472,992.19995
1424455292493,992.33997
1424455292502,992.33997
1424455292523,992.31
1424455292533,992.31
1424455292553,992.37
1424455292563,992.37
1424455292583,992.43
1424455292593,992.43
1424455292613,992.39996
1424455292623,992.39996
1424455292646,992.61
1424455292653,992.61
1424455292673,992.75995
1424455292693,992.75995
1424455292703,992.75995
1424455292713,992.75995
1424455292733,992.81
1424455292743,992.81
1424455292764,992.77997
1424455292774,992.77997
1424455292794,992.63995
1424455292803,992.63995
1424455292823,992.55
1424455292833,992.55
1424455292853,992.45996
1424455292863,992.45996
1424455292884,992.37
1424455292893,992.37
1424455292984,992.49
1424455292985,992.49
1424455292985,992.57996
1424455292985,992.57996
1424455292985,992.45996
1424455292986,992.45996
1424455292993,992.31
1424455293004,992.31
1424455293024,992.19995
1424455293044,992.19995
1424455293053,992.13995
1424455293063,992.13995
1424455293114,992.25
1424455293115,992.25
1424455293115,992.45996
1424455293115,992.45996
1424455293123,992.37
1424455293133,992.37
1424455293164,992.51996
1424455293164,992.51996
1424455293186,992.61
1424455293193,992.61
1424455293214,992.45996
1424455293223,992.45996
1424455293246,992.43
1424455293254,992.43
1424455293274,992.43
1424455293283,992.43
1424455293304,992.39996
1424455293314,992.39996
1424455293334,992.39996
1424455293343,992.39996
1424455293364,992.43
1424455293374,992.43
1424455293394,992.51996
1424455293404,992.51996
1424455293425,992.39996
1424455293434,992.39996
1424455293454,992.55
1424455293464,992.55
1424455293484,992.49
1424455293494,992.49
1424455293514,992.39996
1424455293525,992.39996
1424455293544,992.33997
1424455293555,992.33997
1424455293575,992.45996
1424455293584,992.45996
1424455293604,992.31
1424455293614,992.31
1424455293634,992.27997
1424455293646,992.27997
1424455293664,992.31
1424455293674,992.31
1424455293694,992.37
1424455293704,992.37
1424455293724,992.39996
1424455293735,992.39996
1424455293754,992.51996
1424455293764,992.51996
1424455293784,992.43
1424455293794,992.43
1424455293814,992.51996
1424455293824,992.51996
1424455293844,992.51996
1424455293854,992.51996
1424455293897,992.45996
1424455293897,992.45996
1424455293914,992.39996
1424455293924,992.39996
1424455293944,992.51996
1424455293955,992.51996
1424455293974,992.57996
1424455293985,992.57996
1424455294006,992.49
1424455294014,992.49
1424455294034,992.51996
1424455294045,992.51996
1424455294065,992.49
1424455294075,992.49
1424455294095,992.37
1424455294105,992.37
1424455294125,992.39996
1424455294134,992.39996
1424455294154,992.25
1424455294164,992.25
1424455294184,992.43
1424455294195,992.43
1424455294215,992.43
1424455294225,992.43
1424455294245,992.45996
1424455294255,992.45996
1424455294275,992.51996
1424455294284,992.51996
1424455294305,992.49
1424455294315,992.49
1424455294335,992.51996
1424455294345,992.51996
1424455294365,992.61
1424455294375,992.61
1424455294395,992.39996
1424455294405,992.39996
1424455294425,992.63995
1424455294435,992.63995
1424455294455,992.57996
1424455294465,992.57996
1424455294485,992.51996
1424455294495,992.51996
1424455294515,992.61
1424455294525,992.61
1424455294545,992.45996
1424455294555,992.45996
1424455294575,992.39996
1424455294588,992.39996
1424455294625,992.51996
1424455294625,992.51996
1424455294635,992.61
1424455294645,992.61
1424455294666,992.72
1424455294675,992.72
1424455294695,992.43
1424455294705,992.43
1424455294726,992.27997
1424455294735,992.27997
1424455294755,992.45996
1424455294765,992.45996
1424455294785,992.27997
1424455294795,992.27997
1424455294816,992.37
1424455294825,992.37
1424455294845,992.45996
1424455294855,992.45996
1424455294877,992.57996
1424455294897,992.57996
1424455294906,992.69
1424455294916,992.69
1424455294936,992.75
1424455294946,992.75
1424455294967,992.99
1424455295929,992.99
1424455295929,992.99
1424455295930,992.99
1424455295930,992.69
1424455295930,992.69
1424455295930,992.57
1424455295931,992.57
1424455295931,992.6
1424455295931,992.6
1424455295931,992.45996
1424455295932,992.45996
1424455295932,992.27997
1424455295932,992.27997
1424455295932,992.31
1424455295932,992.31
1424455295933,992.37
1424455295933,992.37
1424455295933,992.37
1424455295933,992.37
1424455295934,992.27997
1424455295934,992.27997
1424455295934,992.33997
1424455295934,992.33997
1424455295935,992.22
1424455295935,992.22
1424455295935,992.19
1424455295935,992.19
1424455295939,992.16
1424455295940,992.16
1424455295942,992.1
1424455295942,992.1
1424455295947,992.16
1424455295947,992.16
1424455295967,992.37
1424455295967,992.37
1424455295987,992.43
1424455295987,992.43
1424455296008,992.37
1424455296008,992.37
1424455296027,992.45996
1424455296027,992.45996
1424455296047,992.50995
1424455296047,992.50995
1424455296067,992.43
1424455296067,992.43
1424455296087,992.43
1424455296087,992.43
1424455296107,992.43
1424455296107,992.43
1424455296127,992.50995
1424455296127,992.50995
1424455296147,992.54
1424455296147,992.54
1424455296160,992.57
1424455296167,992.57
1424455296180,992.66
1424455296187,992.66
1424455296207,992.81
1424455296208,992.81
1424455296220,992.66
1424455296227,992.66
1424455296247,992.72
1424455296257,992.72
1424455296270,992.75
1424455296277,992.75
1424455296290,992.54
1424455296297,992.54
1424455296310,992.33997
1424455296317,992.33997
1424455296428,992.33997
1424455296429,992.33997
1424455296429,992.45996
1424455296429,992.45996
1424455296429,992.33997
1424455296430,992.33997
1424455296430,992.22
1424455296430,992.22
1424455296430,992.37
1424455296437,992.37
1424455296450,992.31
1424455296457,992.31
1424455296470,992.33997
1424455296477,992.33997
1424455296490,992.27997
1424455296497,992.27997
1424455296510,992.22
1424455296517,992.22
1424455296530,992.25
1424455296538,992.25
1424455296550,992.37
1424455296557,992.37
1424455296580,992.43
1424455296581,992.43
1424455296590,992.33997
1424455296597,992.33997
1424455296610,992.45996
1424455296618,992.45996
1424455296630,992.57
1424455296637,992.57
1424455296650,992.50995
1424455296658,992.50995
1424455296670,992.6
1424455296687,992.6
1424455296700,992.63
1424455296708,992.63
1424455296720,992.63
1424455296727,992.63
1424455296740,992.63
1424455296748,992.63
1424455296760,992.6
1424455296768,992.6
1424455296780,992.50995
1424455296788,992.50995
1424455296803,992.57
1424455296808,992.57
1424455296820,992.54
1424455296828,992.54
1424455296840,992.54
1424455296848,992.54
1424455296860,992.44995
1424455296868,992.44995
1424455296880,992.39996
1424455296888,992.39996
1424455296901,992.39996
1424455296908,992.39996
1424455296926,992.39996
1424455296928,992.39996
1424455296940,992.37
1424455296948,992.37
1424455296960,992.19
1424455296969,992.19
1424455296980,992.07
1424455296988,992.07
1424455297000,992.13
1424455297008,992.13
1424455297020,992.19
1424455297029,992.19
1424455297040,992.16
1424455297048,992.16
1424455297060,992.16
1424455297068,992.16
1424455297080,992.42
1424455297090,992.42
1424455297120,992.39996
1424455297120,992.39996
1424455297130,992.33997
1424455297138,992.33997
1424455297150,992.48
1424455297158,992.48
1424455297170,992.42
1424455297178,992.42
1424455297191,992.42
1424455297198,992.42
1424455297210,992.48
1424455297218,992.48
1424455297230,992.57
1424455297238,992.57
1424455297250,992.54
1424455297258,992.54
1424455297270,992.63
1424455297278,992.63
1424455297290,992.69
1424455297299,992.69
1424455297310,992.72
1424455297318,992.72
1424455297330,992.72
1424455297339,992.72
1424455297350,992.69
1424455297358,992.69
1424455297370,992.6
1424455297378,992.6
1424455297390,992.37
1424455297398,992.37
1424455297421,992.27997
1424455297428,992.27997
1424455297440,992.25
1424455297448,992.25
1424455297460,992.16
1424455297469,992.16
1424455297482,992.07
1424455297489,992.07
1424455297500,992.16
1424455297509,992.16
1424455297520,991.98
1424455297531,991.98
1424455297559,992.13
1424455297578,992.13
1424455297590,992.25
1424455297599,992.25
1424455297610,992.37
1424455297619,992.37
1424455297630,992.42
1424455297639,992.42
1424455297650,992.27997
1424455297659,992.27997
1424455297670,992.38995
1424455297679,992.38995
1424455297690,992.42
1424455297699,992.42
1424455297730,992.42
1424455297730,992.42
1424455297740,992.57
1424455297749,992.57
1424455297760,992.63
1424455297769,992.63
1424455297780,992.6
1424455297789,992.6
1424455297800,992.6
1424455297809,992.6
1424455297820,992.57
1424455297829,992.57
1424455297841,992.54
1424455297849,992.54
1424455297873,992.6
1424455297873,992.6
1424455297880,992.38995
1424455297889,992.38995
1424455297900,992.38995
1424455297911,992.38995
1424455297920,992.22
1424455297929,992.22
1424455297940,992.19
1424455297950,992.19
1424455297960,992.19
1424455297971,992.19
1424455298001,992.33997
1424455298001,992.33997
1424455298010,992.27997
1424455298031,992.27997
1424455298047,992.04
1424455298048,992.04
1424455298051,992.33997
1424455298060,992.33997
1424455298089,991.98
1424455298089,991.98
1424455298090,992.04
1424455298100,992.04
1424455298110,992.13
1424455298119,992.13
1424455298130,992.19
1424455298140,992.19
1424455298150,992.19
1424455298161,992.19
1424455298181,992.22
1424455298190,992.22
1424455298202,992.38995
1424455298209,992.38995
1424455298221,992.33997
1424455298230,992.33997
1424455298240,992.36
1424455298250,992.36
1424455298260,992.48
1424455298270,992.48
1424455298280,992.42
1424455298290,992.42
1424455298300,992.42
1424455298310,992.42
1424455298320,992.57
1424455298330,992.57
1424455298340,992.44995
1424455298350,992.44995
1424455298360,992.54
1424455298370,992.54
1424455298380,992.69
1424455298390,992.69
1424455298400,992.6
1424455298410,992.6
1424455298420,992.63
1424455298430,992.63
1424455298440,992.63
1424455298450,992.63
1424455298464,992.48
1424455298490,992.48
1424455298648,992.42
1424455298648,992.42
1424455298648,992.36
1424455298649,992.36
1424455298649,992.22
1424455298650,992.22
1424455298650,992.25
1424455298650,992.25
1424455298650,992.25
1424455298651,992.25
1424455298651,992.32996
1424455298651,992.32996
1424455298651,992.38995
1424455298652,992.38995
1424455298652,992.22
1424455298652,992.22
1424455298680,992.25
1424455298690,992.25
1424455298700,992.32996
1424455298710,992.32996
1424455298726,992.27997
1424455298730,992.27997
1424455298740,992.36
1424455298750,992.36
1424455298760,992.32996
1424455298770,992.32996
1424455298783,992.32996
1424455298790,992.32996
1424455298810,992.32996
1424455298820,992.32996
1424455298832,992.42
1424455298840,992.42
1424455298850,992.54
1424455298860,992.54
1424455298870,992.63
1424455298880,992.63
1424455298890,992.63
1424455298900,992.63
1424455298910,992.6
1424455298920,992.6
1424455298932,992.54
1424455298940,992.54
1424455298950,992.50995
1424455298960,992.50995
1424455298970,992.48
1424455298980,992.48
1424455299000,992.48
1424455299010,992.48
1424455299020,992.50995
1424455299030,992.50995
1424455299040,992.42
1424455299050,992.42
1424455299060,992.32996
1424455299070,992.32996
1424455299080,992.3
1424455299091,992.3
1424455299100,992.26996
1424455299111,992.26996
1424455299120,992.16
1424455299131,992.16
1424455299142,992.38995
1424455299151,992.38995
1424455299161,992.13
1424455299171,992.13
1424455299191,992.04
1424455299202,992.04
1424455299221,991.88995
1424455299231,991.88995
1424455299251,992.1
1424455299261,992.1
1424455299281,992.13
1424455299291,992.13
1424455299311,992.3
1424455299321,992.3
1424455299341,992.38995
1424455299351,992.38995
1424455299371,992.36
1424455299381,992.36
1424455299401,992.36
1424455299411,992.36
1424455299431,992.38995
1424455299441,992.38995
1424455299461,992.38995
1424455299471,992.38995
1424455299491,992.50995
1424455299501,992.50995
1424455299521,992.57
1424455299531,992.57
1424455299551,992.57
1424455299561,992.57
1424455299592,992.63
1424455299592,992.63
1424455299611,992.44995
1424455299622,992.44995
1424455299642,992.32996
1424455299651,992.32996
1424455299671,992.3
1424455299692,992.3
1424455299702,992.13
1424455299711,992.13
1424455299731,992.24
1424455299741,992.24
1424455299762,992.24
1424455299771,992.24
1424455299793,992.04
1424455299804,992.04
1424455299823,992.16
1424455299832,992.16
1424455299852,992.19
1424455299862,992.19
1424455299892,992.3
1424455299902,992.3
1424455299922,992.24
1424455299932,992.24
1424455299952,992.32996
1424455299972,992.32996
1424455299982,992.42
1424455299992,992.42
1424455300012,992.48
1424455300022,992.48
1424455300042,992.69
1424455300052,992.69
1424455300273,992.63
1424455300273,992.63
1424455300274,992.54
1424455300274,992.54
1424455300274,992.50995
1424455300274,992.50995
1424455300275,992.50995
1424455300275,992.50995
1424455300275,992.44995
1424455300276,992.44995
1424455300276,992.36
1424455300276,992.36
1424455300276,992.32996
1424455300277,992.32996
1424455300292,992.24
1424455300302,992.24
1424455300322,992.19
1424455300355,992.19
1424455300355,992.54
1424455300364,992.54
1424455300384,992.13
1424455300392,992.13
1424455300413,991.74
1424455300432,991.74
1424455300463,991.8
1424455300463,991.8
1424455300472,991.98
1424455300483,991.98
1424455300503,991.98
1424455300513,991.98
1424455300535,992.1
1424455300542,992.1
1424455300563,992.3
1424455300572,992.3
1424455300593,992.3
1424455300603,992.3
1424455300640,992.32996
1424455300640,992.32996
1424455300653,992.26996
1424455300663,992.26996
1424455300683,992.38995
1424455300693,992.38995
1424455300713,992.3
1424455300734,992.3
1424455300743,992.50995
1424455300753,992.50995
1424455300765,992.38995
1424455300773,992.38995
1424455300793,992.42
1424455300803,992.42
1424455300825,992.42
1424455300833,992.42
1424455300854,992.48
1424455300863,992.48
1424455300883,992.42
1424455300895,992.42
1424455300913,992.32996
1424455300923,992.32996
1424455300943,992.26996
1424455300953,992.26996
1424455300973,992.24
1424455300983,992.24
1424455301003,992.1
1424455301063,992.1
1424455301064,991.86
1424455301064,991.86
1424455301064,991.92
1424455301073,991.92
1424455301084,992.18
1424455301093,992.18
1424455301113,992.3
1424455301123,992.3
1424455301143,992.26996
1424455301153,992.26996
1424455301183,992.36
1424455301193,992.36
1424455301213,992.38995
1424455301223,992.38995
1424455301254,992.44995
1424455301255,992.44995
1424455301273,992.32996
1424455301283,992.32996
1424455301304,992.36
1424455301314,992.36
1424455301333,992.36
1424455301343,992.36
1424455301364,992.36
1424455301373,992.36
1424455301393,992.32996
1424455301403,992.32996
1424455301424,992.32996
1424455301433,992.32996
1424455301454,992.20996
1424455301463,992.20996
1424455301484,992.3
1424455301494,992.3
1424455301514,992.38995
1424455301524,992.38995
1424455301545,992.42
1424455301554,992.42
1424455301574,992.24
1424455301585,992.24
1424455301605,992.24
1424455301614,992.24
1424455301644,992.20996
1424455301645,992.20996
1424455301664,992.20996
1424455301676,992.20996
1424455301694,992.12
1424455301704,992.12
1424455301726,992.1
1424455301734,992.1
1424455301754,992.26996
1424455301764,992.26996
1424455301784,992.32996
1424455301794,992.32996
1424455301814,992.3
1424455301824,992.3
1424455301854,992.38995
1424455301854,992.38995
1424455301874,992.36
1424455301884,992.36
1424455301904,992.36
1424455301914,992.36
1424455301934,992.3
1424455301944,992.3
1424455301964,992.32996
1424455301974,992.32996
1424455301994,992.32996
1424455302004,992.32996
1424455302025,992.26996
1424455302034,992.26996
1424455302055,992.24
1424455302064,992.24
1424455302084,992.26996
1424455302094,992.26996
1424455302115,992.36
1424455302125,992.36
1424455302145,992.24
1424455302154,992.24
1424455302175,992.20996
1424455302185,992.20996
1424455302205,992.3
1424455302214,992.3
1424455302235,992.24
1424455302245,992.24
1424455302265,992.26996
1424455302275,992.26996
1424455302295,992.3
1424455302305,992.3
1424455302325,992.24
1424455302335,992.24
1424455302355,992.42
1424455302365,992.42
1424455302385,992.32996
1424455302395,992.32996
1424455302415,992.20996
1424455302425,992.20996
1424455302445,992.44995
1424455302455,992.44995
1424455302477,992.54
1424455302485,992.54
1424455302505,992.38995
1424455302515,992.38995
1424455302535,992.20996
1424455302545,992.20996
1424455302565,992.08997
1424455302575,992.08997
1424455302595,992.06
1424455302605,992.06
1424455302625,992.32996
1424455302635,992.32996
1424455302655,992.3
1424455302665,992.3
1424455302685,992.26996
1424455302695,992.26996
1424455302715,992.24
1424455302725,992.24
1424455302746,992.36
1424455302755,992.36
1424455302777,992.3
1424455302785,992.3
1424455302806,992.3
1424455302826,992.3
1424455302836,992.26996
1424455302845,992.26996
1424455302866,992.24
1424455302875,992.24
1424455302896,992.24
1424455302906,992.24
1424455302927,992.24
1424455302944,992.24
1424455303346,992.32996
1424455303346,992.32996
1424455303352,992.20996
1424455303352,992.20996
1424455303354,992.20996
1424455303354,992.20996
1424455303354,992.3
1424455303358,992.3
1424455303359,992.38995
1424455303359,992.38995
1424455303359,992.14996
1424455303359,992.14996
1424455303360,992.24
1424455303360,992.24
1424455303360,992.3
1424455303360,992.3
1424455303370,992.20996
1424455303376,992.20996
1424455303390,992.26996
1424455303396,992.26996
1424455303521,992.20996
1424455303521,992.20996
1424455303522,992.26996
1424455303522,992.26996
1424455303522,992.26996
1424455303522,992.26996
1424455303523,992.14996
1424455303523,992.14996
1424455303531,992.18
1424455303541,992.18
1424455303551,992.24
1424455303561,992.24
1424455303571,992.24
1424455303581,992.24
1424455303605,992.18
1424455303611,992.18
1424455303631,992.32996
1424455303641,992.32996
1424455303661,992.26996
1424455303671,992.26996
1424455303681,992.24
1424455303691,992.24
1424455303711,992.26996
1424455303721,992.26996
1424455303741,992.20996
1424455303751,992.20996
1424455303771,992.20996
1424455303781,992.20996
1424455303801,992.26996
1424455303811,992.26996
1424455303831,992.24
1424455303843,992.24
1424455303863,992.24
1424455303871,992.24
1424455303892,992.14996
1424455303903,992.14996
1424455303921,992.24
1424455303934,992.24
1424455303951,992.26996
1424455303961,992.26996
1424455303982,992.26996
1424455303991,992.26996
1424455304012,992.26996
1424455304031,992.26996
1424455304043,992.36
1424455304053,992.36
1424455304074,992.24
1424455304094,992.24
1424455304102,992.24
1424455304112,992.24
1424455304142,992.3
1424455304142,992.3
1424455304163,992.24
1424455304172,992.24
1424455304192,992.24
1424455304202,992.24
1424455304222,992.20996
1424455304231,992.20996
1424455304253,992.24
1424455304263,992.24
1424455304282,992.24
1424455304292,992.24
1424455304324,992.26996
1424455304325,992.26996
1424455304353,992.3
1424455304354,992.3
1424455304384,992.24
1424455304385,992.24
1424455304403,992.18
1424455304412,992.18
1424455304479,992.3
1424455304480,992.3
1424455304482,992.24
1424455304485,992.24
1424455304550,992.24
1424455304550,992.24
1424455304550,992.18
1424455304550,992.18
1424455304557,992.3
1424455304562,992.3
1424455304583,992.20996
1424455304592,992.20996
1424455304613,992.26996
1424455304623,992.26996
1424455304642,992.20996
1424455304653,992.20996
1424455304673,992.26996
1424455304684,992.26996
1424455304735,992.24
1424455304735,992.24
1424455304736,992.26996
1424455304742,992.26996
1424455304773,992.26996
1424455304773,992.26996
1424455304792,992.3
1424455304803,992.3
1424455304824,992.18
1424455304833,992.18
1424455304864,992.20996
1424455304865,992.20996
1424455304883,992.20996
1424455304893,992.20996
1424455304913,992.24
1424455304923,992.24
1424455304944,992.36
1424455304953,992.36
1424455304974,992.20996
1424455304983,992.20996
1424455305004,992.24
1424455305013,992.24
1424455305033,992.18
1424455305054,992.18
1424455305063,992.32996
1424455305072,992.32996
1424455305093,992.20996
1424455305103,992.20996
1424455305124,992.26996
1424455305133,992.26996
1424455305153,992.26996
1424455305163,992.26996
1424455305183,992.20996
1424455305193,992.20996
1424455305214,992.14996
1424455305223,992.14996
1424455305244,992.24
1424455305254,992.24
1424455305273,992.24
1424455305283,992.24
1424455305303,992.20996
1424455305313,992.20996
1424455305334,992.26996
1424455305343,992.26996
1424455305363,992.24
1424455305375,992.24
1424455305393,992.12
1424455305403,992.12
1424455305423,992.24
1424455305433,992.24
1424455305455,992.18
1424455305463,992.18
1424455305483,992.18
1424455305493,992.18
1424455305513,992.36
1424455305523,992.36
1424455305543,992.24
1424455305553,992.24
1424455305573,992.24
1424455305584,992.24
1424455305603,992.24
1424455305613,992.24
1424455305636,992.3
1424455305643,992.3
