1488633445771,992.2964
1488633445771,992.2964
1488633445812,992.2964
1488633445849,992.2964
1488633445887,992.28516
1488633445927,992.28516
1488633445964,992.28516
1488633446003,992.28516
1488633446041,992.2917
1488633446082,992.2917
1488633446117,992.2917
1488633446158,992.2917
1488633446194,992.30475
1488633446233,992.30475
1488633446272,992.30475
1488633446312,992.30475
1488633446349,992.30426
1488633446390,992.30426
1488633446425,992.30426
1488633446465,992.30426
1488633446502,992.3075
1488633446541,992.3075
1488633446580,992.3075
1488633446618,992.3075
1488633446656,992.3116
1488633446696,992.3116
1488633446737,992.3116
1488633446776,992.3116
1488633446814,992.3116
1488633446849,992.31433
1488633446890,992.31433
1488633446925,992.31433
1488633446967,992.31433
1488633447006,992.3204
1488633447044,992.3204
1488633447080,992.3204
1488633447119,992.3204
1488633447157,992.32477
1488633447196,992.32477
1488633447235,992.32477
1488633447275,992.32477
1488633447312,992.346
1488633447352,992.346
1488633447390,992.346
1488633447424,992.346
1488633447466,992.35657
1488633447504,992.35657
1488633447542,992.35657
1488633447639,992.35657
1488633447640,992.35333
1488633447665,992.35333
1488633447724,992.35333
1488633447735,992.35333
1488633447777,992.34515
1488633447809,992.34515
1488633447849,992.34515
1488633447889,992.34515
1488633447927,992.3615
1488633447963,992.3615
1488633448006,992.3615
1488633448043,992.3615
1488633448080,992.3615
1488633448119,992.36755
1488633448158,992.36755
1488633448199,992.36755
1488633448232,992.36755
1488633448271,992.3708
1488633448310,992.3708
1488633448348,992.3708
1488633448387,992.3708
1488633448426,992.3773
1488633448466,992.3773
1488633448503,992.3773
1488633448541,992.3773
1488633448580,992.38763
1488633448618,992.38763
1488633448659,992.38763
1488633448701,992.38763
1488633448735,992.3811
1488633448771,992.3811
1488633448810,992.3811
1488633448849,992.3811
1488633448887,992.3795
1488633448925,992.3795
1488633448964,992.3795
1488633449002,992.3795
1488633449041,992.39343
1488633449080,992.39343
1488633449121,992.39343
1488633449156,992.39343
1488633449196,992.4065
1488633449233,992.4065
1488633449272,992.4065
1488633449310,992.4065
1488633449349,992.4065
1488633449389,992.4086
1488633449425,992.4086
1488633449465,992.4086
1488633449504,992.4086
1488633449540,992.4238
1488633449581,992.4238
1488633449654,992.4238
1488633449654,992.4238
1488633449694,992.44507
1488633449731,992.44507
1488633449775,992.44507
1488633449810,992.44507
1488633449848,992.4407
1488633449890,992.4407
1488633449925,992.4407
1488633449963,992.4407
1488633450005,992.4464
1488633450041,992.4464
1488633450079,992.4464
1488633450118,992.4464
1488633450157,992.44806
1488633450194,992.44806
1488633450232,992.44806
1488633450271,992.44806
1488633450309,992.4579
1488633450348,992.4579
1488633450388,992.4579
1488633450427,992.4579
1488633450464,992.4502
1488633450503,992.4502
1488633450541,992.4502
1488633450579,992.4502
1488633450618,992.4502
1488633450657,992.4458
1488633450695,992.4458
1488633450737,992.4458
1488633450772,992.4458
1488633450810,992.454
1488633450848,992.454
1488633450888,992.454
1488633450924,992.454
1488633450963,992.45776
1488633451002,992.45776
1488633451044,992.45776
1488633451079,992.45776
1488633451118,992.468
1488633451158,992.468
1488633451197,992.468
1488633451235,992.468
1488633451274,992.4555
1488633451312,992.4555
1488633451349,992.4555
1488633451390,992.4555
1488633451425,992.4592
1488633451462,992.4592
1488633451503,992.4592
1488633451542,992.4592
1488633451581,992.47235
1488633451668,992.47235
1488633451669,992.47235
1488633451706,992.47235
1488633451740,992.4794
1488633451770,992.4794
1488633451809,992.4794
1488633451849,992.4794
1488633451891,992.50226
1488633451926,992.49786
1488633451963,992.49786
1488633452003,992.49786
1488633452040,992.49786
1488633452078,992.50226
1488633452118,992.50226
1488633452159,992.50226
1488633452194,992.50226
1488633452231,992.5153
1488633452274,992.5153
1488633452310,992.5153
1488633452347,992.5153
1488633452389,992.524
1488633452425,992.524
1488633452464,992.524
1488633452502,992.524
1488633452540,992.51416
1488633452582,992.51416
1488633452619,992.51416
1488633452658,992.51416
1488633452696,992.515
1488633452734,992.515
1488633452772,992.515
1488633452811,992.515
1488633452848,992.5412
1488633452894,992.5412
1488633452924,992.5412
1488633452967,992.5412
1488633453002,992.545
1488633453040,992.545
1488633453080,992.545
1488633453120,992.545
1488633453157,992.5417
1488633453196,992.5417
1488633453235,992.5417
1488633453272,992.5417
1488633453310,992.5417
1488633453352,992.5482
1488633453385,992.5482
1488633453424,992.5482
1488633453462,992.5482
1488633453500,992.56177
1488633453540,992.56177
1488633453577,992.56177
1488633453616,992.56177
1488633453655,992.5602
1488633453694,992.5602
1488633453731,992.5602
1488633453769,992.5602
1488633453808,992.5635
1488633453846,992.5635
1488633453885,992.5635
1488633453923,992.5635
1488633453961,992.5787
1488633454000,992.5787
1488633454041,992.5787
1488633454077,992.5787
1488633454120,992.57623
1488633454155,992.57623
1488633454192,992.57623
1488633454230,992.57623
1488633454269,992.5767
1488633454311,992.5767
1488633454347,992.5767
1488633454389,992.5767
1488633454423,992.58374
1488633454464,992.58374
1488633454502,992.58374
1488633454540,992.58374
1488633454577,992.58374
1488633454616,992.60223
1488633454657,992.60223
1488633454695,992.60223
1488633454732,992.60223
1488633454771,992.60114
1488633454813,992.60114
1488633454847,992.60114
1488633454885,992.60114
1488633454923,992.60034
1488633454961,992.60034
1488633455002,992.60034
1488633455042,992.60034
1488633455079,992.61993
1488633455120,992.61993
1488633455155,992.61993
1488633455195,992.61993
1488633455232,992.61066
1488633455271,992.61066
1488633455308,992.61066
1488633455348,992.61066
1488633455386,992.61066
1488633455425,992.61066
1488633455465,992.61066
1488633455501,992.61066
1488633455543,992.62915
1488633455582,992.62915
1488633455617,992.62915
1488633455656,992.62915
1488633455694,992.6373
1488633455732,992.6373
1488633455774,992.6373
1488633455809,992.6373
1488633455848,992.6373
1488633455894,992.62915
1488633455924,992.62915
1488633455961,992.62915
1488633455999,992.62915
1488633456039,992.63074
1488633456079,992.63074
1488633456116,992.63074
1488633456157,992.63074
1488633456195,992.6471
1488633456231,992.6471
1488633456270,992.6471
1488633456310,992.6471
1488633456347,992.6553
1488633456390,992.6553
1488633456423,992.6553
1488633456462,992.6553
1488633456503,992.6569
1488633456542,992.6569
1488633456577,992.6569
1488633456618,992.6569
1488633456655,992.6688
1488633456695,992.6688
1488633456732,992.6688
1488633456772,992.6688
1488633456812,992.6688
1488633456849,992.6688
1488633456889,992.6688
1488633456923,992.6688
1488633456964,992.677
1488633457001,992.677
1488633457040,992.677
1488633457077,992.677
1488633457117,992.677
1488633457155,992.6754
1488633457195,992.6754
1488633457232,992.6754
1488633457270,992.6754
1488633457311,992.6868
1488633457351,992.6868
1488633457385,992.6868
1488633457422,992.6868
1488633457461,992.67816
1488633457500,992.67816
1488633457542,992.67816
1488633457578,992.67816
1488633457615,992.6929
1488633457655,992.6929
1488633457695,992.6929
1488633457732,992.6929
1488633457770,992.7087
1488633457811,992.7087
1488633457847,992.7087
1488633457885,992.7087
1488633457926,992.69073
1488633457961,992.69073
1488633458000,992.69073
1488633458039,992.69073
1488633458078,992.70215
1488633458117,992.70215
1488633458155,992.70215
1488633458194,992.70215
1488633458232,992.7136
1488633458273,992.7136
1488633458309,992.7136
1488633458347,992.7136
1488633458387,992.7136
1488633458423,992.7245
1488633458462,992.7245
1488633458500,992.7245
1488633458539,992.7245
1488633458580,992.7376
1488633458617,992.7376
1488633458655,992.7376
1488633458694,992.7376
1488633458732,992.749
1488633458772,992.749
1488633458811,992.749
1488633458849,992.749
1488633458886,992.7572
1488633458923,992.7572
1488633458962,992.7572
1488633459001,992.7572
1488633459041,992.75885
1488633459078,992.75885
1488633459138,992.75885
1488633459154,992.75885
1488633459192,992.76373
1488633459231,992.76373
1488633459270,992.76373
1488633459307,992.76373
1488633459346,992.77026
1488633459388,992.77026
1488633459423,992.77026
1488633459462,992.77026
1488633459499,992.77356
1488633459538,992.77356
1488633459576,992.77356
1488633459616,992.77356
1488633459654,992.77356
1488633459692,992.7719
1488633459729,992.7719
1488633459770,992.7719
1488633459807,992.7719
1488633459845,992.7724
1488633459886,992.7724
1488633459922,992.7724
1488633459959,992.7724
1488633459998,992.77405
1488633460039,992.77405
1488633460075,992.77405
1488633460114,992.77405
1488633460155,992.7757
1488633460192,992.7757
1488633460229,992.7757
1488633460267,992.7757
1488633460306,992.77783
1488633460345,992.77783
1488633460384,992.77783
1488633460423,992.77783
1488633460460,992.78925
1488633460498,992.78925
1488633460536,992.78925
1488633460576,992.78925
1488633460614,992.7991
1488633460653,992.7991
1488633460690,992.7991
1488633460729,992.7991
1488633460767,992.79956
1488633460806,992.79956
1488633460846,992.79956
1488633460883,992.79956
1488633460921,992.79553
1488633460961,992.79553
1488633460998,992.79553
1488633461036,992.79553
1488633461077,992.79553
1488633461122,992.802
1488633461152,992.802
1488633461190,992.802
1488633461230,992.802
1488633461267,992.79926
1488633461306,992.79926
1488633461345,992.79926
1488633461385,992.79926
1488633461421,992.8058
1488633461460,992.8058
1488633461500,992.8058
1488633461536,992.8058
1488633461575,992.8096
1488633461617,992.8096
1488633461652,992.8096
1488633461691,992.8096
1488633461729,992.81445
1488633461769,992.81445
1488633461806,992.81445
1488633461844,992.81445
1488633461883,992.81665
1488633461921,992.81665
1488633461960,992.81665
1488633461998,992.81665
1488633462036,992.8199
1488633462076,992.8199
1488633462115,992.8199
1488633462153,992.8199
1488633462190,992.82153
1488633462230,992.82153
1488633462271,992.82153
1488633462306,992.82153
1488633462345,992.82153
1488633462385,992.8232
1488633462422,992.8232
1488633462461,992.8232
1488633462500,992.8232
1488633462538,992.8256
1488633462575,992.8256
1488633462615,992.8256
1488633462654,992.8256
1488633462693,992.8273
1488633462731,992.8273
1488633462769,992.8273
1488633462807,992.8273
1488633462846,992.83545
1488633462883,992.83545
1488633462923,992.83545
1488633462961,992.83545
1488633462998,992.8376
1488633463037,992.8376
1488633463076,992.8376
1488633463114,992.8376
1488633463154,992.8196
1488633463191,992.8196
1488633463231,992.8196
1488633463270,992.8196
1488633463307,992.8273
1488633463348,992.8273
1488633463384,992.8273
1488633463421,992.8273
1488633463460,992.83057
1488633463501,992.83057
1488633463538,992.83057
1488633463575,992.83057
1488633463617,992.83057
1488633463657,992.8493
1488633463692,992.8493
1488633463730,992.8493
1488633463768,992.8493
1488633463807,992.8436
1488633463844,992.8436
1488633463885,992.8436
1488633463921,992.8436
1488633463960,992.84247
