1424536128597,-0.5726862,-0.39858958,-1.0122037
1424536128598,-0.5726862,-0.38881573,-0.7800749
1424536128602,-0.48930305,0.26328292,1.5103643
1424536128614,0.69027776,-0.41599923,0.0729984
1424536128623,-0.23579398,-0.46089783,-0.058643065
1424536128631,-0.3100141,-0.46486846,-0.05681047
1424536128642,-0.3145956,-0.4596761,-0.055283304
1424536128651,-0.31642818,-0.4474588,-0.05131268
1424536128662,-0.30115658,-0.45540005,-0.053145275
1424536128671,-0.2843578,-0.45814893,-0.053145275
1424536128682,-0.28038713,-0.45906523,-0.04642576
1424536128691,-0.27855456,-0.46731192,-0.03726278
1424536128703,-0.2773328,-0.4642576,-0.016493361
1424536128711,-0.2751948,-0.42271876,0.01740966
1424536128723,-0.2751948,-0.34605515,0.04520403
1424536128731,-0.28038713,-0.2733622,0.06414085
1424536128742,-0.30787608,-0.1826487,0.110872045
1424536128751,-0.36285394,-0.042455133,0.2098322
1424536128763,-0.43371433,-0.010079277,0.31429017
1424536128771,-0.51893,-0.064446285,0.3454443
1424536128783,-0.5558874,-0.17806722,0.3378085
1424536128793,-0.591623,-0.14752395,0.2574797
1424536128808,-0.5849035,0.020158553,0.1591304
1424536128811,-0.5390886,0.24007004,0.0421497
1424536128823,-0.44715336,0.41630468,-0.093462385
1424536128831,-0.38545597,0.35216382,-0.1872302
1424536128843,-0.4370741,0.023823744,-0.30818152
1424536128851,-0.56199604,-0.11911872,-0.42546764
1424536128862,-0.6249151,0.15515977,-0.39828414
1424536128871,-0.56688297,0.3051272,-0.3585779
1424536128885,-0.52198434,0.4147775,-0.33567044
1424536128897,-0.50793445,0.38973203,-0.40194935
1424536128903,-0.5647449,0.376293,-0.49754974
1424536128912,-0.5561928,0.35460728,-0.552833
1424536128922,-0.5103779,0.31703907,-0.57879484
1424536128932,-0.514654,0.27885997,-0.6203337
1424536128943,-0.5665775,0.13041973,-0.6267477
1424536128951,-0.5476407,-0.077579886,-0.56321776
1424536128963,-0.43310347,-0.13775012,-0.5006041
1424536128971,-0.2837469,-0.18661933,-0.48533243
1424536128984,-0.19272798,-0.24617869,-0.47036624
1424536128992,0.035430185,-0.26328292,-0.4474588
1424536129003,0.2574797,-0.17745635,-0.41172317
1424536129012,0.40317106,-0.059253927,-0.39492437
1424536129023,0.47952923,-0.009773844,-0.42119157
1424536129032,0.528093,-0.047036625,-0.51923543
1424536129042,0.61269784,-0.092240654,-0.6805039
1424536129052,0.77182823,-0.11911872,-0.79137594
1424536129063,0.90408057,-0.124311075,-0.8032878
1424536129074,0.9068295,-0.105068825,-0.79381937
1424536129083,0.86590147,-0.101098195,-0.7965683
1424536129092,0.70616025,-0.1591304,-0.852157
1424536129102,0.45081854,-0.22388211,-0.9074403
1424536129112,0.14721853,-0.30757064,-0.89461213
1424536129123,-0.16371189,-0.42485678,-0.80909103
1424536129132,-0.4437936,-0.37232238,-0.6563747
1424536129143,-0.6059783,-0.051618114,-0.47403142
1424536129152,-0.5934556,0.29901853,-0.3378085
1424536129164,-0.43676865,0.39767328,-0.30634892
1424536129172,-0.33414328,0.40439278,-0.29901853
1424536129183,-0.14630222,0.27855456,-0.3109304
1424536129192,-0.00580322,0.15027285,-0.30757064
1424536129203,0.08277224,0.018325957,-0.28038713
1424536129212,0.11301007,-0.090713486,-0.28527406
1424536129230,0.13255776,-0.14049901,-0.37232238
1424536129232,0.15027285,-0.13133603,-0.49266282
1424536129243,0.15424347,-0.0842994,-0.593761
1424536129252,0.113926366,0.006414085,-0.6337727
1424536129263,0.04062254,0.08093964,-0.59895337
1424536129272,0.056199603,0.11209377,-0.49205196
1424536129283,0.1863139,-0.051923547,-0.5702427
1424536129292,0.17837265,-0.07391469,-0.7101309
1424536129303,0.09682214,0.004276057,-0.7635816
1424536129312,0.093462385,0.089491755,-0.84207773
1424536129323,0.10048734,0.13469578,-0.97402465
1424536129332,0.053450707,0.1591304,-1.0968086
1424536129348,-0.06841691,0.20616703,-1.1743884
1424536129354,-0.25442538,0.26542094,-1.2421945
1424536129366,-0.47800204,0.29138273,-1.2932017
1424536129377,-0.5842926,0.30695978,-1.4437801
1424536129383,-0.7247916,0.23365596,-1.602605
1424536129392,-0.7330383,0.1572978,-1.6597209
1424536129403,-0.70646566,0.043676864,-1.5039502
1424536129414,-0.6392705,-0.46517387,-0.8949176
1424536129437,-0.16310102,-0.42180246,-0.84329945
1424536129439,0.15882497,0.01863139,-1.3875804
1424536129444,-0.009162978,-0.0067195175,-1.5485435
1424536129454,-0.14569137,-0.05681047,-1.6597209
1424536129462,-0.2950479,-0.03390302,-1.7705929
1424536129472,-0.39003745,0.084910266,-1.9960022
1424536129483,-0.56413406,0.3173445,-2.1407773
1424536129492,-0.7101309,0.6291912,-2.1728477
1424536129504,-0.78954333,1.0506883,-1.9782871
1424536129512,-0.6264423,1.2996159,-1.41904
1424536129524,-0.2284636,1.0720685,-0.8060367
1424536129532,0.010079277,0.72082096,-0.52595496
1424536129551,-0.12217305,0.62888575,-0.42913285
1424536129552,-0.37293324,0.7266242,-0.41263947
1424536129568,-0.59956425,0.75961095,-0.4578435
1424536129575,-0.6930266,0.7315111,-0.6759224
1424536129589,-0.74372846,0.61361414,-1.0195341
1424536129595,-0.56413406,0.56046885,-1.3243558
1424536129609,-0.408058,0.48075095,-1.493871
1424536129614,-0.52473325,0.092240654,-1.5445728
1424536129629,-0.8155051,-0.36102137,-1.4993688
1424536129634,-1.1472049,-0.600786,-1.4373659
1424536129649,-1.4114041,-0.6966918,-1.4306464
1424536129655,-1.4825699,-0.8680395,-1.4859297
1424536129666,-1.3817772,-0.91904676,-1.5137241
1424536129676,-1.3222178,-0.7067711,-1.5183055
1424536129685,-1.2061534,-0.04917465,-1.4923438
1424536129696,-1.0592403,0.88178396,-1.5583172
1424536129706,-1.0778717,1.8307631,-1.740966
1424536129715,-1.1896601,2.1633792,-1.8680259
1424536129727,-0.9056077,1.5128077,-1.9553796
1424536129734,-0.5500842,0.7819075,-2.0668626
1424536129745,-0.46670106,0.89949906,-2.1093178
1424536129755,-0.49113566,1.1893547,-2.0977113
1424536129763,-0.47769663,1.6859881,-2.0821342
1424536129773,-0.4456262,1.8038851,-2.0366247
1424536129784,-0.36071593,1.7223345,-2.0216584
1424536129793,-0.39736784,1.5711454,-1.9886718
1424536129804,-0.39614612,1.3671165,-1.8414533
1424536129813,-0.069027774,1.2333369,-1.6670512
1424536129823,0.32803464,1.1319333,-1.5848899
1424536129843,0.55833083,1.0204504,-1.5537357
1424536129845,0.77274454,1.0085385,-1.5176947
1424536129866,1.0485502,1.0149527,-1.4605788
1424536129868,1.2021828,0.8775079,-1.4230106
1424536129875,1.2134838,0.58276546,-1.4101825
1424536129887,1.1417072,0.5555819,-1.4834863
1424536129896,1.0537425,0.73761976,-1.5531249
1424536129910,1.0574077,0.4728097,-1.6215417
1424536129914,1.1664472,0.09773844,-1.6972891
1424536129928,1.3869696,0.24801129,-1.8063285
1424536129935,1.5259414,0.5647449,-1.9437732
1424536129948,1.4278975,0.5338962,-2.0503693
1424536129956,1.2993103,0.43218717,-2.0427334
1424536129982,1.2522738,0.40653083,-1.9828686
1424536129984,1.0546589,0.67164636,-1.8008307
1424536129985,0.74006325,0.75441855,-1.564426
1424536130002,0.46395215,0.50732356,-1.3206906
1424536130005,0.24801129,0.3680463,-1.1420126
1424536130013,0.111177474,0.3912592,-1.0476339
1424536130024,0.03145956,0.2938262,-1.0161743
1424536130032,0.01160644,0.21624629,-1.0729848
1424536130048,-0.004886922,0.3491095,-1.2302825
1424536130056,-0.07452556,0.5384777,-1.3695599
1424536130070,-0.14080444,1.072374,-1.8225164
1424536130074,-0.38606682,1.3607023,-2.3591616
1424536130089,-0.6337727,1.4205672,-2.7482827
1424536130099,-0.6957755,1.4624114,-2.855184
1424536130110,-0.5546656,1.3768903,-2.7146852
1424536130113,-0.2434298,1.0253373,-2.5549438
1424536130126,0.08124508,0.42638394,-2.5185974
1424536130137,0.41080686,-0.19761491,-2.5980098
1424536130148,0.7528914,-0.49968776,-2.6978865
1424536130156,1.1102476,-0.44348818,-2.7278187
1424536130167,1.2968669,-0.03268129,-2.745534
1424536130175,1.6530013,0.4184427,-2.7403414
1424536130188,1.9193386,0.7162395,-2.6896396
1424536130195,2.0069978,0.8695667,-2.6047294
1424536130208,1.9117028,0.86620694,-2.515543
1424536130215,1.6850718,0.8509353,-2.3426683
1424536130225,1.4370605,0.8503244,-2.0882428
1424536130244,1.2910637,0.7620544,-1.9016235
1424536130246,1.3570372,0.62949663,-1.7876972
1424536130254,1.7033978,0.5354234,-1.7162259
1424536130264,1.9703459,0.21777347,-1.4853189
1424536130274,2.588236,-0.20311269,-1.1453724
1424536130286,3.1257975,-0.49632803,-0.79779
1424536130293,3.4394767,-0.5152648,-0.5198463
1424536130303,3.5411859,-0.3203988,-0.29626966
1424536130313,3.5445457,-0.06352998,-0.16340645
1424536130324,3.5790594,0.09560041,-0.13591751
1424536130333,3.68535,0.013439035,-0.084910266
1424536130349,3.8084393,-0.27397305,0.10842858
1424536130353,3.8643336,-0.45081854,0.24862215
1424536130368,3.8658607,-0.78038037,0.52198434
1424536130375,3.8570032,-0.9737192,0.713796
1424536130388,3.8402045,-1.0085385,0.8390234
1424536130397,3.7824776,-0.9868528,0.8668178
1424536130407,3.6697729,-0.9282097,0.81214535
1424536130416,3.4746015,-1.0586295,0.6740898
1424536130429,3.2650747,-1.1749994,0.44868052
1424536130435,3.0628784,-0.745561,0.43982297
1424536130448,2.7382035,-0.60048056,0.5531385
1424536130457,2.4269676,-0.8576548,0.54092115
1424536130467,2.440712,-1.5473217,0.29229903
1424536130475,2.8469374,-1.4892895,-0.014660766
1424536130485,3.1309898,-0.4746423,0.003970624
1424536130534,2.9495628,0.40775254,0.18295415
1424536130535,2.7375927,0.6789767,0.21410827
1424536130536,2.8573222,1.1520919,0.079107046
1424536130536,3.1829133,1.6566665,0.06994407
1424536130538,3.4608572,1.3906348,0.2782491
1424536130567,3.623958,0.73364913,0.3182608
1424536130567,3.9455786,0.27122417,0.2910773
1424536130567,4.240932,-0.7593055,0.38759398
1424536130598,4.927239,-1.4034629,0.68416905
1424536130598,5.329494,-1.5500705,0.8594874
1424536130599,5.338962,-1.3203852,0.7089091
1424536130605,5.23481,-0.9272934,0.3023783
1424536130621,5.1352386,-0.5311473,-0.09101892
1424536130624,4.879897,-0.20616703,-0.2302962
1424536130633,4.298353,0.12370021,-0.16707164
1424536130645,3.5958583,0.4251622,0.030543262
1424536130653,3.1587842,1.3374895,0.18387043
1424536130669,3.073263,1.9507982,0.39522982
1424536130679,3.050661,1.7776178,0.27000242
1424536130685,3.0546317,1.4278975,0.0076358155
1424536130695,3.062573,1.1328496,-0.16218472
1424536130704,3.1215215,0.91507614,-0.17470746
1424536130713,3.2461379,0.8127562,-0.08735373
1424536130724,3.3200526,0.61086524,0.1777618
1424536130733,3.3212743,0.45478916,0.7309003
1424536130744,3.4223726,0.46028697,1.3390167
1424536130753,3.288593,0.57757306,1.5115861
1424536130764,3.0976977,0.52778757,1.5851953
1424536130773,2.7165177,0.19425514,1.8249599
1424536130785,2.104736,-0.09437868,2.033876
1424536130793,1.4355333,-0.6918049,1.8445076
1424536130804,0.93431836,-1.2641857,1.6801848
1424536130813,0.46211955,-1.6242907,1.6340646
1424536130824,0.2648101,-1.8768835,1.6685784
1424536130833,0.36102137,-2.060143,1.7302758
1424536130844,0.65668017,-2.1997259,1.752267
1424536130853,0.838718,-2.496301,1.858863
1424536130864,1.1542299,-2.576935,2.1572707
1424536130873,1.2864822,-2.4810293,2.4422393
1424536130885,1.0748174,-2.5601363,2.4367414
1424536130894,0.53786683,-2.934902,2.3988678
1424536130904,0.056199603,-3.5543194,2.485
1424536130913,-0.24098633,-4.169461,2.31915
1424536130927,-0.44104472,-4.329202,1.7504344
1424536130933,-0.46944994,-3.9339721,1.0345002
1424536130945,-0.1853976,-3.6233473,0.65393126
1424536130953,0.080634214,-4.0372086,-0.2556471
1424536130965,0.8723156,-5.725029,-1.0919216
1424536130973,1.9049833,-4.4440446,-0.95111716
1424536130984,2.0234911,-2.499966,0.004581489
1424536130993,1.2599095,-2.4309382,0.70341134
1424536131004,0.8078693,-2.5195136,0.90224797
1424536131013,0.24251351,-2.7693577,0.65179324
1424536131027,-0.60139686,-3.438866,0.0888809
1424536131033,-1.4150693,-3.6270125,-0.5882632
1424536131044,-1.5057828,-3.3869424,-0.8958339
1424536131053,-1.4413365,-2.243097,-1.2260065
1424536131065,-1.4538593,-1.2947289,-1.3283265
1424536131076,-1.2449434,-1.1316279,-1.629483
1424536131084,-0.90194255,-1.0564915,-1.894904
1424536131093,-0.8396343,-0.96577793,-1.9007072
1424536131105,-1.0045679,-1.0790935,-1.8011361
1424536131113,-1.1023064,-1.1942415,-1.6096299
1424536131125,-0.98440933,-1.2681563,-1.2666291
1424536131133,-0.74220127,-1.2834278,-0.895223
1424536131146,-0.711658,-1.1777482,-0.7440339
1424536131153,-0.84238315,-0.8200866,-0.54153204
1424536131165,-1.2425,-0.60231316,-0.4343252
1424536131174,-1.641395,-0.78954333,-0.25870144
1424536131185,-1.9602666,-1.151481,0.009773844
1424536131193,-2.1917844,-0.7690793,0.27977628
1424536131204,-2.31915,0.4202753,0.21197024
1424536131213,-2.320677,1.2049317,-0.27305678
1424536131225,-2.4040601,1.0210613,-0.5161811
1424536131234,-2.3747387,0.6420194,-0.4804455
1424536131250,-2.2779164,0.38820487,-0.41538838
1424536131254,-2.4422393,-0.09010262,-0.20219639
1424536131265,-3.0072896,0.31337386,-0.080634214
1424536131274,-3.1532865,0.97249746,-0.1133155
1424536131285,-2.9773571,0.9914343,-0.06963864
1424536131294,-2.6648996,0.86620694,0.1908954
1424536131305,-2.1682663,1.1053606,0.47647488
1424536131314,-1.5958854,1.3817772,0.5525276
1424536131326,-1.2330315,1.6001616,0.5458081
1424536131334,-0.92057395,1.6038266,0.5897904
1424536131346,-0.45234573,1.4706581,0.61819565
1424536131354,-0.21074851,1.0351112,0.66614854
1424536131369,0.12644911,0.68569624,0.58459806
1424536131375,0.18234327,0.6365216,0.2312125
1424536131388,0.1591304,0.82833326,-0.09010262
1424536131397,0.39003745,0.9947941,-0.18570304
1424536131409,0.8680395,0.73548174,-0.29657507
1424536131416,1.2883148,0.18784106,-0.4120286
1424536131428,1.6215417,-0.355829,-0.41538838
1424536131436,1.8677205,-0.9419542,-0.35155296
1424536131445,1.9028453,-1.2302825,-0.3118467
1424536131454,1.8643607,-1.6007724,-0.21991149
1424536131466,1.6328428,-1.5809193,-0.06627888
1424536131474,1.144456,-1.0818423,0.06627888
1424536131485,0.75655663,-0.26847526,-0.09285152
1424536131494,0.61575216,0.44012842,-0.4877759
1424536131506,0.4978552,1.185384,-0.75991637
1424536131514,0.2669481,2.1007655,-0.9691377
1424536131525,-0.14844026,2.7947085,-1.1484267
1424536131534,-0.5045747,2.8356364,-0.9636399
1424536131545,-0.48991394,2.223244,-0.7806858
1424536131554,-0.35216382,1.2232577,-0.51159966
1424536131564,0.06414085,0.4175264,-0.44440445
1424536131574,0.5329799,-0.062308256,-0.49541172
1424536131585,0.9049969,-0.42363504,-0.36377025
1424536131594,1.1881329,-0.71837753,-0.0720821
1424536131605,1.3930782,-0.634689,0.020463986
1424536131614,1.5128077,-0.21838433,-0.007941248
1424536131624,1.5540411,0.22632557,-0.071776666
1424536131634,1.4556919,0.41691554,-0.12675454
1424536131645,1.3573426,0.58459806,-0.21074851
1424536131654,1.1038336,0.28985557,-0.13805555
1424536131665,0.8750645,-0.17440203,0.052839845
1424536131674,0.7339546,-0.31398472,0.19700404
1424536131687,0.6554584,-0.15271631,0.2519819
1424536131694,0.6704246,0.053450707,0.30482176
1424536131705,0.7119634,0.112704635,0.34116822
1424536131714,0.66156703,-0.03390302,0.35124752
1424536131725,0.593761,-0.21166481,0.42180246
1424536131734,0.6160576,-0.2919936,0.4804455
1424536131745,0.61300325,-0.50762904,0.67073005
1424536131754,0.5183192,-0.763887,0.97249746
1424536131769,0.44684792,-0.9728029,1.2147056
1424536131774,0.50762904,-0.9804387,1.276403
1424536131785,0.5723807,-0.58551437,1.2776246
1424536131794,0.4529566,0.14935656,1.1606439
1424536131805,0.2764165,0.95417154,1.1453724
1424536131814,0.23793201,1.6771306,1.4963144
1424536131827,0.23732115,1.8872682,1.53205
1424536131834,0.49021935,1.7232509,1.2592987
1424536131845,0.691194,1.2315043,0.59986967
1424536131854,0.98624194,0.79443026,0.20219639
1424536131869,1.2183707,0.46670106,-0.03023783
1424536131874,1.4972308,0.29565877,-0.05009095
1424536131885,1.7788396,0.20738874,0.1282817
1424536131901,2.002111,0.19425514,0.39492437
1424536131905,2.0796907,0.21930063,0.6973027
1424536131914,2.053118,-0.007941248,1.0995574
1424536131925,1.9721785,-0.5296202,1.5705346
1424536131936,1.8887954,-0.75686204,1.7318029
1424536131946,1.8716911,-0.71959925,1.7898352
1424536131955,1.7983873,-0.076052725,1.6627752
1424536131972,1.6016886,0.4636467,1.5515977
1424536131975,1.3979651,0.5516113,1.5042557
1424536131988,1.1533136,0.4654793,1.5131133
1424536131995,0.7470882,0.38759398,1.5888605
1424536132006,0.2501493,0.1160644,1.7324139
1424536132015,-0.20341812,-0.40194935,1.704925
1424536132026,-0.36651915,-0.7339546,1.3866642
1424536132037,-0.2284636,-0.659429,1.181108
1424536132047,-0.17379116,-0.19730948,0.7641924
1424536132055,-0.17287487,0.105374254,0.39553526
1424536132066,-0.17379116,0.18478674,0.16646078
1424536132075,-0.22418754,0.1386664,0.101098195
1424536132088,-0.40591997,-0.051923547,0.12095132
1424536132111,-0.66431594,-0.28160888,0.16187929
1424536132111,-0.7675522,-0.5335908,0.28069258
1424536132119,-0.49113566,-0.9224065,0.4266894
1424536132126,-0.033292156,-1.104139,0.3387248
1424536132136,0.16737708,-1.03786,0.22021692
1424536132146,0.15302174,-0.80481493,-0.016798794
1424536132155,0.05009095,-0.6236934,-0.12797627
1424536132165,-0.07666359,-0.57635134,-0.16218472
1424536132175,-0.27275133,-0.36560285,-0.1432479
1424536132186,-0.6310238,0.09896017,0.10873401
1424536132195,-1.2147056,-0.2443461,0.63621616
1424536132206,-1.6670512,-0.3118467,1.1184943
1424536132215,-1.7650951,0.48349985,1.3713925
1424536132227,-1.6978999,0.799928,1.2626585
1424536132243,-1.5940529,0.61300325,1.0867293
1424536132246,-1.5222762,0.1563815,0.7861836
1424536132255,-1.2113458,0.226631,0.745561
1424536132266,-0.70005155,0.49174652,0.8167268
1424536132275,0.03848451,0.43890667,0.8979719
1424536132285,0.9251554,0.24220806,0.93492925
1424536132295,1.3466524,-0.02076942,0.8399397
1424536132306,1.255328,-0.37995818,0.78801614
1424536132321,0.8014552,-0.7663304,0.8042041
1424536132327,0.27977628,-1.1691961,0.8958339
1424536132335,0.09162979,-1.280679,0.9801333
1424536132351,0.16646078,-1.2027937,1.2131784
1424536132357,0.54305923,-0.9166033,1.3582588
1424536132370,0.8961393,-0.7812967,1.180497
1424536132378,0.90041536,-0.8206975,0.81336707
1424536132391,0.766025,-0.8686504,0.42638394
1424536132397,0.71959925,-1.0482447,0.15118915
1424536132411,0.711658,-1.2974777,0.022602014
1424536132416,0.79259765,-1.3426818,-0.14569137
1424536132432,0.9111055,-1.248914,-0.4373795
1424536132436,1.0076222,-0.8567385,-0.59559363
1424536132449,1.0210613,-0.30604348,-0.8597928
1424536132458,0.93584555,0.19333886,-1.033584
1424536132468,0.74281216,0.627664,-1.0494665
1424536132478,0.54825157,1.0421361,-0.9221011
1424536132491,0.42058071,1.0699304,-0.7470882
1424536132498,0.25503623,0.52534413,-0.56413406
1424536132510,0.047647487,-0.103847094,-0.40775254
1424536132520,0.0070249503,-0.4089743,-0.44226643
1424536132538,0.09407325,-0.46578476,-0.54275376
1424536132539,0.14752395,-0.37232238,-0.77274454
1424536132555,0.22082779,-0.07727446,-0.8912524
1424536132556,0.22540927,0.16187929,-0.8680395
1424536132601,0.2171626,0.27580565,-0.7519751
1424536132601,0.20311269,0.30176744,-0.6020077
1424536132602,0.16737708,0.3042109,-0.453262
1424536132602,0.10354166,0.36682457,-0.28771752
1424536132626,0.029932396,0.43982297,-0.17715092
1424536132626,-0.05497787,0.4728097,-0.25350907
1424536132627,-0.14905111,0.4709771,-0.35735616
1424536132635,-0.20189096,0.4269948,-0.6053675
1424536132656,-0.3436117,0.35338554,-0.852157
1424536132656,-0.52595496,0.50579643,-1.0262536
1424536132668,-0.64812803,0.74220127,-1.0699304
1424536132675,-0.6420194,0.72356987,-1.0201449
1424536132686,-0.5656612,0.46181414,-0.9077458
1424536132695,-0.4382958,0.10048734,-0.74220127
1424536132705,-0.3109304,-0.06169739,-0.6291912
1424536132715,-0.19242255,0.1518,-0.6753115
1424536132726,-0.022907447,0.28099802,-0.711658
1424536132735,0.049480084,0.42149702,-0.7058548
1424536132752,0.13469578,0.4886922,-0.59223384
1424536132757,0.22266038,0.44532076,-0.4297437
1424536132769,0.30207285,0.25625798,-0.30451632
1424536132775,0.3359759,-0.008552114,-0.25381452
1424536132786,0.33536503,-0.28405234,-0.22907446
1424536132802,0.31795537,-0.52015173,-0.19883664
1424536132806,0.2828306,-0.7281514,-0.14844026
1424536132816,0.21074851,-0.99265605,-0.064751714
1424536132825,0.15057829,-1.1355985,-0.018020526
1424536132835,0.13836098,-1.276403,0.06780604
1424536132851,0.16462818,-1.201572,0.1328632
1424536132855,0.21991149,-1.0329732,0.14080444
1424536132867,0.2012801,-0.84665924,0.067500606
1424536132875,0.1301143,-0.70066243,-0.008552114
1424536132886,0.053145275,-0.44868052,-0.015882496
1424536132900,0.011911872,-0.09101892,-0.14385876
1424536132906,-0.13836098,0.06780604,-0.6001751
1424536132924,-0.5531385,0.18142697,-1.2070698
1424536132938,-1.1032226,0.32498032,-1.3924674
1424536132939,-1.4162911,0.55741453,-1.4694363
1424536132966,-2.0497584,0.3481932,-1.5076154
1424536132968,-2.5088236,-0.12492194,-1.5402967
1424536132968,-2.839607,-0.5012149,-1.3542882
1424536132975,-2.706744,-0.6957755,-0.9896017
1424536132986,-2.0332649,-0.6215554,-0.8396343
1424536132995,-1.3741413,-0.64934975,-0.636827
1424536133006,-0.79320854,-0.77366084,-0.5045747
1424536133017,-0.441961,-0.59650993,-0.6114761
1424536133027,-0.41783184,-0.42852196,-0.68019843
1424536133036,-0.4007276,-0.23579398,-0.7467828
1424536133046,-0.27366763,-0.35155296,-0.8155051
1424536133055,-0.1881465,-0.9077458,-0.96883225
1424536133066,-0.2406809,-1.625207,-1.1148291
1424536133075,-0.40591997,-2.042428,-1.1218541
1424536133086,-0.52687126,-2.1878138,-0.98868537
1424536133095,-0.6075055,-2.1093178,-0.5888741
1424536133106,-0.7699956,-1.6566665,-0.016798794
1424536133116,-0.67164636,-1.3292428,0.4083634
1424536133130,-0.24373524,-0.72143185,0.5522222
1424536133135,-0.034513887,-0.2764165,0.7113526
1424536133147,0.33108896,6.1086525E-4,0.74189585
1424536133156,0.6102544,0.122478485,0.75869465
1424536133167,0.74128497,-0.004276057,0.8020661
1424536133176,0.8249735,-0.35308012,0.84971356
1424536133186,0.96883225,-0.6808093,0.8732319
1424536133196,1.1691961,-0.7706065,0.8576548
1424536133207,1.5042557,-0.5467244,0.82772243
1424536133222,1.8182404,-0.41783184,0.8717047
1424536133236,1.758681,-0.23640485,0.9086621
1424536133240,1.6511687,-0.10140363,0.99021256
1424536133249,1.4477507,-0.031154128,1.0366384
1424536133256,1.1859949,-0.129198,0.945314
1424536133267,0.8399397,-0.24129178,0.829555
1424536133276,0.47433686,-0.24709499,0.7449502
1424536133287,0.12217305,-0.19792034,0.6401868
1424536133296,-0.16462818,-0.22510384,0.453262
1424536133308,-0.34269542,-0.38331795,0.116980694
1424536133316,-0.41080686,-0.52198434,-0.06811147
1424536133327,-0.4016439,-0.8170323,-0.37751472
1424536133336,-0.30634892,-0.9239337,-0.57818395
1424536133347,-0.16432275,-0.75961095,-0.7076874
1424536133356,0.01160644,-0.36957347,-0.8188649
1424536133370,0.16157386,0.21868975,-0.8885035
1424536133378,0.2012801,0.8509353,-0.90285885
1424536133408,0.12308934,1.1911873,-0.88147855
1424536133409,0.056505036,1.1206323,-0.82802784
1424536133410,0.17104226,0.8151997,-0.79045963
1424536133426,0.39461896,0.636827,-0.799928
1424536133431,0.54275376,0.24648413,-0.86132
1424536133436,0.838718,0.030848695,-0.70066243
1424536133448,0.77396625,-0.070249505,-0.29260445
1424536133457,0.4279111,-0.15118915,0.062308256
1424536133466,0.23640485,-0.089491755,0.30604348
1424536133475,0.301462,0.052534413,0.4642576
1424536133488,0.52015173,0.17073683,0.49663344
1424536133497,0.70829827,0.2843578,0.42271876
1424536133511,0.7635816,0.36102137,0.32620203
1424536133518,0.70157874,0.37720928,0.28771752
1424536133531,0.6429357,0.3717115,0.24617869
1424536133540,0.52473325,0.30634892,0.23060162
1424536133553,0.44348818,0.19792034,0.19272798
1424536133557,0.39858958,0.062002823,0.11026118
1424536133573,0.40439278,-0.09315695,0.004886922
1424536133577,0.4605924,-0.22296582,-0.09315695
1424536133593,0.49877146,-0.2919936,-0.16737708
1424536133597,0.47128254,-0.29779682,-0.21410827
1424536133612,0.38423425,-0.23609942,-0.23273966
1424536133618,0.25809056,-0.16920967,-0.22418754
1424536133633,0.19211712,0.022296581,-0.18173242
1424536133637,0.09712757,0.21502456,-0.14569137
1424536133653,0.07574729,0.4196644,-0.1142318
1424536133657,0.11301007,0.6398814,-0.06811147
1424536133674,0.19181168,0.75961095,-0.009773844
1424536133678,0.24831672,0.8026769,0.06994407
1424536133693,0.25961772,0.82863873,0.15271631
1424536133702,0.2443461,0.86742866,0.19394971
1424536133708,0.19639318,0.9138544,0.19486602
1424536133719,0.15943582,0.93370754,0.18417588
1424536133731,0.17592919,0.91599244,0.13652839
1424536133740,0.2519819,0.7312057,0.05589417
1424536133751,0.2144137,0.51251596,-0.042760566
1424536133766,0.027794369,0.4373795,-0.15088372
1424536133770,-0.17440203,0.47678033,-0.2574797
1424536133778,-0.34574974,0.5357288,-0.3652974
1424536133787,-0.5002986,0.52198434,-0.48808134
1424536133796,-0.6786713,0.4560109,-0.6417139
1424536133826,-0.89675015,0.44226643,-0.7644979
1424536133833,-1.0619892,0.4605924,-0.77304995
1424536133834,-1.1129965,0.47128254,-0.64812803
1424536133841,-1.2315043,0.27214047,-0.32711834
1424536133849,-1.4001031,-0.22174409,0.04337143
1424536133864,-1.3509285,-0.83291477,0.051618114
1424536133867,-1.0549643,-1.1936307,-0.35338554
1424536133876,-0.8384125,-1.1252137,-0.8594874
1424536133887,-0.75777835,-0.8219192,-1.2092078
1424536133896,-0.7806858,-0.52778757,-1.4019357
1424536133906,-0.8246681,-0.37904188,-1.4660766
1424536133916,-0.7819075,-0.3717115,-1.4337007
1424536133928,-0.7296785,-0.47158796,-1.2617421
1424536133948,-0.6230826,-0.5503896,-0.9969321
1424536133949,-0.46395215,-0.5510005,-0.69974613
1424536133956,-0.1740966,-0.5543602,-0.43799037
1424536133967,0.13775012,-0.5314528,-0.24190263
1424536133976,0.3567453,-0.4792238,-0.12064589
1424536133988,0.47433686,-0.43799037,-0.03023783
1424536133998,0.51343226,-0.3368922,0.11575896
1424536134011,0.5164866,-0.2947425,0.2773328
1424536134018,0.49846604,-0.31123585,0.33383787
1424536134030,0.48288897,-0.44868052,0.37934732
1424536134037,0.4633413,-0.6569856,0.34238997
1424536134051,0.46181414,-0.89644474,0.2919936
1424536134086,0.4841107,-1.0818423,0.27763826
1424536134088,0.48991394,-0.96669424,0.26633725
1424536134089,0.5012149,-0.71959925,0.25534168
1424536134090,0.528093,-0.539394,0.2406809
1424536134124,0.5458081,-0.4266894,0.23762658
1424536134125,0.57848936,-0.40103304,0.24984388
1424536134125,0.6010914,-0.4098906,0.26847526
1424536134146,0.6627888,-0.43890667,0.3371976
1424536134147,0.7257079,-0.47036624,0.36957347
1424536134148,0.7583892,-0.43951756,0.34422258
1424536134162,0.73456544,-0.15088372,0.2932153
1424536134170,0.66859204,0.17715092,0.36163223
1424536134178,0.5720753,-0.023823744,0.5992588
1424536134189,0.31429017,-0.4373795,0.68019843
1424536134201,-0.0076358155,-0.5555819,0.59803706
1424536134211,-0.3200934,-0.47952923,0.54092115
1424536134220,-0.42485678,-0.34697145,0.46670106
1424536134234,-0.23915374,-0.36987892,0.46792278
1424536134238,0.27366763,-0.33292156,0.4654793
1424536134277,0.58459806,-0.32803464,0.419359
1424536134278,0.6224717,-0.47525316,0.37995818
1424536134279,0.4990769,-0.745561,0.38056904
1424536134279,0.32375857,-1.0476339,0.3866777
1424536134294,0.13713925,-1.2867876,0.34330627
1424536134309,0.007330383,-1.3335189,0.27152961
1424536134310,-9.162979E-4,-1.2492194,0.24220806
1424536134317,0.045814894,-0.96883225,0.22907446
1424536134327,0.20189096,-0.81000733,0.26358834
1424536134336,0.30909783,-0.9263771,0.28527406
1424536134348,0.069027774,-0.7996226,0.27000242
1424536134356,-0.49296826,-0.23518312,0.20738874
1424536134368,-0.7620544,-0.057726767,0.122478485
1424536134376,-0.6056729,-0.19333886,0.13041973
1424536134388,-0.57360244,-0.29993483,0.034208454
1424536134396,-0.75991637,-0.46914452,-0.226631
1424536134411,-0.8872818,-0.63132924,-0.37018433
1424536134420,-0.9007208,-1.0454959,-0.61178154
1424536134432,-0.80481493,-1.3127494,-0.7351763
1424536134440,-0.5870415,-1.2272283,-0.7724391
1424536134452,-0.34972036,-0.8167268,-0.8216137
1424536134460,-0.061086524,-0.36743546,-0.87781334
1424536134470,0.40133846,-0.035124753,-0.8604037
1424536134479,0.75961095,0.17470746,-0.76174897
1424536134492,0.7128797,0.10903945,-0.6291912
1424536134500,0.45845437,-0.21074851,-0.49541172
1424536134512,0.2134974,-0.39736784,-0.43463063
1424536134529,0.11911872,-0.7079928,-0.34391713
1424536134530,-0.010995574,-0.8732319,-0.28924468
1424536134547,-0.034208454,-0.89552844,-0.23426682
1424536134549,0.052534413,-0.8029824,-0.15851954
1424536134576,0.16920967,-0.64751714,-0.079107046
1424536134578,0.22479841,-0.50426924,0.014660766
1424536134579,0.24281894,-0.50915617,0.12522738
1424536134610,0.2874121,-0.5516113,0.25717425
1424536134610,0.3921755,-0.5656612,0.45937067
1424536134610,0.56413406,-0.6133087,0.5662721
1424536134620,0.6579019,-0.7058548,0.6411031
1424536134641,0.81214535,-0.65576386,0.49632803
1424536134642,0.88208944,-0.50640726,0.3747658
1424536134654,0.81122905,-0.36865717,0.3707952
1424536134658,0.6533204,-0.26297748,0.36285394
1424536134675,0.50732356,-0.07819075,0.3191771
1424536134677,0.41416663,0.20066923,0.24648413
1424536134690,0.37690386,0.46853364,0.160963
1424536134711,0.38362336,0.65026605,0.070249505
1424536134711,0.4297437,0.70738196,0.026572637
1424536134717,0.453262,0.7510588,-0.046731193
1424536134728,0.47678033,0.7119634,-0.09040806
1424536134737,0.48502702,0.700357,-0.10048734
1424536134753,0.5348125,0.605062,-0.06047566
1424536134757,0.5329799,0.38240165,-0.018020526
1424536134770,0.42760566,0.31612277,-0.034208454
1424536134779,0.441961,0.3912592,-0.056199603
1424536134791,0.5510005,0.45814893,-0.046731193
1424536134804,0.61636305,0.453262,-0.042455133
1424536134807,0.5876524,0.4007276,-0.041233405
1424536134821,0.54458636,0.40469822,-0.04062254
1424536134836,0.47342056,0.573297,-0.07086037
1424536134837,0.51923543,0.79045963,-0.09132435
1424536134850,0.6032294,0.7883216,-0.0729984
1424536134857,0.5366451,0.659429,-0.06841691
1424536134867,0.39858958,0.5525276,-0.09132435
1424536134877,0.29565877,0.4709771,-0.12492194
1424536134975,0.20066923,0.45112398,-0.119729586
1424536134975,0.089186326,0.47739118,-0.08368854
1424536134985,-0.013133603,0.57451874,-0.061086524
1424536134985,-0.032986723,0.67164636,-0.012217305
1424536134986,0.015577064,0.73975784,0.04428773
1424536134986,0.11636983,0.74220127,0.10842858
1424536134987,0.15363261,0.66431594,0.15454891
1424536134987,0.10293079,0.5564982,0.172264
1424536134988,0.027183503,0.464563,0.16310102
1424536134988,-0.048258353,0.42119157,0.14019357
1424536134989,-0.102319926,0.40561453,0.037873644
1424536135001,-0.13805555,0.40469822,-0.056505036
1424536135008,-0.15057829,0.39736784,-0.25411993
1424536135017,-0.16829337,0.37018433,-0.4092797
1424536135028,-0.26725355,0.34788775,-0.50488013
1424536135037,-0.4896085,0.32253686,-0.5103779
1424536135048,-0.7761043,0.32742378,-0.45478916
1424536135057,-1.0149527,0.4266894,-0.35124752
1424536135070,-1.1527027,0.59864795,-0.20219639
1424536135078,-1.1808025,0.5934556,-0.029626964
1424536135088,-1.0656544,0.38331795,0.13744467
1424536135097,-0.9492846,0.31612277,0.18600847
1424536135110,-0.9599747,0.39584067,0.16798794
1424536135117,-1.1591167,0.5329799,0.15607607
1424536135129,-1.3573426,0.48808134,0.30298916
1424536135138,-1.2513574,0.32253686,0.4437936
1424536135149,-1.142318,-0.06627888,0.5180137
1424536135158,-1.1582005,-0.46944994,0.5128214
1424536135169,-1.142318,-0.5833763,0.4120286
1424536135178,-1.1059716,-0.33383787,0.16371189
1424536135189,-1.1255192,0.14874569,-0.18325958
1424536135198,-1.1600331,0.38881573,-0.3417791
1424536135210,-1.1478158,0.7483099,-0.5403103
1424536135218,-1.0500773,0.958753,-0.6102544
1424536135228,-0.91690874,1.0742066,-0.6230826
1424536135238,-0.8045095,1.1426234,-0.5992588
1424536135249,-0.67073005,1.1985176,-0.52534413
1424536135258,-0.5222898,1.1985176,-0.4266894
1424536135269,-0.3857614,1.1337659,-0.3210097
1424536135279,-0.23518312,1.042747,-0.1966986
1424536135315,-0.08002335,0.9575313,-0.08124508
1424536135316,0.06414085,0.91813046,-0.02076942
1424536135318,0.118507855,0.8533788,0.09896017
1424536135319,0.18173242,0.81336707,0.18997909
1424536135333,0.22082779,0.7678576,0.26328292
1424536135338,0.24953845,0.68600166,0.33444872
1424536135349,0.23426682,0.5357288,0.39950588
1424536135357,0.17928895,0.3643811,0.44593164
1424536135369,0.15241088,0.22174409,0.46914452
1424536135378,0.19761491,0.095294975,0.47555858
1424536135389,0.2938262,-0.02321288,0.46975538
1424536135399,0.3979787,-0.08155051,0.462425
1424536135409,0.44532076,-0.18784106,0.44440445
1424536135418,0.50946164,-0.25534168,0.4343252
1424536135432,0.50335294,-0.28130344,0.41783184
1424536135441,0.40683624,-0.26083946,0.36682457
1424536135452,0.26267207,-0.20280726,0.32406402
1424536135463,0.1142318,-0.09468412,0.3136793
1424536135473,-0.016493361,0.043066,0.30818152
1424536135479,-0.13133603,0.12156218,0.2910773
1424536135493,-0.2669481,0.11789699,0.26267207
1424536135499,-0.41172317,0.09621128,0.2434298
1424536135514,-0.48075095,0.023518313,0.19394971
1424536135531,-0.5928447,-0.06291912,0.16310102
1424536135532,-0.64599,-0.11636983,0.17256944
1424536135548,-0.636827,-0.12308934,0.1966986
1424536135549,-0.59406644,-0.096516706,0.22113322
1424536135558,-0.52870387,-0.061391957,0.28588495
1424536135570,-0.41386122,0.0076358155,0.398895
1424536135579,-0.25381452,0.16707164,0.505491
1424536135589,-0.098043874,0.3222314,0.5308419
1424536135598,-0.0076358155,0.3295618,0.48288897
1424536135609,0.007941248,0.16493362,0.20372356
1424536135620,0.013439035,-0.018936822,-0.23640485
1424536135631,0.1469131,-0.14080444,-0.47555858
1424536135640,0.54092115,-0.20433442,-0.49663344
1424536135651,1.0320568,0.058948494,-0.47555858
1424536135661,1.4969252,0.3753767,-0.35094208
1424536135672,1.7608191,0.36193767,-0.22449298
1424536135681,1.641395,0.3155119,-0.14110987
1424536135692,1.269378,0.29810223,-0.09682214
1424536135727,0.8072584,0.03634648,-0.09407325
1424536135735,0.5534439,-0.40378192,-0.07452556
1424536135736,0.11759156,-0.6264423,-0.07391469
1424536135737,0.099265605,-0.7965683,-0.15882497
1424536135738,0.48197266,-1.003957,-0.1704314
1424536135752,0.77671516,-0.9966267,-0.12003502
1424536135758,0.8213083,-0.70402217,-0.13927728
1424536135768,0.6774496,-0.2180789,-0.2593123
1424536135778,0.51923543,0.2565634,-0.33292156
1424536135789,0.46395215,0.41386122,-0.32589662
1424536135799,0.4538729,0.5543602,-0.29901853
1424536135811,0.42332962,0.55680364,-0.19700404
1424536135818,0.40439278,0.49693888,-0.06658431
1424536135830,0.43554693,0.36163223,0.046120327
1424536135838,0.5009095,0.13927728,0.12736541
1424536135850,0.5311473,-0.09132435,0.17837265
1424536135858,0.47861293,-0.26389378,0.20616703
1424536135869,0.38362336,-0.37415496,0.23151793
1424536135879,0.30757064,-0.40317106,0.25809056
1424536135890,0.29168814,-0.38698313,0.2687807
1424536135901,0.3115413,-0.3155119,0.28802297
1424536135915,0.37904188,-0.22571471,0.30604348
1424536135919,0.410196,-0.1423316,0.3173445
1424536135934,0.36010507,-0.047647487,0.31642818
1424536135939,0.23609942,0.043982297,0.29260445
1424536135952,0.087659165,0.07269296,0.23915374
1424536135962,-0.028405234,0.011911872,0.16462818
1424536135983,-0.10170906,-0.09896017,0.09865474
1424536135984,-0.129198,-0.18997909,0.054061573
1424536135990,-0.10598512,-0.21838433,0.03940081
1424536136000,-0.07727446,-0.25961772,0.03023783
1424536136011,-0.02443461,-0.31031954,0.040317107
1424536136019,-0.029321533,-0.344528,0.06505715
1424536136032,-0.051618114,-0.3359759,0.094989546
1424536136041,-0.03359759,-0.29626966,0.12889257
1424536136053,0.022296581,-0.26908615,0.15668693
1424536136062,0.0870483,-0.2657264,0.16615535
1424536136072,0.12980886,-0.26053402,0.16035213
1424536136080,0.18081611,-0.25411993,0.12644911
1424536136094,0.2406809,-0.26328292,0.09987647
1424536136101,0.26083946,-0.3417791,0.04550946
1424536136114,0.26542094,-0.49205196,-0.014966198
1424536136121,0.23854288,-0.66645396,-0.090713486
1424536136133,0.19364429,-0.8368854,-0.15699236
1424536136142,0.14202617,-0.9621128,-0.20922135
1424536136155,0.10476339,-1.0280862,-0.23671028
1424536136159,0.10995574,-1.0503827,-0.21930063
1424536136172,0.14813483,-0.9783007,-0.19181168
1424536136182,0.19028452,-0.7431176,-0.18936823
1424536136194,0.23915374,-0.61727935,-0.17592919
1424536136205,0.26145032,-0.52473325,-0.06627888
1424536136215,0.27305678,-0.59223384,0.07666359
1424536136220,0.26267207,-0.6637051,0.17379116
1424536136232,0.26542094,-0.7415904,0.2666427
1424536136242,0.2519819,-0.80970186,0.36285394
1424536136267,0.20799962,-0.8414669,0.44409904
1424536136268,0.15088372,-0.88331115,0.47494772
1424536136282,0.06780604,-0.95203346,0.4859433
1424536136283,-0.070554934,-0.9285152,0.50640726
1424536136293,-0.20677789,-0.8671232,0.5137377
1424536136299,-0.25717425,-0.679893,0.5717699
1424536136314,-0.33383787,-0.46486846,0.77304995
1424536136318,-0.38087448,-0.22693644,1.0635164
1424536136330,-0.3652974,0.086437434,1.3002267
1424536136338,-0.32162055,0.3378085,1.4205672
1424536136361,-0.3494149,0.3371976,1.4504995
1424536136361,-0.47983465,0.10903945,1.4049901
1424536136370,-0.6924158,-0.08246681,1.2461652
1424536136384,-0.9334021,-0.1160644,0.9392053
1424536136389,-1.0778717,-0.086132,0.7678576
1424536136398,-1.0916162,0.033292156,0.5180137
1424536136410,-1.0616838,0.14538592,0.42730024
1424536136418,-1.0369438,0.36285394,0.49388456
1424536136440,-1.0494665,0.5326745,0.74281216
1424536136440,-1.1316279,0.37873647,1.2336423
1424536136450,-1.2944235,0.20738874,1.8393153
1424536136459,-1.5112807,0.19792034,2.1572707
1424536136471,-1.7461584,0.35216382,2.1642957
1424536136481,-1.8649716,0.4456262,2.0809124
1424536136491,-1.7571539,0.5491679,2.0522017
1424536136505,-1.6627752,0.6084218,2.047315
1424536136512,-1.5705346,0.6918049,2.1343632
1424536136519,-1.65911,0.7165449,2.3157902
1424536136534,-1.8161024,0.6585127,2.4785857
1424536136539,-1.924531,0.51159966,2.6218336
1424536136551,-1.9599612,0.5723807,2.8399124
1424536136565,-1.9376645,0.6017023,3.0207286
1424536136584,-1.6743816,-0.094989546,2.898861
1424536136585,-0.91965765,-0.5335908,2.6881125
1424536136590,-0.42913285,-0.9621128,2.6920831
1424536136598,0.49938235,-0.72204274,2.833193
1424536136610,1.1551461,0.081855945,2.4871378
1424536136621,1.3359623,1.5515977,1.3368785
1424536136630,0.9627236,2.874121,-0.0076358155
1424536136639,0.61544675,3.169169,-1.0503827
1424536136650,0.7284568,3.1606169,-1.7794504
1424536136659,0.9089675,4.1352525,-2.362216
1424536136671,0.6563747,6.2222733,-2.9028316
1424536136679,-0.2941316,7.439117,-3.1743612
1424536136690,-0.91721416,9.431454,-3.6511416
1424536136699,-1.8952094,-10.028575,-3.938859
1424536136710,-1.9602666,9.836763,-4.1248674
1424536136723,-1.2501358,8.638551,-4.2510114
1424536136732,-0.22632557,6.597039,-4.3521094
1424536136742,0.66675943,4.725959,-4.3838744
1424536136758,1.4126259,3.0445523,-4.3066
1424536136759,2.1010711,1.3005321,-4.2329907
1424536136776,2.4904976,-0.24220806,-4.146248
1424536136780,2.6209173,-0.7959574,-4.0753875
1424536136791,2.581822,-1.1884383,-3.892128
1424536136807,2.2214115,-0.3481932,-3.687488
1424536136813,1.5931365,1.4147639,-3.5146132
1424536136824,0.8054258,2.9626966,-3.261715
1424536136832,-0.18509217,3.556763,-2.7953193
1424536136846,-1.3594806,3.645033,-2.3362541
1424536136860,-2.5418103,3.7421606,-1.9682078
1424536136861,-3.4376442,3.7617083,-1.647809
1424536136877,-3.9468002,3.4590244,-1.3970488
1424536136880,-4.2045856,3.2045991,-1.2770138
1424536136892,-4.2772784,2.6658158,-1.0042624
1424536136905,-4.3640213,2.1682663,-0.7141015
1424536136913,-4.4700065,1.7290541,-0.40286562
1424536136922,-4.624861,1.4217888,-0.09407325
1424536136941,-4.7955976,1.2137892,0.18203785
1424536136941,-4.9568663,1.042747,0.4279111
1424536136956,-5.093089,0.93676186,0.6966918
1424536136960,-5.1929655,0.8738427,1.0476339
1424536136974,-5.2925363,0.84604836,1.4535538
1424536136981,-5.393329,0.87689704,1.6542231
1424536137037,-5.4217343,1.067487,2.010663
1424536137038,-5.401576,1.3655893,2.3020456
1424536137038,-5.283679,1.6511687,2.5350907
1424536137038,-5.073847,1.8674151,2.679255
1424536137039,-4.779715,2.0109684,2.7073548
1424536137039,-4.4303,2.0977113,2.6578746
1424536137053,-4.0836344,0.9224065,2.6529877
1424536137059,-3.2580497,-2.7269025,3.3487632
1424536137077,-1.3866642,-4.125173,4.646852
1424536137079,-0.30970868,-3.2754595,5.0002375
1424536137093,-0.36682457,-0.43860126,4.92113
1424536137170,-0.9483683,1.8964312,4.644408
1424536137170,-1.2779301,2.7714956,4.546365
1424536137171,-1.0183123,3.1520646,4.4199157
1424536137171,-0.84849185,3.549738,4.0356812
1424536137171,-1.1963795,2.5179865,3.4605515
1424536137172,-1.8258762,0.38423425,3.0277536
1424536137172,-1.9385809,-1.2956452,2.7684412
1424536137172,-1.6517797,-1.5491543,2.6322184
1424536137181,-1.4138476,-1.3347405,2.6013696
1424536137190,-1.3029755,-0.83169305,2.547308
1424536137199,-1.1673635,-0.13164146,2.4697282
1424536137210,-1.20371,0.6450737,2.360994
1424536137219,-1.2757921,1.6041322,2.257758
1424536137251,-1.3732251,2.5213463,2.2015584
1424536137252,-1.5323554,2.6050348,2.1361957
1424536137253,-1.5971072,2.1520782,1.8903224
1424536137267,-1.5479325,1.5354098,1.4156802
1424536137272,-1.3625349,0.8417723,0.91538155
1424536137280,-1.0613784,0.5467244,0.7147123
1424536137292,-0.89369583,0.19181168,0.4474588
1424536137299,-0.573297,0.17287487,0.35460728
1424536137310,-0.3475823,0.3857614,0.39675698
1424536137344,-0.23945917,0.54305923,0.4746423
1424536137344,-0.22296582,0.47525316,0.5299256
1424536137344,-0.2519819,0.25992316,0.5849035
1424536137350,-0.29443705,-0.010995574,0.75502944
1424536137359,-0.35888332,-0.2855795,1.0076222
1424536137371,-0.5305365,-0.4007276,1.0167851
1424536137379,-0.77457714,-0.5858198,0.8866709
1424536137390,-0.84940815,-0.8200866,0.4709771
1424536137399,-0.74281216,-1.0864239,0.07819075
1424536137421,-0.2932153,-1.171945,-0.13683382
1424536137421,0.26328292,-1.0192287,-0.18875736
1424536137430,0.6985244,-0.7315111,-0.10903945
1424536137446,0.87109387,-0.4578435,0.062002823
1424536137452,0.7440339,-0.32620203,0.2144137
1424536137460,0.39736784,-0.39003745,0.29657507
1424536137472,0.0061086523,-0.47555858,0.32406402
1424536137482,-0.14752395,-0.7312057,0.39461896
1424536137497,-0.30787608,-1.1850786,0.5045747
1424536137501,-0.30757064,-1.892155,0.61850107
1424536137530,-0.23976462,-2.8365529,0.6808093
1424536137531,-0.09682214,-3.955658,0.68600166
1424536137532,0.16279559,-3.8093557,0.5726862
1424536137541,0.03176499,-1.5054774,0.22296582
1424536137554,-0.8323039,-0.44226643,-0.081855945
1424536137564,-1.2330315,-1.0048733,-0.115453534
1424536137575,-0.9841039,-1.0989466,-0.08277224
1424536137584,-0.890947,-0.8915578,-0.0070249503
1424536137595,-0.806953,-0.88086766,0.08979719
1424536137602,-0.6200282,-0.8426886,0.16340645
1424536137631,-0.4083634,-0.5849035,0.15332718
1424536137636,-0.28130344,-0.3820962,0.099571034
1424536137637,-0.21563543,-0.29046643,0.044898596
1424536137644,-0.17134771,-0.20677789,0.02076942
1424536137666,-0.10170906,-0.089491755,0.04184427
1424536137667,-0.0033597588,0.06658431,0.074830994
1424536137673,0.10567969,0.1469131,0.07819075
1424536137680,0.15851954,0.2489276,0.054061573
1424536137691,0.23701571,0.24495697,0.023823744
1424536137704,0.25320363,0.19211712,0.021380283
1424536137711,0.22418754,0.183565,0.03145956
1424536137720,0.2134974,0.2406809,0.017715093
1424536137731,0.23793201,0.30634892,-0.02443461
1424536137757,0.2669481,0.32070425,-0.044898596
1424536137758,0.3051272,0.29046643,-0.009468411
1424536137759,0.37598756,0.2770274,0.056505036
1424536137771,0.4596761,0.2950479,0.0870483
1424536137780,0.4999932,0.38637227,0.122478485
1424536137791,0.5693264,0.5036584,0.12858713
1424536137800,0.5900958,0.59406644,0.12705997
1424536137812,0.54428095,0.61453044,0.12186762
1424536137839,0.45020768,0.5363397,0.10415252
1424536137840,0.3567453,0.40591997,0.07269296
1424536137840,0.26083946,0.30787608,0.038789943
1424536137851,0.16310102,0.25809056,0.0067195175
1424536137877,0.1441642,0.20433442,-0.03756821
1424536137877,0.22235495,0.17287487,-0.06047566
1424536137880,0.28496864,0.124005646,-0.10415252
1424536137892,0.42302418,0.09193522,-0.15851954
1424536137901,0.52564955,0.07666359,-0.19608775
1424536137912,0.5476407,0.07666359,-0.19181168
1424536137927,0.5198463,0.06414085,-0.1731803
1424536137931,0.48563787,0.056199603,-0.16584991
1424536137942,0.44012842,0.062002823,-0.16371189
1424536137955,0.3979787,0.05467244,-0.17012598
1424536137962,0.38545597,0.03176499,-0.2012801
1424536137975,0.41141775,0.03573562,-0.21746802
1424536137983,0.42730024,0.093767814,-0.226631
1424536138001,0.44929138,0.16249016,-0.21899518
1424536138002,0.4541783,0.18784106,-0.22540927
1424536138052,0.4334089,0.17287487,-0.24831672
1424536138053,0.3747658,0.12186762,-0.29016098
1424536138053,0.2932153,0.027488936,-0.35185838
1424536138054,0.20708331,-0.07880162,-0.39553526
1424536138054,0.1432479,-0.18112154,-0.41691554
1424536138069,0.11056661,-0.22571471,-0.44409904
1424536138074,0.09162979,-0.27580565,-0.4538729
1424536138080,0.07849618,-0.25259277,-0.43890667
1424536138092,0.035124753,-0.20066923,-0.39736784
1424536138105,-0.0125227375,-0.16340645,-0.35918877
1424536138111,-0.040317107,-0.14263703,-0.31642818
1424536138120,-0.03756821,-0.13408493,-0.2761111
1424536138133,-0.02076942,-0.13561209,-0.24801129
1424536138140,-0.01282817,-0.16768251,-0.23609942
1424536138151,-0.004581489,-0.21471913,-0.24831672
1424536138160,0.007330383,-0.23487769,-0.2687807
1424536138173,0.009162978,-0.258396,-0.26847526
1424536138182,0.011911872,-0.25167647,-0.24862215
1424536138202,0.022907447,-0.24312437,-0.2415972
1424536138203,0.028405234,-0.2678644,-0.24984388
1424536138213,0.025045475,-0.2874121,-0.2510656
1424536138221,0.011301007,-0.26450464,-0.24953845
1424536138231,0.0,-0.23243423,-0.26145032
1424536138241,0.007330383,-0.24129178,-0.29932398
1424536138254,0.004886922,-0.29932398,-0.36041048
1424536138261,-0.004276057,-0.34238997,-0.44043383
1424536138272,-0.0015271631,-0.4370741,-0.48380527
1424536138281,0.017104227,-0.50701815,-0.54428095
1424536138292,0.027183503,-0.53969944,-0.54702985
1424536138303,0.0076358155,-0.52534413,-0.5149594
1424536138315,-0.024740042,-0.46761733,-0.47769663
1424536138325,-0.054061573,-0.39767328,-0.44715336
1424536138336,-0.061086524,-0.35155296,-0.4364632
1424536138342,-0.035124753,-0.33444872,-0.4382958
1424536138356,0.015271631,-0.36071593,-0.44532076
1424536138364,0.07360926,-0.38606682,-0.45142943
1424536138378,0.09743301,-0.4260785,-0.4560109
1424536138382,0.124005646,-0.44806966,-0.43493605
1424536138396,0.12034045,-0.45478916,-0.39461896
1424536138403,0.10598512,-0.43310347,-0.35521814
1424536138414,0.095294975,-0.3998113,-0.3368922
1424536138425,0.09132435,-0.36377025,-0.34208453
1424536138438,0.093462385,-0.32925636,-0.36285394
1424536138442,0.09437868,-0.30634892,-0.39706242
1424536138457,0.09437868,-0.28588495,-0.42760566
1424536138461,0.0842994,-0.27580565,-0.4343252
1424536138474,0.076358154,-0.25961772,-0.43585235
1424536138483,0.065973446,-0.24770586,-0.43860126
1424536138498,0.058643065,-0.2302962,-0.44043383
1424536138502,0.040927973,-0.20280726,-0.4364632
1424536138513,0.0067195175,-0.18875736,-0.4184427
1424536138524,-0.033292156,-0.19303341,-0.3866777
1424536138537,-0.076052725,-0.19150625,-0.3640757
1424536138544,-0.12675454,-0.18020524,-0.34025195
1424536138556,-0.16890424,-0.19120082,-0.30787608
1424536138563,-0.17470746,-0.20586158,-0.29168814
1424536138575,-0.16401732,-0.23671028,-0.27000242
1424536138584,-0.14385876,-0.23915374,-0.2648101
1424536138595,-0.13713925,-0.2171626,-0.2660318
1424536138604,-0.13316862,-0.18509217,-0.25625798
1424536138617,-0.1255328,-0.16157386,-0.23304509
1424536138622,-0.12370021,-0.14782938,-0.21502456
1424536138636,-0.11911872,-0.14080444,-0.19242255
1424536138642,-0.10995574,-0.16340645,-0.16554448
1424536138655,-0.11148291,-0.21227567,-0.15485434
1424536138664,-0.10323623,-0.2302962,-0.15485434
1424536138677,-0.089491755,-0.23304509,-0.1554652
1424536138683,-0.05100725,-0.19914207,-0.16035213
1424536138696,-0.0076358155,-0.14905111,-0.16462818
1424536138701,0.022907447,-0.100792766,-0.15882497
1424536138713,0.02076942,-0.06352998,-0.14996742
1424536138721,-0.024740042,-0.047036625,-0.1432479
1424536138737,-0.103847094,-0.05497787,-0.13316862
1424536138741,-0.1777618,-0.08582657,-0.11026118
1424536138752,-0.23182335,-0.13225232,-0.08032878
1424536138761,-0.27214047,-0.15821409,-0.070249505
1424536138772,-0.29168814,-0.20341812,-0.06383542
1424536138781,-0.32986724,-0.2275473,-0.06261369
1424536138797,-0.35246924,-0.22968534,-0.050396383
1424536138803,-0.35338554,-0.20250183,-0.027794369
1424536138816,-0.33567044,-0.15485434,-0.004276057
1424536138822,-0.32986724,-0.10567969,0.013744468
1424536138835,-0.33964106,-0.06169739,0.030848695
1424536138845,-0.36010507,-0.02443461,0.058337633
1424536138858,-0.40469822,-0.012217305,0.08735373
1424536138863,-0.44959682,-0.02565634,0.089491755
1424536138876,-0.4578435,-0.077579886,0.049480084
1424536138885,-0.43127087,-0.11148291,-0.021685716
1424536138898,-0.36651915,-0.0852157,-0.050396383
1424536138903,-0.29260445,0.0076358155,-0.007330383
1424536138917,-0.2302962,0.1133155,0.05955936
1424536138923,-0.21166481,0.1704314,0.10293079
1424536138936,-0.23671028,0.15943582,0.112704635
1424536138945,-0.26083946,0.13164146,0.093767814
1424536138956,-0.25167647,0.15241088,0.07574729
1424536138963,-0.19333886,0.18600847,0.07788532
1424536138978,-0.14905111,0.2779437,0.1001819
1424536138983,-0.04734206,0.3640757,0.124311075
1424536138997,0.04520403,0.42271876,0.1423316
1424536139003,0.09162979,0.47616947,0.16646078
1424536139015,0.0720821,0.5537493,0.19761491
1424536139025,0.009468411,0.59895337,0.21319197
1424536139039,-0.040011674,0.5766568,0.20097467
1424536139042,-0.022907447,0.5323691,0.14172074
1424536139057,0.047647487,0.5143485,0.05681047
1424536139063,0.08460484,0.48655418,0.025350908
1424536139077,0.13775012,0.45875978,0.006414085
1424536139085,0.15607607,0.44501534,0.03268129
1424536139111,0.14813483,0.46731192,0.08155051
1424536139115,0.12797627,0.5174029,0.13439035
1424536139115,0.12492194,0.5207626,0.16737708
1424536139123,0.15699236,0.47342056,0.16340645
1424536139138,0.20158553,0.42271876,0.13194689
1424536139149,0.23182335,0.3576616,0.08582657
1424536139171,0.2565634,0.32711834,0.06078109
1424536139172,0.2706133,0.27397305,0.02076942
1424536139174,0.30024028,0.21166481,0.0
1424536139185,0.31642818,0.1328632,-0.014049901
1424536139195,0.29810223,0.051923547,-0.03176499
1424536139203,0.226631,-0.004276057,-0.063224554
1424536139227,0.124311075,-0.04184427,-0.08582657
1424536139228,0.04153884,-0.06536258,-0.08857546
1424536139232,-0.003970624,-0.04917465,-0.09101892
1424536139241,-0.016798794,0.009468411,-0.08124508
1424536139254,0.01282817,0.0421497,-0.070249505
1424536139261,0.041233405,0.08002335,-0.05375614
1424536139275,0.100792766,0.058643065,-0.057421334
1424536139282,0.13194689,0.01282817,-0.06383542
1424536139293,0.10873401,-0.035124753,-0.062002823
1424536139302,0.050701816,-0.09040806,-0.06841691
1424536139315,-0.014966198,-0.119729586,-0.07238753
1424536139326,-0.062308256,-0.111177474,-0.062002823
1424536139338,-0.07360926,-0.087964594,-0.04886922
1424536139343,-0.054367006,-0.07360926,-0.03756821
1424536139356,-0.026572637,-0.071776666,-0.03359759
1424536139364,-0.013439035,-0.065973446,-0.027794369
1424536139377,0.0021380284,-0.04886922,-0.018020526
1424536139383,0.004276057,-0.046731193,-0.014966198
1424536139398,0.010079277,-0.08124508,-0.016493361
1424536139404,0.018325957,-0.11453723,-0.015271631
1424536139416,0.0106901415,-0.11026118,-0.019242255
1424536139423,-0.012217305,-0.10995574,-0.03481932
1424536139438,-0.027488936,-0.15149458,-0.059864793
1424536139442,-0.022296581,-0.19914207,-0.08155051
1424536139459,-0.017715093,-0.21533,-0.08399397
1424536139463,-0.015577064,-0.23640485,-0.08124508
1424536139478,-0.005497787,-0.25961772,-0.08155051
1424536139482,0.007330383,-0.3051272,-0.08582657
1424536139497,0.004581489,-0.312763,-0.10842858
1424536139502,-0.070554934,-0.24709499,-0.10873401
1424536139521,-0.19883664,-0.1863139,-0.09132435
1424536139522,-0.28405234,-0.14996742,-0.09437868
1424536139535,-0.28160888,-0.112704635,-0.105374254
1424536139546,-0.21380283,-0.094989546,-0.112704635
1424536139554,-0.1282817,-0.10170906,-0.11362094
1424536139562,-0.086132,-0.13652839,-0.113926366
1424536139579,-0.009468411,-0.18600847,-0.12217305
1424536139584,0.042455133,-0.21777347,-0.129198
1424536139594,0.053450707,-0.2144137,-0.11636983
1424536139603,0.009162978,-0.18936823,-0.08399397
1424536139630,-0.07849618,-0.14660765,-0.046120327
1424536139630,-0.15943582,-0.09162979,-0.018936822
1424536139641,-0.19120082,-0.057421334,-0.004276057
1424536139641,-0.15454891,-0.048563786,-0.002443461
1424536139654,-0.07696902,-0.04734206,-0.004276057
1424536139661,-0.04062254,-0.05100725,-0.00580322
1424536139672,0.0033597588,-0.07238753,-0.0125227375
1424536139682,0.02321288,-0.112399206,-0.033292156
1424536139695,0.046120327,-0.1423316,-0.060170226
1424536139704,0.04917465,-0.14110987,-0.06780604
1424536139715,-0.012217305,-0.13133603,-0.061086524
1424536139721,-0.09743301,-0.1160644,-0.062002823
1424536139733,-0.14080444,-0.09132435,-0.067500606
1424536139742,-0.11484267,-0.08002335,-0.06566802
1424536139755,-0.050396383,-0.06627888,-0.059864793
1424536139761,-0.02076942,-0.07422013,-0.05009095
1424536139773,0.018936822,-0.11178834,-0.07147124
1424536139781,0.03940081,-0.16890424,-0.10903945
1424536139794,0.05497787,-0.21624629,-0.13072516
1424536139802,0.059253927,-0.21685717,-0.12950343
1424536139817,0.06078109,-0.1908954,-0.12217305
1424536139824,0.06780604,-0.16249016,-0.11881329
1424536139835,0.052534413,-0.14569137,-0.118202426
1424536139844,0.013439035,-0.14477506,-0.12675454
1424536139853,-0.004886922,-0.14996742,-0.1328632
1424536139867,-0.01282817,-0.1600467,-0.14202617
1424536139876,0.018020526,-0.16676621,-0.15210545
1424536139885,0.06872234,-0.18112154,-0.16187929
1424536139896,0.09712757,-0.20066923,-0.172264
1424536139903,0.08277224,-0.20463985,-0.17379116
1424536139924,0.028405234,-0.17867808,-0.15943582
1424536139925,-0.03634648,-0.14294247,-0.14385876
1424536139941,-0.067500606,-0.11026118,-0.13561209
1424536139943,-0.06352998,-0.09590584,-0.13439035
1424536139954,-0.05497787,-0.08399397,-0.1386664
1424536139973,-0.025961773,-0.10140363,-0.14538592
1424536139987,0.0018325958,-0.13194689,-0.14385876
1424536139987,0.016493361,-0.15027285,-0.13958271
1424536140000,0.018020526,-0.16493362,-0.14263703
1424536140004,0.012217305,-0.19456059,-0.17287487
1424536140042,0.01282817,-0.22602014,-0.21533
1424536140043,0.016798794,-0.24129178,-0.2593123
1424536140044,0.009773844,-0.24281894,-0.28344148
1424536140044,-0.016493361,-0.24129178,-0.28038713
1424536140056,-0.032375857,-0.24373524,-0.2611449
1424536140082,-0.049785517,-0.25381452,-0.24953845
1424536140082,-0.027794369,-0.26053402,-0.24831672
1424536140082,0.0290161,-0.2678644,-0.2660318
1424536140098,0.09162979,-0.29077184,-0.29718593
1424536140108,0.1133155,-0.3155119,-0.31337386
1424536140115,0.0571159,-0.32650748,-0.30573806
1424536140122,-0.033292156,-0.33536503,-0.30695978
1424536140133,-0.106901415,-0.33658674,-0.32711834
1424536140142,-0.1423316,-0.32284227,-0.33750305
1424536140154,-0.14905111,-0.26511553,-0.34025195
1424536140162,-0.16401732,-0.21868975,-0.32559118
1424536140175,-0.19120082,-0.22143865,-0.32528573
1424536140183,-0.22510384,-0.2678644,-0.3381139
1424536140193,-0.2519819,-0.30298916,-0.33750305
1424536140202,-0.2611449,-0.2883284,-0.3231477
1424536140213,-0.25595254,-0.26267207,-0.30909783
1424536140222,-0.22968534,-0.2574797,-0.30695978
1424536140236,-0.18020524,-0.28771752,-0.32650748
1424536140243,-0.116980694,-0.31398472,-0.34055737
1424536140254,-0.083383106,-0.35643986,-0.35918877
1424536140263,-0.0143553335,-0.36285394,-0.364992
1424536140273,0.06169739,-0.3484986,-0.37323865
1424536140283,0.1328632,-0.32345316,-0.3915646
1424536140302,0.17684549,-0.29626966,-0.41233405
1424536140303,0.17195857,-0.27916542,-0.43157628
1424536140315,0.12705997,-0.2779437,-0.4529566
1424536140327,0.06566802,-0.27397305,-0.46914452
1424536140339,0.06566802,-0.27091873,-0.473726
1424536140343,-0.052839845,-0.2742785,-0.47158796
1424536140361,-0.0693332,-0.269697,-0.4605924
1424536140364,-0.084910266,-0.23457226,-0.4428773
1424536140377,-0.0842994,-0.18661933,-0.42180246
1424536140386,-0.07666359,-0.124311075,-0.40378192
1424536140397,-0.06383542,-0.0711658,-0.39064834
1424536140407,-0.053145275,-0.067500606,-0.37598756
1424536140420,-0.06566802,-0.08552113,-0.3549127
1424536140424,-0.09254608,-0.0983493,-0.33261612
1424536140439,-0.09743301,-0.10751228,-0.3222314
1424536140443,-0.06841691,-0.113926366,-0.3210097
1424536140459,-0.046731193,-0.12492194,-0.31398472
1424536140465,3.0543262E-4,-0.124005646,-0.2959642
1424536140491,0.050701816,-0.12583824,-0.28099802
1424536140494,0.10567969,-0.12950343,-0.27672195
1424536140495,0.15241088,-0.11636983,-0.26633725
1424536140508,0.16707164,-0.09193522,-0.24495697
1424536140521,0.15515977,-0.08368854,-0.23151793
1424536140525,0.13683382,-0.09743301,-0.24648413
1424536140537,0.112399206,-0.12370021,-0.2929099
1424536140547,0.0842994,-0.13805555,-0.31948254
1424536140558,0.07422013,-0.15577064,-0.3585779
1424536140566,0.055588737,-0.15974127,-0.38515055
1424536140577,0.038789943,-0.16218472,-0.42546764
1424536140587,0.047647487,-0.17470746,-0.46486846
1424536140603,0.08093964,-0.15515977,-0.47219884
1424536140603,0.10048734,-0.10903945,-0.45448375
1424536140616,0.102319926,-0.06811147,-0.42455134
1424536140623,0.08032878,-0.03390302,-0.37751472
1424536140635,0.014660766,-0.01985312,-0.34208453
1424536140645,-0.034208454,-0.004581489,-0.33108896
1424536140658,-0.043066,-0.0036651916,-0.29932398
1424536140664,-0.0580322,-0.018325957,-0.24678956
1424536140679,-0.08277224,-0.04337143,-0.19028452
1424536140685,-0.109650314,-0.05009095,-0.14049901
1424536140696,-0.116675265,-0.034208454,-0.11209377
1424536140714,-0.09315695,-0.0067195175,-0.10048734
1424536140716,-0.036957346,0.008857546,-0.09865474
1424536140722,0.015577064,-0.0012217305,-0.106901415
1424536140733,0.028099801,-0.008552114,-0.110872045
1424536140743,0.025045475,-0.016798794,-0.1133155
1424536140753,0.0076358155,-0.009773844,-0.12308934
1424536140762,-0.024129177,0.009468411,-0.121256754
1424536140776,-0.055588737,0.02565634,-0.103847094
1424536140783,-0.0888809,0.03390302,-0.08857546
1424536140794,-0.1255328,0.03604105,-0.06536258
1424536140802,-0.15118915,0.02443461,-0.046731193
1424536140817,-0.15821409,0.012217305,-0.03940081
1424536140826,-0.13713925,0.013439035,-0.034208454
1424536140843,-0.095294975,0.016493361,-0.029321533
1424536140844,-0.0720821,0.02321288,-0.008857546
1424536140856,-0.032375857,0.029932396,0.016798794
1424536140864,-0.017104227,0.027794369,0.034208454
1424536140879,-0.037873644,0.015271631,0.047036625
1424536140883,-0.10567969,0.0021380284,0.064751714
1424536140896,-0.18295415,0.01160644,0.08093964
1424536140906,-0.23884831,0.037873644,0.084910266
1424536140915,-0.25289822,0.04795292,0.08093964
1424536140929,-0.22021692,0.05375614,0.077579886
1424536140939,-0.1600467,0.05681047,0.07696902
1424536140948,-0.13225232,0.047647487,0.07452556
1424536140976,-0.10323623,0.02565634,0.07544186
1424536140978,-0.103847094,0.0033597588,0.07574729
1424536140979,-0.10293079,-0.024129177,0.064751714
1424536140987,-0.07696902,-0.040927973,0.07147124
1424536140996,-0.060170226,-0.040927973,0.103847094
1424536141005,-0.08552113,0.027183503,0.14019357
1424536141027,-0.14446963,0.052839845,0.16218472
1424536141028,-0.21471913,0.046731193,0.16279559
1424536141038,-0.27855456,0.042760566,0.15760323
1424536141047,-0.30115658,0.04520403,0.1563815
1424536141087,-0.32559118,0.06291912,0.18448131
1424536141095,-0.33322698,0.057726767,0.21471913
1424536141096,-0.33322698,0.017104227,0.22785273
1424536141096,-0.3323107,-0.03481932,0.23182335
1424536141099,-0.3286455,-0.07727446,0.22540927
1424536141105,-0.31581733,-0.092240654,0.21991149
1424536141113,-0.3005457,-0.09468412,0.2284636
1424536141123,-0.29229903,-0.09315695,0.23671028
1424536141134,-0.2950479,-0.087659165,0.23701571
1424536141143,-0.2959642,-0.06261369,0.23182335
1424536141154,-0.2950479,-0.028405234,0.2321288
1424536141163,-0.2883284,-0.004276057,0.24709499
1424536141173,-0.28893927,-0.016798794,0.24770586
1424536141183,-0.2959642,-0.06566802,0.21777347
1424536141200,-0.2947425,-0.1020145,0.183565
1424536141203,-0.269697,-0.11636983,0.16249016
1424536141214,-0.21930063,-0.09560041,0.15057829
1424536141224,-0.1600467,-0.024740042,0.16065755
1424536141235,-0.13683382,0.005192355,0.17165314
1424536141243,-0.1423316,0.042760566,0.16676621
1424536141255,-0.14844026,0.06352998,0.10842858
1424536141263,-0.12889257,0.0711658,0.049480084
1424536141274,-0.10934488,0.06841691,0.0421497
1424536141283,-0.10048734,0.04153884,0.049785517
1424536141294,-0.081855945,0.00580322,0.04550946
1424536141304,-0.052839845,-0.015271631,0.054061573
1424536141315,-0.020463986,-0.032986723,0.058337633
1424536141325,0.033292156,-0.043066,0.048258353
1424536141340,0.103847094,-0.042455133,0.043676864
1424536141345,0.1301143,-0.035430185,0.044593163
1424536141358,0.1518,-0.023823744,0.05589417
1424536141368,0.14569137,0.0067195175,0.06352998
1424536141376,0.1282817,0.032986723,0.05589417
1424536141385,0.12003502,0.049480084,0.043676864
1424536141400,0.11789699,0.07086037,0.035430185
1424536141404,0.112704635,0.0888809,0.039095376
1424536141420,0.08674286,0.099265605,0.063224554
1424536141427,0.03359759,0.09560041,0.07422013
1424536141436,-0.007941248,0.06658431,0.06994407
1424536141449,-0.011301007,0.04917465,0.062308256
1424536141459,0.010079277,0.0720821,0.06963864
1424536141471,0.03756821,0.105068825,0.08979719
1424536141480,0.03848451,0.116675265,0.10720685
1424536141491,0.023823744,0.08246681,0.08307768
1424536141500,0.013133603,0.04184427,0.036651913
1424536141513,0.0030543262,0.03726278,0.014660766
1424536141523,-0.0036651916,0.047647487,0.013439035
1424536141525,0.014966198,0.044898596,-0.0076358155
1424536141534,0.031154128,0.021380283,-0.027794369
1424536141545,0.062308256,0.016187929,-0.06047566
1424536141555,0.08307768,0.04062254,-0.04886922
1424536141564,0.071776666,0.06719518,-0.017104227
1424536141576,0.043066,0.080634214,-0.0067195175
1424536141596,0.033292156,0.06872234,-0.01863139
1424536141596,0.052534413,0.070554934,-0.032375857
1424536141605,0.089491755,0.12003502,-0.024740042
1424536141616,0.11453723,0.18509217,0.0012217305
1424536141628,0.10751228,0.21899518,0.014966198
1424536141639,0.09743301,0.2883284,0.044593163
1424536141647,0.070554934,0.35063666,0.08399397
1424536141659,0.039095376,0.398895,0.11362094
1424536141668,0.009162978,0.43676865,0.12186762
1424536141679,-0.0143553335,0.4783075,0.11881329
1424536141688,-0.023518313,0.5317582,0.124005646
1424536141698,-0.011301007,0.58093286,0.14446963
1424536141706,0.008857546,0.61483586,0.15851954
1424536141716,0.03970624,0.6392705,0.15882497
1424536141728,0.082161374,0.6453791,0.1554652
1424536141739,0.10354166,0.6554584,0.14813483
1424536141776,0.14110987,0.6780604,0.1459968
1424536141777,0.16401732,0.70280045,0.1432479
1424536141778,0.1826487,0.7079928,0.124005646
1424536141779,0.19639318,0.66737026,0.07971791
1424536141788,0.20647246,0.61300325,0.0290161
1424536141795,0.2275473,0.5910121,-0.0067195175
1424536141803,0.23640485,0.56382865,-0.025045475
1424536141814,0.22632557,0.5235115,-0.0290161
1424536141823,0.19822577,0.50976706,-0.025045475
1424536141834,0.17165314,0.49754974,-0.0106901415
1424536141844,0.11789699,0.47311515,-0.004886922
1424536141855,0.10995574,0.42546764,-0.019242255
1424536141863,0.15027285,0.38515055,-0.040317107
1424536141875,0.19517145,0.32925636,-0.05222898
1424536141884,0.19883664,0.23457226,-0.050701816
1424536141896,0.15057829,0.13897185,-0.04642576
1424536141908,0.058643065,0.08155051,-0.04917465
1424536141919,-0.022602014,0.09743301,-0.04184427
1424536141928,-0.016493361,0.12675454,-0.032375857
1424536141939,0.018020526,0.18967366,-0.020158553
1424536141948,0.110872045,0.21777347,-0.027794369
1424536141961,0.18234327,0.19303341,-0.047647487
1424536141972,0.18173242,0.14385876,-0.05497787
1424536141986,0.112704635,0.08857546,-0.061391957
1424536141986,0.016798794,-0.052839845,-0.0888809
1424536142007,-0.028099801,-0.21746802,-0.14966199
1424536142007,-0.069027774,-0.15760323,-0.16737708
1424536142017,-0.2180789,-0.017104227,-0.13622294
1424536142024,-0.32589662,0.043676864,-0.13041973
1424536142035,-0.32650748,0.12064589,-0.12736541
1424536142044,-0.23793201,0.15271631,-0.1133155
1424536142055,-0.07360926,0.16218472,-0.09712757
1424536142064,0.08827003,0.116980694,-0.08857546
1424536142075,0.17165314,0.024129177,-0.09468412
1424536142100,0.17256944,-0.09193522,-0.113926366
1424536142100,0.13194689,-0.18295415,-0.124005646
1424536142104,0.08827003,-0.20799962,-0.09773844
1424536142116,0.06963864,-0.18051068,-0.05955936
1424536142124,0.09987647,-0.16249016,-0.046120327
1424536142137,0.12980886,-0.1441642,-0.030543262
1424536142145,0.18661933,-0.129198,-0.019242255
1424536142168,0.21105394,-0.086437434,-0.005192355
1424536142169,0.19150625,-0.051923547,-0.006414085
