1424536177013,988.44
1424536177194,988.44
1424536177373,988.45
1424536177554,988.38
1424536177738,988.4
1424536177916,988.47
1424536178098,988.52
1424536178276,988.48
1424536178488,988.53
1424536178640,988.57
1424536178847,988.59
1424536179006,988.49
1424536179187,988.45
1424536179365,988.54
1424536179546,988.49
1424536179718,988.64
1424536179897,988.55
1424536180076,988.55
1424536180256,988.51
1424536180436,988.95
1424536180619,988.5
1424536180832,988.53
1424536180979,988.4
1424536181158,988.3
1424536181339,989.1
1424536181517,988.4
1424536181709,986.96
1424536181911,988.33
1424536182059,988.63
1424536182242,988.25
1424536182419,988.73
1424536182610,988.1
1424536182791,988.55
1424536182967,988.41
1424536183140,988.43
1424536183319,988.65
1424536183503,988.73
1424536183683,988.32
1424536183864,988.59
1424536184043,988.48
1424536184223,988.45
1424536184405,988.6
1424536184604,988.74
1424536184766,988.38
1424536184946,988.57
1424536185120,988.48
1424536185312,988.43
1424536185483,988.6
1424536185664,988.62
1424536185841,988.15
1424536186028,988.59
1424536186203,988.38
1424536186385,988.42
1424536186563,988.54
1424536186745,988.72
1424536186925,988.2
1424536187104,988.53
1424536187288,988.34
1424536187463,988.49
1424536187643,988.46
1424536187823,988.56
1424536188003,988.55
1424536188183,988.42
1424536188365,988.52
1424536188544,988.45
1424536188726,988.4
1424536188911,988.59
1424536189099,988.5
1424536189269,988.31
1424536189449,988.45
1424536189624,988.64
1424536189808,988.45
1424536189991,988.61
1424536190167,988.69
1424536190350,988.34
1424536190530,988.54
1424536190706,988.62
1424536190891,988.4
1424536191070,988.58
1424536191249,988.71
1424536191432,988.38
1424536191621,988.56
1424536191787,988.69
1424536191967,988.42
1424536192147,988.59
1424536192335,988.46
1424536192511,988.37
1424536192723,988.51
1424536192892,988.48
1424536193051,988.38
1424536193228,988.67
1424536193408,988.36
1424536193591,988.6
1424536193774,988.37
1424536193953,988.6
1424536194134,988.62
1424536194315,988.54
1424536194494,987.99
1424536194675,988.53
1424536194864,988.4
1424536195033,988.58
1424536195224,988.58
1424536195424,988.67
1424536195595,988.09
1424536195753,988.55
1424536195945,988.38
1424536196124,988.56
1424536196294,988.59
1424536196472,988.6
1424536196673,988.02
1424536196835,988.61
1424536197014,988.3
1424536197196,988.56
1424536197374,988.63
1424536197583,988.67
1424536197734,988.03
1424536197914,988.52
1424536198106,988.34
1424536198273,988.53
1424536198459,988.6
1424536198637,988.71
1424536198818,988.03
1424536198999,988.56
1424536199176,988.38
1424536199360,988.37
1424536199539,988.62
1424536199719,988.82
1424536199899,988.41
1424536200076,988.51
1424536200255,988.63
1424536200439,988.34
1424536200621,988.6
1424536200795,988.68
1424536200975,988.33
1424536201161,988.53
1424536201335,988.42
1424536201522,988.38
1424536201730,988.63
1424536201878,988.4
1424536202056,988.48
1424536202252,988.41
1424536202422,988.61
1424536202602,988.64
1424536202779,988.64
1424536202961,988.06
1424536203142,988.54
1424536203323,988.38
1424536203503,988.38
1424536203682,988.67
1424536203858,988.75
1424536204043,988.37
1424536204223,988.58
1424536204399,988.6
1424536204584,988.38
1424536204765,988.7
1424536204941,988.62
1424536205121,988.27
1424536205303,988.48
1424536205480,988.46
1424536205663,988.36
1424536205844,988.69
1424536206022,988.49
1424536206204,988.61
1424536206395,988.38
1424536206566,988.59
1424536206745,988.66
1424536206923,988.63
1424536207106,988.03
1424536207285,988.63
1424536207471,988.32
1424536207642,988.38
1424536207832,988.64
1424536208002,988.75
1424536208203,988.36
1424536208362,988.55
1424536208550,988.62
1424536208723,988.39
1424536208903,988.56
1424536209083,988.61
1424536209266,988.28
1424536209449,988.47
1424536209623,988.45
1424536209806,988.35
1424536209998,988.61
1424536210165,988.38
1424536210349,988.48
1424536210532,988.36
1424536210709,988.39
1424536210891,988.63
1424536211065,988.77
1424536211251,988.34
1424536211431,988.48
1424536211605,988.61
1424536211791,988.38
1424536211970,988.54
1424536212146,988.59
1424536212336,988.29
1424536212511,988.53
1424536212686,988.51
1424536212872,988.34
1424536213048,988.57
1424536213228,988.58
1424536213409,988.52
1424536213592,988.38
1424536213771,988.56
1424536213951,988.6
1424536214144,988.7
1424536214313,988.14
1424536214494,988.64
1424536214669,988.51
1424536214852,988.44
1424536215035,988.62
1424536215213,988.54
1424536215394,988.38
1424536215570,988.44
1424536215750,988.54
1424536215930,988.43
1424536216111,988.7
1424536216290,988.35
1424536216470,988.52
1424536216650,988.41
1424536216830,988.56
1424536217022,988.63
1424536217231,988.7
1424536217370,988.1
1424536217550,988.57
1424536217734,988.38
1424536217911,988.38
1424536218091,988.65
1424536218271,988.82
1424536218455,988.31
1424536218640,988.49
1424536218814,988.68
1424536218995,988.38
1424536219178,988.64
1424536219357,988.56
1424536219537,988.34
1424536219717,988.51
1424536219896,988.57
1424536220077,988.39
1424536220259,988.68
1424536220439,988.46
1424536220619,988.61
1424536220799,988.44
1424536220979,988.46
1424536221159,988.72
1424536221347,988.76
1424536221518,988.3
1424536221700,988.62
1424536221880,988.47
1424536222058,988.47
1424536222239,988.7
1424536222420,988.8
1424536222599,988.35
1424536222780,988.58
1424536222961,988.57
1424536223141,988.38
1424536223320,988.6
1424536223502,988.55
1424536223681,988.55
1424536223860,988.4
1424536224049,988.63
1424536224221,988.73
1424536224402,988.8
1424536224590,988.13
1424536224761,988.63
1424536224942,988.48
1424536225123,988.52
1424536225301,988.63
1424536225483,988.79
1424536225664,988.37
1424536225844,988.61
1424536226021,988.67
1424536226202,988.26
1424536226382,988.65
1424536226562,988.47
1424536226744,988.5
1424536226922,988.4
1424536227105,988.72
1424536227284,988.7
1424536227469,988.79
1424536227646,988.24
1424536227826,988.64
1424536228002,988.67
1424536228186,988.48
1424536228367,988.62
1424536228546,988.63
1424536228724,988.38
1424536228909,988.52
1424536229088,988.75
1424536229268,988.52
1424536229513,988.76
1424536229623,988.23
1424536229803,988.62
1424536229990,988.42
1424536230167,988.43
1424536230350,988.67
1424536230528,988.76
1424536230706,988.24
1424536230888,988.62
1424536231069,988.46
1424536231251,988.51
1424536231424,988.67
1424536231605,988.82
1424536231785,988.38
1424536231964,988.52
1424536232149,988.61
1424536232326,988.41
1424536232509,988.6
1424536232690,988.59
1424536232871,988.38
1424536233049,988.51
1424536233230,988.67
1424536233411,988.41
1424536233591,988.73
1424536233772,988.29
1424536233950,988.62
1424536234131,988.41
1424536234311,988.54
1424536234488,988.71
1424536234668,988.73
1424536234853,988.29
1424536235033,988.55
1424536235213,988.69
1424536235392,988.44
1424536235573,988.65
1424536235752,988.56
1424536235933,988.53
1424536236113,988.39
1424536236294,988.69
1424536236474,988.64
1424536236654,988.75
1424536236833,988.21
1424536237013,988.64
1424536237193,988.47
1424536237372,988.47
1424536237555,988.64
1424536237736,988.72
1424536237912,988.24
1424536238095,988.63
1424536238275,988.46
1424536238456,988.57
1424536238636,988.74
1424536238813,988.68
1424536238993,988.21
1424536239175,988.69
1424536239354,988.5
1424536239538,988.52
1424536239721,988.69
1424536239897,988.73
1424536240077,988.2
1424536240256,988.71
1424536240438,988.44
1424536240617,988.54
1424536240798,988.74
1424536240977,988.68
1424536241158,988.25
1424536241334,988.66
1424536241522,988.57
1424536241698,988.55
1424536241879,988.6
1424536242059,988.57
1424536242238,988.63
1424536242418,988.65
1424536242598,988.46
1424536242779,988.49
1424536242959,988.53
1424536243140,988.49
1424536243320,988.44
1424536243497,988.25
1424536243677,988.54
1424536243865,988.5
1424536244037,987.75
1424536244220,988.56
1424536244398,988.45
1424536244635,990.07
1424536244756,987.66
1424536244937,988.12
1424536245117,988.48
1424536245297,988.7
1424536245477,988.46
1424536245657,988.19
1424536245838,988.02
1424536246018,988.31
1424536246198,988.52
1424536246378,988.52
1424536246576,988.65
1424536246738,988.38
1424536246926,988.83
1424536247099,988.56
1424536247279,988.32
1424536247459,988.47
1424536247647,988.41
1424536247823,988.56
1424536248013,988.39
1424536248185,988.5
