1424535842800,989.26
1424535842968,989.26
1424535843149,989.31
1424535843329,989.33
1424535843520,989.28
1424535843691,989.26
1424535843878,989.3
1424535844054,989.38
1424535844234,989.3
1424535844415,989.28
1424535844589,989.28
1424535844779,989.29
1424535845027,989.2
1424535845130,989.28
1424535845310,989.42
1424535845490,989.35
1424535845670,989.64
1424535845851,989.4
1424535846031,989.39
1424535846211,989.36
1424535846391,989.36
1424535846573,989.33
1424535846751,989.83
1424535846931,989.36
1424535847115,989.99
1424535847295,989.5
1424535847475,989.21
1424535847657,989.39
1424535847833,990.85
1424535848017,987.61
1424535848199,988.9
1424535848377,989.23
1424535848554,989.18
1424535848737,989.77
1424535848975,989.07
1424535849094,989.48
1424535849278,989.77
1424535849457,989.0
1424535849637,989.52
1424535849818,989.46
1424535849998,989.55
1424535850179,989.44
1424535850361,989.68
1424535850540,989.48
1424535850724,989.48
1424535850901,989.37
1424535851079,989.51
1424535851262,989.13
1424535851438,989.45
1424535851620,989.52
1424535851799,989.39
1424535851982,989.45
1424535852161,989.49
1424535852342,989.26
1424535852537,989.62
1424535852701,989.51
1424535852882,989.52
1424535853063,989.34
1424535853246,989.7
1424535853421,989.42
1424535853603,989.61
1424535853782,989.37
1424535853961,989.51
1424535854144,989.33
1424535854324,989.49
1424535854504,989.53
1424535854683,989.6
1424535854862,989.23
1424535855045,989.61
1424535855224,989.37
1424535855405,989.59
1424535855581,989.58
1424535855760,989.5
1424535855941,989.17
1424535856131,989.59
1424535856304,989.46
1424535856482,989.52
1424535856663,989.53
1424535856842,989.71
1424535857026,988.97
1424535857205,989.65
1424535857385,989.47
1424535857567,989.41
1424535857747,989.63
1424535857925,989.71
1424535858109,989.01
1424535858289,989.52
1424535858468,989.57
1424535858649,989.41
1424535858825,989.65
1424535859008,989.95
1424535859184,989.08
1424535859368,989.5
1424535859548,989.62
1424535859737,989.21
1424535859907,989.66
1424535860099,989.84
1424535860268,989.14
1424535860450,989.49
1424535860629,989.59
1424535860814,989.1
1424535860991,989.61
1424535861170,989.68
1424535861351,989.22
1424535861535,989.51
1424535861706,989.42
1424535861888,989.19
1424535862071,989.54
1424535862250,989.53
1424535862432,989.3
1424535862626,989.39
1424535862789,989.39
1424535862971,989.53
1424535863152,989.52
1424535863332,988.86
1424535863513,989.58
1424535863692,989.45
1424535863871,989.43
1424535864052,989.53
1424535864233,989.67
1424535864414,988.88
1424535864594,989.58
1424535864772,989.37
1424535864953,989.45
1424535865133,989.57
1424535865313,989.88
1424535865494,989.21
1424535865673,989.54
1424535865851,989.55
1424535866034,989.3
1424535866215,989.62
1424535866396,989.75
1424535866576,989.07
1424535866755,989.45
1424535866934,989.51
1424535867116,989.24
1424535867296,989.59
1424535867476,989.93
1424535867653,989.06
1424535867833,989.51
1424535868014,989.4
1424535868195,989.44
1424535868384,989.45
1424535868555,989.59
1424535868737,989.03
1424535868923,989.53
1424535869099,989.49
1424535869278,989.24
1424535869458,989.64
1424535870117,989.93
1424535870118,989.11
1424535870118,989.52
1424535870173,989.49
1424535870355,989.12
1424535870534,989.44
1424535870718,989.69
1424535870898,989.22
1424535871083,989.4
1424535871259,989.61
1424535871436,988.99
1424535871620,989.47
1424535871816,989.64
1424535871980,989.26
1424535872161,989.37
1424535872341,989.6
1424535872521,989.13
1424535872701,989.65
1424535872880,989.63
1424535873061,989.05
1424535873243,989.37
1424535873418,989.46
1424535873602,989.01
1424535873782,989.58
1424535873958,989.63
1424535874143,989.22
1424535874323,989.22
1424535874504,989.5
1424535874683,989.3
1424535874862,989.7
1424535875043,988.86
1424535875223,989.57
1424535875403,989.55
1424535875584,989.05
1424535875762,989.53
1424535875943,989.78
1424535876124,989.05
1424535876310,989.41
1424535876533,989.47
1424535876695,989.18
1424535876840,989.51
1424535877023,989.49
1424535877202,989.25
1424535877383,989.31
1424535877562,989.54
1424535877746,989.3
1424535877922,989.09
1424535878104,989.42
1424535878287,989.29
1424535878468,989.47
1424535878648,989.42
1424535878845,989.3
1424535879003,989.59
1424535879183,989.18
1424535879368,989.65
1424535879547,989.26
1424535879730,989.39
1424535879907,989.58
1424535880089,989.21
1424535880271,989.41
1424535880448,989.36
1424535880629,989.06
1424535880825,989.5
1424535880987,989.42
1424535881169,989.21
1424535881350,989.32
1424535881526,989.38
1424535881710,989.17
1424535881888,989.53
1424535882070,989.4
1424535882251,989.28
1424535882429,989.27
1424535882609,989.42
1424535882805,989.27
1424535882969,989.42
1424535883152,988.98
1424535883332,989.41
1424535883512,989.28
1424535883692,989.39
1424535883871,989.38
1424535884051,989.49
1424535884232,989.02
1424535884413,989.45
1424535884592,989.19
1424535884773,989.41
1424535884955,989.36
1424535885129,989.52
1424535885312,988.84
1424535885494,989.45
1424535885674,989.3
1424535885851,989.34
1424535886033,989.41
1424535886214,989.78
1424535886395,988.9
1424535886575,989.48
1424535886755,989.42
1424535886931,989.09
1424535887115,989.5
1424535887295,989.82
1424535887476,988.97
1424535887655,989.46
1424535887833,989.54
1424535888014,989.04
1424535888195,989.5
1424535888376,989.72
1424535888552,988.99
1424535888734,989.48
1424535888916,989.53
1424535889095,989.13
1424535889277,989.45
1424535889458,989.65
1424535889636,989.17
1424535889819,989.5
1424535889995,989.56
1424535890178,989.17
1424535890357,989.5
1424535890537,989.79
1424535890719,989.12
1424535890897,989.67
1424535891075,989.49
1424535891259,989.13
1424535891439,989.39
1424535891619,989.67
1424535891802,989.17
1424535891979,989.73
1424535892159,989.52
1424535892339,989.11
1424535892519,989.4
1424535892699,989.39
1424535892879,989.52
1424535893059,989.68
1424535893241,989.54
1424535893422,989.0
1424535893625,989.28
1424535893780,989.57
1424535893960,989.35
1424535894141,989.65
1424535894320,989.46
1424535894501,989.18
1424535894683,989.49
1424535894860,989.78
1424535895040,989.02
1424535895223,989.5
1424535895405,989.5
1424535895584,989.11
1424535895764,989.52
1424535895943,989.91
1424535896123,989.01
1424535896304,989.54
1424535896484,989.46
1424535896662,989.09
1424535896843,989.52
1424535897024,989.56
1424535897204,989.25
1424535897383,989.41
1424535897561,989.47
1424535897744,989.28
1424535897923,989.49
1424535898106,989.62
1424535898286,989.29
1424535898466,989.24
1424535898645,989.39
1424535898832,989.41
1424535899013,989.64
1424535899188,988.85
1424535899368,989.61
1424535899546,989.49
1424535899728,989.42
1424535899904,989.54
1424535900092,989.84
1424535900269,989.03
1424535900449,989.54
1424535900625,989.53
1424535900806,989.07
1424535900984,989.68
1424535901168,989.61
1424535901344,989.26
1424535901529,989.36
1424535901757,989.49
1424535901888,989.33
1424535902066,989.57
1424535902250,989.01
1424535902429,989.57
1424535902606,989.45
1424535902807,989.48
1424535902970,989.61
1424535903149,989.9
1424535903331,989.04
1424535903510,989.6
1424535903687,989.61
1424535903869,989.19
1424535904048,989.71
1424535904229,989.76
1424535904412,989.09
1424535904592,989.57
1424535904772,989.65
1424535904951,989.08
1424535905133,989.61
1424535905313,989.82
1424535905493,989.04
1424535905673,989.51
1424535905852,989.66
1424535906031,989.08
1424535906213,989.57
1424535906394,989.73
1424535906574,989.18
1424535906753,989.44
1424535906932,989.41
1424535907114,989.19
1424535907295,989.69
1424535907475,989.23
1424535907655,989.49
1424535907833,989.27
1424535908014,989.45
1424535908195,989.4
1424535908376,989.65
1424535908556,988.95
1424535908733,989.52
1424535908915,989.31
1424535909095,989.5
1424535909277,989.52
1424535909458,989.7
1424535909636,988.93
1424535909819,989.55
1424535909996,989.48
1424535910176,989.32
1424535910365,989.48
1424535910536,989.85
1424535910715,989.02
1424535910896,989.54
1424535911076,989.48
1424535911258,989.22
1424535911437,989.51
1424535911618,989.88
1424535911801,989.03
1424535911977,989.54
1424535912159,989.48
1424535912339,989.19
1424535912519,989.52
1424535912700,989.84
1424535912879,989.05
1424535913059,989.48
1424535913239,989.48
1424535913419,989.1
1424535913599,989.58
1424535913779,989.79
1424535913957,989.09
1424535914141,989.61
1424535914321,989.66
1424535914502,989.12
1424535914680,989.61
1424535914860,989.68
1424535915041,989.17
1424535915234,989.43
1424535915440,989.6
1424535915578,989.1
1424535915762,989.61
1424535915942,989.65
1424535916121,989.21
1424535916304,989.35
1424535916483,989.58
1424535916664,989.1
1424535916839,989.59
1424535917022,989.63
1424535917203,989.18
1424535917382,989.33
1424535917564,989.58
1424535917745,989.12
1424535917922,989.55
1424535918102,989.5
1424535918285,989.26
1424535918463,989.28
1424535918642,989.47
1424535918821,989.24
1424535919005,989.47
1424535919183,989.34
1424535919366,989.35
1424535919546,989.32
1424535919727,989.51
1424535919904,989.13
1424535920084,989.52
1424535920265,989.52
1424535920445,989.31
1424535920629,989.27
1424535920806,989.54
1424535920987,989.23
1424535921166,989.42
1424535921344,989.31
1424535921527,989.41
1424535921709,989.25
1424535921887,989.39
1424535922069,989.18
1424535922249,989.35
1424535922428,989.09
1424535922609,989.46
1424535922807,989.23
1424535922969,989.4
1424535923149,989.53
1424535923330,989.57
1424535923510,988.81
1424535923689,989.55
1424535923869,989.25
1424535924049,989.32
1424535924231,989.42
1424535924410,989.59
1424535924591,988.82
1424535924771,989.52
1424535924951,989.36
1424535925132,989.38
1424535925312,989.46
1424535925491,989.38
1424535925670,988.89
1424535925850,989.52
1424535926032,989.14
1424535926213,989.3
1424535926393,989.44
1424535926573,989.66
1424535926753,988.83
1424535926932,989.47
1424535927112,989.4
1424535927294,989.28
1424535927471,989.5
1424535927653,989.74
1424535927832,988.9
1424535928013,989.45
1424535928192,989.42
1424535928375,989.09
1424535928559,989.54
1424535928735,989.73
1424535928914,989.03
1424535929094,989.52
1424535929276,989.49
1424535929456,989.09
1424535929641,989.57
1424535929825,989.75
1424535929995,989.08
1424535930176,989.57
1424535930357,989.34
1424535930538,989.13
1424535930718,989.48
1424535930893,989.64
1424535931075,989.06
1424535931259,989.41
1424535931436,989.56
1424535931617,989.03
1424535931807,989.42
1424535931974,989.3
1424535932165,989.35
1424535932334,989.17
1424535932519,989.32
1424535932697,989.45
1424535932878,989.57
1424535933057,988.9
1424535933238,989.57
1424535933420,989.27
1424535933600,989.33
1424535933780,989.34
1424535933959,989.66
1424535934140,988.87
1424535934320,989.54
1424535934499,989.39
1424535934681,989.29
1424535934860,989.56
1424535935043,989.66
1424535935222,989.02
1424535935402,989.55
1424535935582,989.38
1424535935762,989.42
1424535935941,989.33
1424535936122,989.39
1424535936302,989.2
1424535936482,989.34
1424535936661,989.29
1424535936841,989.26
1424535937022,989.37
1424535937201,989.44
1424535937403,989.6
1424535937563,989.21
1424535937741,989.74
1424535937923,989.32
1424535938104,988.94
1424535938283,989.37
1424535938465,989.84
1424535938645,989.01
1424535938822,989.46
1424535939004,989.44
1424535939185,989.2
1424535939365,989.39
1424535939545,989.52
1424535939726,988.91
1424535939903,989.43
1424535940084,989.12
1424535940280,989.28
1424535940446,989.31
1424535940623,989.35
1424535940802,988.92
1424535940986,989.4
1424535941163,989.11
1424535941343,989.26
1424535941525,989.3
1424535941703,989.32
1424535941887,988.85
1424535942066,989.48
1424535942244,989.1
1424535942429,989.27
1424535942608,989.38
1424535942797,989.58
1424535942968,988.78
1424535943148,989.46
1424535943325,989.2
1424535943508,989.28
1424535943689,989.47
1424535943865,989.49
1424535944049,988.73
1424535944230,989.51
1424535944409,989.17
1424535944589,989.25
1424535944771,989.38
1424535944952,989.42
1424535945129,988.72
1424535945308,989.48
1424535945509,989.23
1424535945672,989.24
1424535945849,989.37
1424535946027,989.46
1424535946212,988.84
1424535946390,989.6
1424535946572,989.19
1424535946751,989.28
1424535946930,989.26
1424535947113,989.41
1424535947290,989.35
1424535947473,989.34
1424535947653,989.23
1424535947831,989.24
1424535948013,989.22
1424535948192,989.53
1424535948384,989.44
1424535948553,989.22
1424535948734,989.3
1424535948913,989.48
1424535949091,989.3
1424535949303,989.64
1424535949453,988.82
1424535949666,989.48
1424535949812,989.35
1424535949993,989.31
1424535950172,989.53
1424535950353,989.65
1424535950536,988.87
1424535950715,989.49
1424535950895,989.44
1424535951073,989.13
1424535951255,989.57
1424535951433,989.79
1424535951617,989.02
1424535951797,989.48
1424535951976,989.47
1424535952155,989.0
1424535952339,989.58
1424535952516,989.66
1424535952699,989.09
1424535952878,989.4
1424535953056,989.42
1424535953237,989.1
1424535953420,989.49
1424535953599,989.56
1424535953782,989.23
1424535953964,989.34
1424535954139,989.35
1424535954319,989.22
1424535954500,989.5
1424535954679,989.42
1424535954859,989.34
1424535955038,989.3
1424535955221,989.39
1424535955401,989.32
1424535955579,989.48
1424535955761,988.99
1424535955939,989.57
1424535956120,989.34
1424535956301,989.47
1424535956480,989.51
1424535956662,989.67
1424535956841,989.02
1424535957021,989.6
1424535957201,989.5
1424535957381,989.34
1424535957563,989.65
1424535957743,989.78
1424535957920,989.13
1424535958104,989.54
1424535958283,989.55
1424535958464,989.22
1424535958644,989.54
1424535958822,989.77
1424535959003,989.11
1424535959184,989.5
1424535959366,989.59
1424535959542,989.23
1424535959725,989.56
1424535959904,989.87
1424535960095,989.13
1424535960261,989.56
1424535960444,989.56
1424535960624,988.99
1424535960804,989.56
1424535960988,989.84
1424535961166,989.14
1424535961345,989.55
1424535961526,989.51
1424535961703,989.25
1424535961886,989.59
1424535962069,989.8
1424535962243,989.1
1424535962427,989.6
1424535962608,989.47
1424535962785,989.29
1424535962967,989.52
1424535963148,989.55
1424535963327,989.64
1424535963508,989.29
1424535963688,989.41
1424535963868,989.52
1424535964047,989.14
1424535964233,989.65
1424535964409,989.74
1424535964589,989.23
1424535964768,989.49
1424535964945,989.57
1424535965126,989.13
1424535965335,989.63
1424535965489,989.84
1424535965668,989.12
1424535965847,989.62
1424535966029,989.65
1424535966208,989.23
1424535966399,989.52
1424535966571,989.83
1424535966750,989.23
1424535966931,989.6
1424535967112,989.46
1424535967292,989.34
1424535967472,989.36
1424535967659,989.59
1424535967828,989.36
1424535968011,989.36
1424535968192,989.28
1424535968372,989.24
1424535968553,989.32
1424535968731,989.57
1424535968913,989.7
1424535969094,989.38
1424535969273,989.42
1424535969454,989.52
1424535969633,989.2
1424535969818,989.63
1424535969994,989.8
1424535970175,989.21
1424535970369,989.49
1424535970534,989.4
1424535970711,989.4
1424535970894,989.24
1424535971073,989.5
1424535971256,989.54
1424535971432,989.27
1424535971616,989.41
1424535971798,989.48
1424535971973,989.22
1424535972158,989.46
1424535972333,989.49
1424535972513,989.31
1424535972694,989.33
1424535972874,989.4
1424535973055,989.44
1424535973239,989.27
1424535973419,989.38
1424535973596,989.48
1424535973778,989.54
1424535973973,989.49
1424535974138,989.08
1424535974318,989.52
1424535974565,989.41
1424535974679,989.37
1424535974858,989.2
1424535975035,989.35
1424535975218,989.75
1424535975400,989.44
1424535975579,989.25
1424535975756,989.32
1424535975936,989.18
1424535976115,989.06
1424535976300,989.32
1424535976476,989.65
1424535976659,989.12
1424535976839,989.24
1424535977019,989.56
1424535977209,989.28
1424535977380,990.32
1424535977558,990.27
1424535977736,986.94
1424535977919,989.5
1424535978096,989.43
1424535978277,989.0
1424535978460,989.33
1424535978651,989.42
1424535978818,989.38
1424535978998,989.27
1424535979178,989.38
1424535979358,989.28
1424535979539,989.36
1424535979718,989.29
1424535979900,989.24
1424535980087,989.25
1424535980259,989.38
1424535980439,989.4
1424535980619,989.29
1424535980843,989.33
1424535980985,989.31
1424535981159,989.32
1424535981342,989.39
1424535981520,989.44
1424535981703,989.4
1424535981880,988.98
1424535982061,989.37
1424535982240,989.4
1424535982420,989.63
