1456974484359,991.95483
1456974484389,991.95483
1456974484420,991.95483
1456974484449,991.95483
1456974484508,991.95526
1456974484539,991.9648
1456974484569,991.962
1456974484599,991.95483
1456974484629,991.95996
1456974484659,991.9648
1456974484689,991.9648
1456974484721,991.9561
1456974484749,991.95483
1456974484809,991.9648
1456974484839,991.9648
1456974484869,991.9648
1456974484899,991.96936
1456974484929,991.9748
1456974484959,991.9679
1456974484990,991.9648
1456974485019,991.97406
1456974485079,991.9748
1456974485109,991.9748
1456974485140,991.9748
1456974485169,991.9748
1456974485199,991.9748
1456974485237,991.9748
1456974485260,991.9748
1456974485290,991.98346
1456974485320,991.9848
1456974485380,991.9848
1456974485410,991.9848
1456974485440,991.9848
1456974485470,991.9848
1456974485500,991.9848
1456974485530,991.9848
1456974485560,991.9848
1456974485591,991.9848
1456974485650,991.9848
1456974485680,991.9848
1456974485713,991.9848
1456974485740,991.9848
1456974485771,991.9848
1456974485801,991.9848
1456974485830,991.9848
1456974485860,991.9848
1456974485902,991.9848
1456974485951,991.9848
1456974485981,991.9848
1456974486011,991.9881
1456974486041,991.99475
1456974486071,991.99475
1456974486101,991.99475
1456974486131,991.99475
1456974486163,991.99475
1456974486221,991.9951
1456974486251,992.00476
1456974486285,992.00476
1456974486311,992.00476
1456974486341,992.00476
1456974486371,992.00476
1456974486403,992.00476
1456974486432,992.00476
1456974486462,992.00476
1456974486521,992.00476
1456974486551,992.00476
1456974486581,992.00476
1456974486612,992.00476
1456974486642,992.00476
1456974486672,992.00476
1456974486701,992.00476
1456974486733,992.00476
1456974486792,992.00476
1456974486822,992.00476
1456974486852,992.00745
1456974486884,992.0148
1456974486916,992.0148
1456974486942,992.0148
1456974486972,992.0148
1456974487003,992.0148
1456974487063,992.0148
1456974487092,992.0148
1456974487123,992.0148
1456974487152,992.0148
1456974487182,992.0148
1456974487212,992.0148
1456974487241,992.0148
1456974487272,992.0148
1456974487301,992.0148
1456974487368,992.0148
1456974487397,992.0148
1456974487424,992.0148
1456974487458,992.0148
1456974487483,992.0148
1456974487517,992.0148
1456974487549,992.0148
1456974487579,992.0148
1456974487608,992.0148
1456974487664,992.0248
1456974487699,992.0248
1456974487724,992.0214
1456974487778,992.0148
1456974487786,992.02045
1456974487814,992.0248
1456974487847,992.0248
1456974487883,992.0248
1456974487933,992.0248
1456974487963,992.0248
1456974487992,992.0248
1456974488024,992.0287
1456974488052,992.0348
1456974488082,992.0348
1456974488113,992.0422
1456974488144,992.04474
1456974488178,992.04474
1456974488233,992.04376
1456974488263,992.0348
1456974488294,992.0348
1456974488328,992.0348
1456974488353,992.0348
1456974488383,992.0348
1456974488413,992.0348
1456974488445,992.0348
1456974488504,992.03436
1456974488534,992.0248
1456974488563,992.0248
1456974488594,992.0248
1456974488624,992.0248
1456974488654,992.0248
1456974488684,992.0248
1456974488714,992.0248
1456974488778,992.03455
1456974488803,992.03375
1456974488833,992.0248
1456974488863,992.0248
1456974488908,992.0248
1456974488924,992.0248
1456974488954,992.0248
1456974488984,992.0248
1456974489019,992.0248
1456974489076,992.0248
1456974489114,992.0248
1456974489136,992.0248
1456974489165,992.0248
1456974489197,992.0248
1456974489226,992.0248
1456974489271,992.0248
1456974489295,992.0334
1456974489316,992.0348
1456974489379,992.0348
1456974489406,992.0326
1456974489441,992.0248
1456974489469,992.0248
1456974489500,992.0248
1456974489527,992.0248
1456974489560,992.0248
1456974489586,992.0248
1456974489654,992.0248
1456974489677,992.0248
1456974489706,992.0248
1456974489736,992.0248
1456974489776,992.0248
1456974489794,992.0248
1456974489824,992.0248
1456974489854,992.0248
1456974489907,992.0248
1456974489945,992.0248
1456974489975,992.0248
1456974490005,992.02136
1456974490037,992.0148
1456974490079,992.0148
1456974490096,992.0148
1456974490126,992.0148
1456974490157,992.0148
1456974490217,992.0148
1456974490246,992.0131
1456974490277,992.00476
1456974490306,992.0088
1456974490336,992.0148
1456974490366,992.0148
1456974490398,992.0148
1456974490427,992.0148
1456974490458,992.0148
1456974490517,992.0148
1456974490546,992.0148
1456974490577,992.0148
1456974490607,992.0148
1456974490639,992.0148
1456974490671,992.0148
1456974490697,992.0148
1456974490727,992.0148
1456974490788,992.0148
1456974490818,992.0148
1456974490851,992.0176
1456974490877,992.0248
1456974490907,992.0248
1456974490938,992.0248
1456974490969,992.0248
1456974491001,992.0248
1456974491031,992.0248
1456974491094,992.0248
1456974491121,992.0248
1456974491150,992.0248
1456974491180,992.02014
1456974491211,992.0148
1456974491236,992.0148
1456974491270,992.0148
1456974491297,992.0148
1456974491356,992.0148
1456974491387,992.0148
1456974491417,992.0148
1456974491447,992.0148
1456974491478,992.0148
1456974491510,992.0148
1456974491537,992.0148
1456974491567,992.006
1456974491597,992.00476
1456974491658,992.00476
1456974491691,992.00476
1456974491723,992.00476
1456974491755,992.00476
1456974491784,992.00476
1456974491810,992.00476
1456974491837,992.00476
1456974491867,992.00476
1456974491927,992.0148
1456974491957,992.0148
1456974491987,992.0148
1456974492017,992.0107
1456974492049,992.00476
1456974492090,992.00476
1456974492123,992.00476
1456974492137,992.00476
1456974492167,992.00476
1456974492228,992.00476
1456974492257,992.00476
1456974492287,992.00476
1456974492318,992.00476
1456974492347,992.00476
1456974492380,992.00476
1456974492408,992.00476
1456974492438,992.00476
1456974492497,992.0148
1456974492527,992.0148
1456974492557,992.0148
1456974492587,992.0148
1456974492617,992.0095
1456974492647,992.00476
1456974492678,992.00476
1456974492708,992.00476
1456974492738,992.00476
1456974492798,992.0059
1456974492828,992.0148
1456974492858,992.0112
1456974492890,992.00476
1456974492918,992.0106
1456974492948,992.0148
1456974492978,992.0148
1456974493008,992.0148
1456974493068,992.0148
1456974493098,992.0148
1456974493128,992.0148
1456974493158,992.0148
1456974493188,992.0148
1456974493218,992.0148
1456974493248,992.0148
1456974493278,992.0148
1456974493338,992.00476
1456974493368,992.00476
1456974493398,992.00714
1456974493428,992.0148
1456974493459,992.0148
1456974493488,992.0148
1456974493519,992.0148
1456974493549,992.0148
1456974493578,992.0148
1456974493639,992.0148
1456974493669,992.0148
1456974493699,992.0148
1456974493728,992.0148
1456974493759,992.0148
1456974493790,992.0148
1456974493818,992.0148
1456974493849,992.0236
1456974493909,992.0247
1456974493939,992.0148
1456974493969,992.01715
1456974493999,992.0248
1456974494029,992.0248
1456974494059,992.0248
1456974494089,992.0248
1456974494119,992.0165
1456974494149,992.0148
1456974494209,992.0148
1456974494239,992.0148
1456974494269,992.0148
1456974494299,992.0148
1456974494330,992.0148
1456974494359,992.0148
1456974494389,992.0148
1456974494419,992.0148
1456974494479,992.0148
1456974494510,992.0148
1456974494540,992.0148
1456974494570,992.0148
1456974494600,992.0148
1456974494630,992.0148
1456974494660,992.0148
1456974494690,992.0148
1456974494720,992.0148
1456974494781,992.0248
1456974494810,992.0248
1456974494840,992.0248
1456974494870,992.0248
1456974494900,992.0248
1456974494930,992.0248
1456974494960,992.0248
1456974494990,992.0248
1456974495050,992.0248
1456974495080,992.0248
1456974495111,992.0248
1456974495140,992.0248
1456974495170,992.0248
1456974495201,992.0248
1456974495231,992.0248
1456974495260,992.0248
1456974495291,992.0248
1456974495351,992.0248
1456974495381,992.0248
1456974495411,992.0248
1456974495441,992.0248
1456974495471,992.0248
1456974495505,992.0248
1456974495533,992.0248
1456974495565,992.0248
1456974495628,992.0248
1456974495655,992.0248
1456974495685,992.0248
1456974495713,992.0248
1456974495743,992.0248
1456974495773,992.0248
1456974495833,992.0248
1456974495833,992.0248
1456974495861,992.0248
1456974495926,992.0248
1456974495955,992.0248
1456974495982,992.0248
1456974496013,992.0248
1456974496046,992.0248
1456974496076,992.0313
1456974496106,992.0348
1456974496136,992.0259
1456974496191,992.0248
1456974496223,992.0248
1456974496254,992.0248
1456974496283,992.0248
1456974496313,992.0248
1456974496346,992.0248
1456974496373,992.0248
1456974496404,992.0248
1456974496439,992.0248
1456974496497,992.0248
1456974496528,992.0248
1456974496554,992.0248
1456974496584,992.0205
1456974496618,992.0148
1456974496648,992.02136
1456974496698,992.0248
1456974496712,992.0248
1456974496762,992.0248
1456974496792,992.0248
1456974496822,992.0248
1456974496852,992.0248
1456974496882,992.0248
1456974496914,992.0248
1456974496946,992.0248
1456974496977,992.0248
1456974497007,992.0248
1456974497067,992.0248
1456974497097,992.0248
1456974497127,992.0248
1456974497155,992.0248
1456974497187,992.0248
1456974497214,992.0248
1456974497247,992.0248
1456974497279,992.0248
1456974497332,992.0148
1456974497362,992.0161
1456974497394,992.0248
1456974497424,992.0248
1456974497457,992.0248
1456974497483,992.0248
1456974497516,992.0248
1456974497543,992.0248
1456974497576,992.0248
1456974497635,992.0248
1456974497671,992.0248
1456974497695,992.0248
1456974497725,992.0248
1456974497756,992.0248
1456974497785,992.0248
1456974497818,992.01697
1456974497846,992.0148
1456974497910,992.0148
1456974497938,992.0148
1456974497968,992.0122
1456974497996,992.00476
1456974498028,992.00476
1456974498058,992.00476
1456974498093,992.01196
1456974498119,992.0148
1456974498145,992.0052
1456974498205,992.00476
1456974498244,992.00476
1456974498266,992.00476
1456974498295,992.00476
1456974498344,992.00476
1456974498353,992.00476
1456974498383,992.00476
1456974498417,992.0138
1456974498474,992.0148
1456974498506,992.0148
1456974498538,992.0148
1456974498569,992.0148
1456974498600,992.0148
1456974498626,992.0148
1456974498665,992.0148
1456974498690,992.0232
1456974498715,992.0248
1456974498814,992.0248
1456974498814,992.0248
1456974498836,992.0248
1456974498864,992.0248
1456974498894,992.0248
1456974498928,992.01807
1456974498957,992.0148
1456974498985,992.0148
1456974499047,992.0248
1456974499077,992.0248
1456974499107,992.0248
1456974499137,992.0248
1456974499167,992.0248
1456974499200,992.0248
1456974499227,992.0248
1456974499257,992.0248
1456974499291,992.0248
1456974499361,992.0248
1456974499381,992.0248
1456974499405,992.0248
1456974499434,992.0248
1456974499466,992.0248
1456974499496,992.0248
1456974499529,992.0248
1456974499559,992.0248
1456974499617,992.0248
1456974499647,992.0248
1456974499681,992.0248
1456974499706,992.0248
1456974499739,992.0248
1456974499767,992.0248
1456974499797,992.0321
1456974499832,992.0348
1456974499862,992.0348
1456974499918,992.0348
1456974499947,992.0348
1456974499983,992.0348
1456974500016,992.0348
1456974500041,992.0292
1456974500072,992.0248
1456974500098,992.0248
1456974500128,992.0248
1456974500191,992.0248
1456974500223,992.0248
1456974500250,992.0248
1456974500277,992.0248
1456974500308,992.0248
1456974500338,992.0248
1456974500380,992.0248
1456974500402,992.0248
1456974500428,992.0248
1456974500492,992.0248
1456974500517,992.02686
1456974500551,992.0348
1456974500608,992.03033
1456974500610,992.0248
1456974500636,992.0248
1456974500669,992.0248
1456974500699,992.0248
1456974500756,992.0248
1456974500786,992.0248
1456974500817,992.0248
1456974500864,992.0286
1456974500877,992.0348
1456974500908,992.04095
1456974500939,992.04474
1456974500972,992.0362
1456974501011,992.0348
1456974501064,992.0348
1456974501088,992.0348
1456974501119,992.0348
1456974501157,992.0348
1456974501178,992.0348
1456974501214,992.0348
1456974501241,992.0348
1456974501269,992.0348
1456974501329,992.0348
1456974501367,992.0348
1456974501387,992.0348
1456974501417,992.0348
1456974501446,992.0348
1456974501479,992.0348
1456974501507,992.0348
1456974501541,992.0348
1456974501572,992.0348
1456974501637,992.0348
1456974501665,992.0348
1456974501694,992.0348
1456974501722,992.0348
1456974501750,992.0348
1456974501779,992.0348
1456974501809,992.0348
1456974501840,992.0348
1456974501910,992.0348
1456974501929,992.0348
1456974501959,992.0348
1456974501997,992.0348
1456974502023,992.0348
1456974502049,992.0348
1456974502085,992.0348
1456974502114,992.0348
1456974502140,992.0249
1456974502204,992.02576
1456974502233,992.0348
1456974502260,992.0314
1456974502292,992.0248
1456974502325,992.0248
1456974502350,992.0248
1456974502389,992.0248
1456974502413,992.0248
1456974502480,992.0248
1456974502503,992.0248
1456974502534,992.0248
1456974502566,992.0248
1456974502591,992.0299
1456974502624,992.0348
1456974502656,992.0272
1456974502679,992.0248
1456974502715,992.0248
1456974502770,992.0248
1456974502805,992.0248
1456974502835,992.0248
1456974502864,992.0248
1456974502907,992.0248
1456974502918,992.0248
1456974502948,992.0248
1456974502978,992.03406
1456974503041,992.0348
1456974503072,992.0348
1456974503103,992.0348
1456974503133,992.0348
1456974503163,992.0348
1456974503193,992.0348
1456974503219,992.0348
1456974503255,992.0348
1456974503285,992.0348
1456974503341,992.0348
1456974503390,992.0348
1456974503416,992.0348
1456974503431,992.03015
1456974503460,992.0248
1456974503495,992.0248
1456974503521,992.0248
1456974503555,992.0248
1456974503629,992.0248
1456974503639,992.0264
1456974503671,992.0348
1456974503702,992.0348
1456974503733,992.0348
1456974503759,992.0348
1456974503790,992.0348
1456974503820,992.0348
1456974503849,992.0348
1456974503910,992.0348
1456974503940,992.0348
1456974503979,992.0348
1456974504005,992.0348
1456974504036,992.02893
1456974504066,992.0248
1456974504091,992.0248
1456974504125,992.0248
1456974504186,992.0248
1456974504212,992.0248
1456974504242,992.0248
1456974504271,992.0248
1456974504305,992.0248
1456974504336,992.0248
1456974504365,992.0248
1456974504399,992.0248
1456974504421,992.0248
1456974504495,992.0259
1456974504512,992.0348
1456974504545,992.03125
1456974504573,992.0248
1456974504606,992.0248
1456974504635,992.0248
1456974504665,992.0248
1456974504697,992.0248
1456974504752,992.0248
1456974504782,992.0248
1456974504817,992.0248
1456974504845,992.0248
1456974504872,992.0248
1456974504916,992.0248
1456974504933,992.0171
1456974504960,992.0148
1456974505024,992.0148
1456974505051,992.0248
1456974505081,992.0224
1456974505113,992.0148
1456974505145,992.0148
1456974505175,992.0148
1456974505204,992.02185
1456974505232,992.0248
1456974505262,992.0153
1456974505323,992.0148
1456974505366,992.0148
1456974505388,992.0148
1456974505422,992.0148
1456974505443,992.0148
1456974505471,992.0148
1456974505502,992.0148
1456974505536,992.0148
1456974505594,992.0148
1456974505623,992.0148
1456974505655,992.0148
1456974505685,992.0148
1456974505715,992.0148
1456974505742,992.0148
1456974505773,992.0148
1456974505806,992.0148
1456974505836,992.0148
1456974505919,992.0148
1456974505923,992.0148
1456974505951,992.0148
1456974505982,992.0148
1456974506016,992.0148
1456974506042,992.0148
1456974506076,992.0148
1456974506106,992.0148
1456974506166,992.0148
1456974506192,992.0148
1456974506224,992.0148
1456974506253,992.0148
1456974506283,992.0148
1456974506314,992.0148
1456974506349,992.0148
1456974506374,992.0148
1456974506413,992.0148
1456974506464,992.0248
1456974506493,992.0248
1456974506524,992.0218
1456974506559,992.0148
1456974506587,992.0148
1456974506613,992.0148
1456974506668,992.0148
1456974506674,992.0148
1456974506737,992.0148
1456974506764,992.0148
1456974506795,992.0148
1456974506828,992.0148
1456974506858,992.0148
1456974506885,992.0148
1456974506928,992.0148
1456974506942,992.0148
1456974506972,992.0148
1456974507037,992.0148
1456974507067,992.0148
1456974507093,992.0148
1456974507127,992.0148
1456974507157,992.0148
1456974507187,992.0148
1456974507218,992.0148
1456974507244,992.0148
1456974507304,992.0148
1456974507333,992.0148
1456974507363,992.0123
1456974507394,992.00476
1456974507429,992.00476
1456974507454,992.00476
1456974507485,992.00476
1456974507515,992.00476
1456974507549,992.00476
1456974507605,992.00476
1456974507641,992.00476
1456974507666,992.00476
1456974507699,992.00476
1456974507726,992.00476
1456974507758,992.00476
1456974507785,992.00476
1456974507818,992.00476
1456974507900,992.00476
1456974507909,992.00476
1456974507949,992.00476
1456974507964,992.00476
1456974507994,992.00476
1456974508024,992.01074
1456974508056,992.0148
1456974508083,992.0148
1456974508118,992.0148
1456974508176,992.0148
1456974508210,992.0148
1456974508235,992.0148
1456974508265,992.019
1456974508299,992.0248
1456974508329,992.0248
1456974508356,992.0248
1456974508391,992.0248
1456974508449,992.0248
1456974508476,992.0248
1456974508506,992.0248
1456974508591,992.0248
1456974508592,992.0248
1456974508594,992.0248
1456974508624,992.0248
1456974508659,992.0248
1456974508688,992.0248
1456974508748,992.0248
1456974508774,992.0248
1456974508818,992.0248
1456974508837,992.0248
1456974508867,992.0248
1456974508897,992.0248
1456974508926,992.0248
1456974508959,992.0248
1456974509052,992.0248
1456974509052,992.0248
1456974509077,992.0248
1456974509109,992.0248
1456974509136,992.0248
1456974509169,992.0248
1456974509199,992.0248
1456974509230,992.0248
1456974509290,992.0248
1456974509316,992.0255
1456974509345,992.0348
1456974509378,992.0348
1456974509405,992.0348
1456974509435,992.0348
1456974509465,992.0348
1456974509495,992.0348
1456974509526,992.02576
1456974509585,992.0248
1456974509616,992.0248
1456974509651,992.0248
1456974509697,992.0248
1456974509708,992.0248
1456974509737,992.0248
1456974509767,992.0248
1456974509800,992.0248
1456974509827,992.0248
1456974509893,992.0248
1456974509917,992.0248
1456974509973,992.0248
1456974509982,992.0248
1456974510005,992.0248
1456974510036,992.0248
1456974510066,992.0248
1456974510097,992.0248
1456974510160,992.0248
1456974510187,992.0248
1456974510221,992.0248
1456974510251,992.0248
1456974510277,992.0248
1456974510311,992.0248
1456974510338,992.0248
1456974510373,992.0248
1456974510403,992.0248
1456974510459,992.0248
1456974510488,992.0248
1456974510516,992.0248
1456974510551,992.0248
1456974510581,992.0248
1456974510611,992.0248
1456974510641,992.0169
1456974510671,992.0148
1456974510729,992.0148
1456974510759,992.0148
1456974510796,992.0148
1456974510818,992.0148
1456974510848,992.0148
1456974510886,992.0148
1456974510908,992.0148
1456974510954,992.0148
1456974510984,992.0148
1456974511029,992.0148
1456974511063,992.0148
1456974511089,992.0148
1456974511127,992.0148
1456974511149,992.0148
1456974511182,992.0148
1456974511214,992.0148
1456974511242,992.0148
1456974511302,992.0148
1456974511329,992.0148
1456974511364,992.0174
1456974511395,992.0248
1456974511419,992.0248
1456974511464,992.0248
1456974511484,992.0248
1456974511509,992.0248
1456974511540,992.0248
1456974511603,992.02386
1456974511637,992.0148
1456974511660,992.0148
1456974511693,992.0148
1456974511720,992.0148
1456974511750,992.0148
1456974511779,992.0148
1456974511810,992.0148
1456974511872,992.0148
1456974511899,992.0148
1456974511929,992.01746
1456974511993,992.0248
1456974511994,992.0197
1456974512017,992.0148
1456974512048,992.0148
1456974512082,992.0148
1456974512111,992.0148
1456974512172,992.0148
1456974512203,992.0148
1456974512231,992.0148
1456974512270,992.0148
1456974512293,992.0148
1456974512320,992.0148
1456974512353,992.0148
1456974512386,992.0148
1456974512442,992.0148
1456974512470,992.01636
1456974512500,992.0248
1456974512555,992.0248
1456974512568,992.0248
1456974512588,992.01843
1456974512618,992.0148
1456974512650,992.0148
1456974512679,992.0148
1456974512741,992.0148
1456974512771,992.0148
1456974512799,992.0148
1456974512830,992.0148
1456974512866,992.0148
1456974512895,992.0148
1456974512920,992.0228
1456974512986,992.0248
1456974513011,992.0248
1456974513041,992.02313
1456974513074,992.0148
1456974513104,992.0148
1456974513136,992.0148
1456974513164,992.0148
1456974513191,992.0148
1456974513226,992.0148
1456974513251,992.0148
1456974513314,992.0148
1456974513341,992.0148
1456974513373,992.0148
1456974513401,992.0148
1456974513436,992.0148
1456974513465,992.0148
1456974513506,992.0148
1456974513519,992.0148
1456974513579,992.0248
1456974513609,992.0248
1456974513639,992.02185
1456974513673,992.0148
1456974513704,992.0148
1456974513733,992.0148
1456974513764,992.0148
1456974513817,992.0148
1456974513821,992.0148
1456974513881,992.0148
1456974513916,992.0148
1456974513944,992.0148
1456974513981,992.0148
1456974514022,992.0148
1456974514030,992.0077
1456974514059,992.00476
1456974514095,992.00476
1456974514154,992.0054
1456974514184,992.0148
1456974514214,992.0148
1456974514243,992.0148
1456974514274,992.0148
1456974514307,992.0148
1456974514332,992.0148
1456974514362,992.0059
1456974514422,992.00476
1456974514457,992.00476
1456974514492,992.00476
1456974514509,992.00476
1456974514540,992.0095
1456974514569,992.0148
1456974514603,992.0148
1456974514635,992.0148
1456974514664,992.0148
1456974514724,992.0148
1456974514751,992.0148
1456974514785,992.0148
1456974514812,992.0148
1456974514843,992.0148
1456974514878,992.0148
1456974514907,992.0148
1456974514935,992.0148
1456974514996,992.0148
1456974515023,992.0148
1456974515050,992.0148
1456974515081,992.0148
1456974515113,992.0148
1456974515143,992.0088
1456974515174,992.00476
1456974515206,992.00476
1456974515232,992.00476
1456974515294,992.00476
1456974515322,992.00476
1456974515352,992.00476
1456974515383,992.00476
1456974515416,992.00476
1456974515445,992.00476
1456974515472,992.00476
1456974515503,992.00476
1456974515562,992.00476
1456974515598,992.00476
1456974515628,992.00476
1456974515653,992.0084
1456974515688,992.0148
1456974515719,992.0148
1456974515743,992.0148
1456974515771,992.0148
1456974515802,992.0148
1456974515862,992.0148
1456974515891,992.0148
1456974515925,992.0148
1456974515953,992.0148
1456974516004,992.0148
1456974516012,992.0148
1456974516043,992.0148
1456974516073,992.0148
1456974516137,992.0248
1456974516168,992.0234
1456974516198,992.0148
1456974516227,992.0148
1456974516257,992.0148
1456974516284,992.0148
1456974516316,992.0148
1456974516343,992.0148
1456974516378,992.0244
1456974516438,992.0248
1456974516463,992.0248
1456974516503,992.0248
1456974516524,992.0248
1456974516553,992.0248
1456974516592,992.0248
1456974516619,992.0248
1456974516648,992.0157
1456974516703,992.0148
1456974516738,992.0148
1456974516767,992.0148
1456974516798,992.0148
1456974516824,992.0198
1456974516857,992.0248
1456974516887,992.0174
1456974516914,992.0148
1456974516949,992.0148
1456974517004,992.0148
1456974517036,992.0148
1456974517063,992.0148
1456974517098,992.0148
1456974517131,992.0148
1456974517158,992.0148
1456974517189,992.0148
1456974517214,992.0148
1456974517283,992.0148
1456974517309,992.0148
1456974517334,992.0148
1456974517367,992.0148
1456974517394,992.0148
1456974517424,992.0148
1456974517454,992.0148
1456974517503,992.0148
1456974517529,992.0148
1456974517574,992.0148
1456974517610,992.0148
1456974517638,992.0148
1456974517670,992.0148
1456974517698,992.0148
1456974517729,992.0148
1456974517758,992.0148
1456974517793,992.0148
1456974517853,992.0148
1456974517874,992.0148
1456974517908,992.0148
1456974517944,992.0148
1456974517964,992.0148
1456974518009,992.0148
1456974518030,992.0148
1456974518054,992.0148
1456974518084,992.0148
1456974518149,992.0148
1456974518182,992.0148
1456974518208,992.0148
1456974518236,992.0148
1456974518265,992.0148
1456974518299,992.0148
1456974518326,992.0148
1456974518355,992.0148
1456974518415,992.0148
1456974518450,992.0148
1456974518474,992.01764
1456974518510,992.0248
1456974518533,992.0248
1456974518563,992.0248
1456974518594,992.01715
1456974518628,992.0148
1456974518657,992.0148
1456974518714,992.0148
1456974518745,992.0148
1456974518775,992.0148
1456974518805,992.0148
1456974518847,992.0148
1456974518865,992.0148
1456974518896,992.0148
1456974518926,992.0148
1456974518985,992.0148
1456974519016,992.0148
1456974519043,992.0148
1456974519073,992.0148
1456974519104,992.0148
1456974519138,992.0148
1456974519168,992.0148
1456974519199,992.0148
1456974519228,992.0148
1456974519288,992.0148
1456974519313,992.0148
1456974519344,992.0148
1456974519374,992.0148
1456974519406,992.0148
1456974519438,992.02185
1456974519464,992.0248
1456974519500,992.0248
1456974519555,992.0248
1456974519587,992.0248
1456974519619,992.0248
1456974519650,992.0248
1456974519682,992.0248
1456974519709,992.0248
1456974519737,992.0248
1456974519769,992.0248
1456974519827,992.0248
1456974519857,992.0248
1456974519886,992.0272
1456974519921,992.0348
1456974519947,992.0348
1456974519976,992.0348
1456974520017,992.0348
1456974520044,992.0431
1456974520064,992.04474
1456974520125,992.04474
1456974520159,992.04474
1456974520186,992.04474
1456974520219,992.04474
1456974520249,992.04474
1456974520281,992.04474
1456974520307,992.04474
1456974520345,992.04474
1456974520396,992.04474
1456974520427,992.0434
1456974520460,992.0348
1456974520487,992.0348
1456974520559,992.0348
1456974520559,992.0348
1456974520574,992.0348
1456974520605,992.0348
1456974520639,992.0348
1456974520699,992.0348
1456974520726,992.0348
1456974520757,992.0316
1456974520786,992.0248
1456974520817,992.0248
1456974520848,992.0248
1456974520877,992.0248
1456974520907,992.0248
1456974520967,992.0248
1456974521000,992.0248
1456974521053,992.0248
1456974521055,992.0248
1456974521085,992.0248
1456974521115,992.0248
1456974521155,992.0248
1456974521175,992.0248
1456974521209,992.0248
1456974521271,992.0248
1456974521303,992.0248
1456974521333,992.0248
1456974521358,992.0248
1456974521387,992.0248
1456974521421,992.0248
1456974521448,992.0248
1456974521478,992.0248
1456974521541,992.0248
1456974521565,992.0248
1456974521596,992.0248
1456974521626,992.0248
1456974521660,992.0248
1456974521691,992.0248
1456974521720,992.0174
1456974521747,992.0148
1456974521793,992.0148
1456974521836,992.0148
1456974521866,992.0148
1456974521896,992.0148
1456974521926,992.01917
1456974521960,992.0248
1456974521987,992.018
1456974522018,992.0148
1456974522057,992.0148
1456974522108,992.0148
1456974522143,992.0148
1456974522176,992.0148
1456974522198,992.0109
1456974522234,992.00476
1456974522268,992.011
1456974522292,992.0148
1456974522323,992.0148
1456974522353,992.0148
1456974522411,992.0148
1456974522562,992.0148
1456974522563,992.0148
1456974522563,992.0148
1456974522563,992.0148
1456974522563,992.0148
1456974522588,992.0148
1456974522619,992.0148
1456974523098,992.00476
1456974523147,992.00476
1456974523179,992.00476
1456974523211,992.00476
1456974523239,992.00476
1456974523266,992.00476
1456974523304,992.00476
1456974523327,992.00476
1456974523387,992.00476
1456974523388,992.00476
1456974523450,992.00476
1456974523479,992.00476
1456974523514,992.00476
1456974523539,992.00476
1456974523575,992.00476
1456974523600,992.00476
1456974523629,992.00476
1456974523664,992.00476
1456974523725,992.00476
1456974523749,992.00476
1456974523782,992.00476
1456974523808,992.00476
1456974523854,992.00476
1456974523874,992.00476
1456974523900,992.00476
1456974523932,992.00476
1456974523963,992.00476
1456974524019,992.00476
1456974524049,992.00476
1456974524083,992.00476
1456974524110,992.00934
1456974524144,992.0148
1456974524171,992.0148
1456974524199,992.0148
1456974524235,992.0148
1456974524296,992.0143
1456974524323,992.00476
1456974524356,992.00476
1456974524378,992.00476
1456974524409,992.00476
1456974524444,992.00476
1456974524470,992.00476
1456974524503,991.99603
1456974524531,991.99475
1456974524591,991.99475
1456974524623,991.997
1456974524654,992.00476
1456974524684,992.00476
1456974524714,992.00476
1456974524741,992.0117
1456974524769,992.0148
1456974524805,992.0148
1456974524861,992.0148
1456974524888,992.0148
1456974524922,992.0148
1456974524952,992.0148
1456974524982,992.0148
1456974525012,992.0148
1456974525042,992.0148
1456974525073,992.0148
1456974525099,992.0148
1456974525160,992.0148
1456974525192,992.0148
1456974525226,992.0113
1456974525252,992.00476
1456974525285,992.00476
1456974525312,992.00476
1456974525342,992.00476
1456974525375,992.00476
1456974525432,992.00476
1456974525462,992.0065
1456974525495,992.0148
1456974525522,992.0107
1456974525552,992.00476
1456974525587,992.00476
1456974525612,992.00476
1456974525645,992.00476
1456974525672,992.00476
1456974525732,992.006
1456974525761,992.0148
1456974525796,992.0148
1456974525822,992.0148
1456974525855,992.0148
1456974525884,992.0148
1456974525910,992.0148
1456974525947,992.0148
1456974526006,992.01416
1456974526033,992.00476
1456974526065,992.00476
1456974526097,992.00476
1456974526122,992.00476
1456974526156,992.00476
1456974526183,992.00476
1456974526216,992.00476
1456974526276,992.00476
1456974526303,992.006
1456974526335,992.0148
1456974526371,992.0148
1456974526390,992.01
1456974526421,992.00476
1456974526449,992.0119
1456974526479,992.0148
1456974526509,992.0148
1456974526570,992.0148
1456974526600,992.0148
1456974526630,992.0148
1456974526660,992.0148
1456974526693,992.0148
1456974526728,992.0148
1456974526754,992.0148
1456974526788,992.0148
1456974526844,992.0148
1456974526871,992.0148
1456974526902,992.0172
1456974526937,992.0248
1456974526964,992.0248
1456974526996,992.0248
1456974527022,992.0248
1456974527062,992.0248
1456974527086,992.0248
1456974527146,992.0148
1456974527173,992.0148
1456974527204,992.0148
1456974527232,992.0148
1456974527262,992.0148
1456974527297,992.0148
1456974527323,992.0148
1456974527355,992.02374
1456974527413,992.0248
1456974527442,992.0248
1456974527523,992.0248
1456974527523,992.02106
1456974527531,992.0148
1456974527560,992.0148
1456974527591,992.0148
1456974527620,992.0148
1456974527651,992.0148
1456974527711,992.0148
1456974527742,992.0148
1456974527771,992.0148
1456974527804,992.0148
1456974527830,992.0148
1456974527861,992.0148
1456974527891,992.0148
1456974527921,992.0148
1456974527981,992.0148
1456974528011,992.0148
1456974528041,992.0148
1456974528071,992.0148
1456974528101,992.0148
1456974528131,992.00867
1456974528161,992.00476
1456974528191,992.00476
1456974528222,992.00476
1456974528282,992.00476
1456974528312,992.00476
1456974528342,992.00476
1456974528372,992.00476
1456974528404,992.01025
1456974528432,992.0148
1456974528462,992.0148
1456974528492,992.0148
1456974528552,992.0148
1456974528582,992.0148
1456974528612,992.0148
1456974528642,992.0148
1456974528672,992.0148
1456974528702,992.0148
1456974528732,992.0148
1456974528762,992.0148
1456974528792,992.02435
1456974528852,992.0248
1456974528882,992.0248
1456974528912,992.02167
1456974528942,992.0148
1456974528972,992.0148
1456974529002,992.0214
1456974529032,992.0248
1456974529062,992.0248
1456974529122,992.0248
1456974529152,992.0248
1456974529182,992.0248
1456974529213,992.0248
1456974529243,992.0199
1456974529272,992.0148
1456974529303,992.0148
1456974529333,992.0148
1456974529363,992.0148
1456974529423,992.0248
1456974529453,992.0248
1456974529483,992.0248
1456974529513,992.0248
1456974529543,992.0248
1456974529573,992.0248
1456974529603,992.0248
1456974529633,992.0248
1456974529693,992.0248
1456974529724,992.0248
1456974529753,992.0248
1456974529783,992.02844
1456974529813,992.0348
1456974529844,992.0348
1456974529874,992.0348
1456974529904,992.0348
1456974529934,992.0348
1456974529994,992.0348
1456974530024,992.0367
1456974530054,992.04474
1456974530084,992.04474
1456974530114,992.04474
1456974530144,992.04474
1456974530174,992.04474
1456974530204,992.04474
1456974530264,992.04474
1456974530294,992.0434
1456974530324,992.0348
1456974530354,992.0348
1456974530384,992.0348
1456974530414,992.0287
1456974530444,992.0248
1456974530474,992.0248
1456974530504,992.0248
1456974530577,992.0248
1456974530600,992.0248
1456974530630,992.0248
1456974530654,992.0248
1456974530688,992.0248
1456974530719,992.0248
1456974530744,992.0248
1456974530779,992.0248
1456974530837,992.0248
1456974530868,992.0248
1456974530897,992.0248
1456974530932,992.0248
1456974530957,992.0248
1456974530991,992.0248
1456974531019,992.0248
1456974531047,992.0248
1456974531081,992.01514
1456974531137,992.0148
1456974531170,992.0148
1456974531197,992.0148
1456974531226,992.0148
1456974531257,992.0148
1456974531291,992.0215
1456974531317,992.0248
1456974531352,992.0156
1456974531408,992.0148
1456974531436,992.0148
1456974531466,992.0148
1456974531502,992.0148
1456974531527,992.0148
1456974531561,992.0148
1456974531588,992.0148
1456974531617,992.0148
1456974531653,992.0148
1456974531714,992.0148
1456974531738,992.0148
1456974531772,992.0148
1456974531798,992.0148
1456974531828,992.0148
1456974531864,992.0148
1456974531888,992.0148
1456974531921,992.0056
1456974531978,992.00476
1456974532008,992.00476
1456974532037,992.00476
1456974532073,992.00476
1456974532099,992.00476
1456974532131,992.00476
1456974532157,992.00476
1456974532188,992.01337
1456974532224,992.0148
1456974532282,992.0148
1456974532308,992.0148
1456974532338,992.0148
1456974532368,992.0148
1456974532401,992.0091
1456974532432,992.00476
1456974532458,992.00476
1456974532488,992.00476
1456974532559,992.0148
1456974532577,992.0148
1456974532608,992.0148
1456974532639,992.0148
1456974532669,992.0148
1456974532702,992.0148
1456974532729,992.0223
1456974532756,992.0248
1456974532791,992.0248
1456974532846,992.0248
1456974532878,992.0248
1456974532914,992.0248
1456974532938,992.0248
1456974532969,992.0248
1456974533003,992.0248
1456974533028,992.0248
1456974533063,992.0248
1456974533122,992.0248
1456974533151,992.0248
1456974533178,992.0248
1456974533214,992.0248
1456974533237,992.0248
1456974533269,992.0248
1456974533301,992.0248
1456974533329,992.0248
1456974533364,992.01483
1456974533424,992.0148
1456974533452,992.0148
1456974533482,992.0148
1456974533508,992.0148
1456974533539,992.0148
1456974533575,992.0148
1456974533600,992.0148
1456974533633,992.0242
1456974533689,992.0248
1456974533719,992.0248
1456974533752,992.0248
1456974533783,992.0248
1456974533809,992.0301
1456974533855,992.0348
1456974533868,992.0348
1456974533899,992.0259
1456974533959,992.0248
1456974533993,992.0348
1456974534019,992.03235
1456974534049,992.0248
1456974534080,992.0248
1456974534112,992.0248
1456974534144,992.0248
1456974534188,992.0248
1456974534200,992.0248
1456974534263,992.0248
1456974534292,992.0248
1456974534326,992.0248
1456974534351,992.0248
1456974534383,992.0248
1456974534410,992.0248
1456974534439,992.0248
1456974534473,992.0248
1456974534530,992.02466
1456974534560,992.0148
1456974534588,992.0148
1456974534624,992.0148
1456974534652,992.0148
1456974534680,992.0148
1456974534715,992.0148
1456974534741,992.0148
1456974534775,992.0148
1456974534831,992.0148
1456974534858,992.0148
1456974534890,992.0148
1456974534924,992.0148
1456974534953,992.0148
1456974534980,992.0148
1456974535009,992.0148
1456974535045,992.0148
1456974535101,992.0248
1456974535136,992.0234
1456974535161,992.0148
1456974535193,992.0148
1456974535221,992.0148
1456974535250,992.0148
1456974535285,992.0148
1456974535310,992.0148
1456974535343,992.0148
1456974535404,992.0148
1456974535432,992.0148
1456974535461,992.01794
1456974535496,992.0248
1456974535521,992.0248
1456974535555,992.0248
1456974535582,992.01685
1456974535610,992.0148
1456974535671,992.0148
1456974535706,992.0148
1456974535732,992.0148
1456974535763,992.0148
1456974535791,992.0198
1456974535821,992.0248
1456974535856,992.0248
1456974535882,992.0248
1456974535912,992.0248
1456974535975,992.0248
1456974536002,992.0248
1456974536030,992.0248
1456974536063,992.0248
1456974536094,992.0248
1456974536124,992.0248
1456974536150,992.0248
1456974536182,992.0248
1456974536242,992.0248
1456974536276,992.0248
1456974536302,992.0248
1456974536335,992.0248
1456974536362,992.02985
1456974536390,992.0348
1456974536426,992.0348
1456974536452,992.0348
1456974536485,992.0348
1456974536546,992.0348
1456974536572,992.0348
1456974536602,992.0348
1456974536637,992.0348
1456974536662,992.0348
1456974536695,992.0348
1456974536723,992.0348
1456974536753,992.0348
1456974536811,992.0348
1456974536846,992.0348
1456974536874,992.0348
1456974536902,992.0348
1456974536934,992.0348
1456974536963,992.0348
1456974536997,992.0348
1456974537023,992.0348
1456974537056,992.0348
1456974537117,992.0348
1456974537143,992.0348
1456974537173,992.0348
1456974537207,992.0348
1456974537233,992.0348
1456974537266,992.0348
1456974537293,992.0348
1456974537324,992.0348
1456974537383,992.0348
1456974537417,992.0348
1456974537443,992.0348
1456974537476,992.0348
1456974537502,992.0348
1456974537533,992.0348
1456974537567,992.0348
1456974537595,992.0348
1456974537626,992.0348
1456974537683,992.0348
1456974537712,992.0348
1456974537742,992.0348
1456974537776,992.0348
1456974537802,992.0348
1456974537834,992.0348
1456974537862,992.0348
1456974537893,992.0348
1456974537953,992.0348
1456974537988,992.0348
1456974538015,992.0348
1456974538046,992.0348
1456974538075,992.04004
1456974538104,992.04474
1456974538138,992.0371
1456974538166,992.0348
1456974538197,992.0348
1456974538257,992.0348
1456974538284,992.0348
1456974538312,992.0348
1456974538347,992.0348
1456974538373,992.0348
1456974538407,992.0348
1456974538435,992.0348
1456974538464,992.0348
1456974538524,992.0341
1456974538558,992.0248
1456974538582,992.0248
1456974538613,992.0248
1456974538644,992.0248
1456974538672,992.0248
1456974538708,992.0248
1456974538733,992.0336
1456974538792,992.03467
1456974538823,992.0248
1456974538868,992.0248
1456974538883,992.0248
1456974538917,992.0248
1456974538943,992.0248
1456974538976,992.0248
1456974539003,992.0248
1456974539033,992.0248
1456974539096,992.0248
1456974539124,992.0248
1456974539157,992.0248
1456974539184,992.0248
1456974539214,992.0248
1456974539244,992.0248
1456974539279,992.0248
1456974539304,992.0248
1456974539364,992.0248
1456974539398,992.0248
1456974539423,992.0248
1456974539455,992.0248
1456974539485,992.0248
1456974539514,992.03076
1456974539548,992.0348
1456974539573,992.0348
1456974539605,992.0348
1456974539665,992.0348
1456974539695,992.0348
1456974539727,992.0348
1456974539754,992.0348
1456974539784,992.0348
1456974539815,992.0348
1456974539847,992.0426
1456974539874,992.04474
1456974539934,992.0348
1456974539967,992.0348
1456974539993,992.0348
1456974540027,992.0348
1456974540055,992.0348
1456974540087,992.0348
1456974540114,992.0348
1456974540143,992.0348
1456974540174,992.0348
1456974540234,992.0348
1456974540269,992.0348
1456974540295,992.0348
1456974540325,992.0348
1456974540355,992.0403
1456974540385,992.04474
1456974540415,992.0368
1456974540443,992.0348
1456974540506,992.0348
1456974540538,992.03625
1456974540567,992.04474
1456974540594,992.04474
1456974540631,992.04474
1456974540655,992.04474
1456974540685,992.04474
1456974540715,992.04474
1456974540744,992.04474
1456974540804,992.04474
1456974540836,992.04474
1456974540865,992.04474
1456974540895,992.04474
1456974540927,992.04474
1456974540954,992.04474
1456974540991,992.04474
1456974541015,992.05396
1456974541078,992.05475
1456974541105,992.05475
1456974541136,992.05475
1456974541165,992.05475
1456974541198,992.05475
1456974541225,992.05475
1456974541255,992.05475
1456974541285,992.05475
1456974541318,992.05475
1456974541376,992.05475
1456974541406,992.05475
1456974541435,992.05475
1456974541469,992.05475
1456974541495,992.05475
1456974541525,992.05475
1456974541556,992.05475
1456974541585,992.05475
1456974541645,992.05475
1456974541676,992.05475
1456974541705,992.05475
1456974541738,992.05475
1456974541766,992.05475
1456974541794,992.05475
1456974541829,992.05475
1456974541858,992.05475
1456974541886,992.05475
1456974541945,992.05475
1456974541981,992.05475
1456974542006,992.05475
1456974542038,992.05475
1456974542067,992.05475
1456974542096,992.05475
1456974542131,992.05475
1456974542156,992.05475
1456974542216,992.05475
1456974542246,992.05304
1456974542277,992.04474
1456974542309,992.04877
1456974542342,992.05475
1456974542365,992.04834
1456974542396,992.04474
1456974542425,992.04474
1456974542456,992.0547
1456974542519,992.05475
1456974542550,992.05475
1456974542576,992.05475
1456974542606,992.05475
1456974542636,992.05475
1456974542666,992.05475
1456974542700,992.05475
1456974542726,992.05475
1456974542786,992.05475
1456974542818,992.05475
1456974542846,992.05475
1456974542876,992.05475
1456974542912,992.05475
1456974542939,992.05475
1456974542967,992.05475
1456974542996,992.05475
1456974543027,992.05475
1456974543086,992.05475
1456974543122,992.05475
1456974543146,992.0512
1456974543180,992.04474
1456974543210,992.04474
1456974543236,992.04474
1456974543272,992.04474
1456974543297,992.04474
1456974543356,992.04474
1456974543387,992.04474
1456974543417,992.0477
1456974543447,992.05475
1456974543478,992.05475
1456974543505,992.05475
1456974543537,992.04706
1456974543567,992.04474
1456974543630,992.04474
1456974543657,992.04474
1456974543691,992.04474
1456974543717,992.04474
1456974543752,992.04474
1456974543777,992.04474
1456974543806,992.0519
1456974543842,992.05475
1456974543883,992.0453
1456974543927,992.04474
1456974543959,992.04474
1456974543988,992.04474
1456974544016,992.04474
1456974544051,992.04474
1456974544078,992.04474
1456974544112,992.04474
1456974544137,992.04474
1456974544199,992.0446
1456974544228,992.0348
1456974544263,992.0348
1456974544287,992.0348
1456974544318,992.0348
1456974544348,992.0348
1456974544378,992.0348
1456974544414,992.0348
1456974544437,992.0348
1456974544498,992.0348
1456974544533,992.0348
1456974544558,992.0348
1456974544588,992.03906
1456974544621,992.04474
1456974544649,992.0381
1456974544683,992.0348
1456974544708,992.0348
1456974544768,992.0348
1456974544797,992.0348
1456974544834,992.0348
1456974544857,992.03845
1456974544893,992.04474
1456974544919,992.0387
1456974544948,992.0348
1456974544985,992.0432
1456974545009,992.04474
1456974545067,992.0348
1456974545096,992.0348
1456974545130,992.0379
1456974545160,992.04474
1456974545191,992.03925
1456974545220,992.0348
1456974545251,992.0348
1456974545284,992.0348
1456974545339,992.04474
1456974545372,992.04474
1456974545404,992.04474
1456974545429,992.04474
1456974545463,992.04474
1456974545490,992.04474
1456974545518,992.04474
1456974545554,992.04474
1456974545579,992.04474
1456974545639,992.04474
1456974545673,992.04474
1456974545702,992.04474
1456974545733,992.04474
1456974545762,992.04474
1456974545789,992.04474
1456974545823,992.04474
1456974545852,992.04474
1456974545910,992.04504
1456974545939,992.05475
1456974545973,992.05475
1456974546000,992.05475
1456974546033,992.05475
1456974546060,992.05475
1456974546088,992.05475
1456974546125,992.05475
1456974546150,992.05475
1456974546210,992.05475
1456974546243,992.05475
1456974546273,992.05475
1456974546300,992.05475
1456974546335,992.05475
1456974546361,992.05475
1456974546394,992.05475
1456974546423,992.05475
1456974546480,992.05475
1456974546512,992.05475
1456974546544,992.05475
1456974546571,992.05475
1456974546605,992.05475
1456974546631,992.0485
1456974546662,992.04474
1456974546695,992.04474
1456974546724,992.04474
1456974546780,992.04474
1456974546810,992.04474
1456974546845,992.04474
1456974546873,992.0403
1456974546905,992.0348
1456974546928,992.0348
1456974546964,992.0348
1456974546994,992.0348
1456974547050,992.0348
1456974547083,992.0363
1456974547116,992.04474
1456974547141,992.04083
1456974547174,992.0348
1456974547203,992.0348
1456974547232,992.0348
1456974547266,992.0348
1456974547292,992.0348
1456974547353,992.0348
1456974547385,992.0348
1456974547413,992.0381
1456974547440,992.04474
1456974547475,992.04474
1456974547499,992.04474
1456974547535,992.04474
1456974547562,992.04474
1456974547623,992.0348
1456974547661,992.0348
1456974547686,992.0348
1456974547711,992.0348
1456974547742,992.0348
1456974547771,992.0348
1456974547801,992.04224
1456974547836,992.04474
1456974547861,992.04474
1456974547921,992.04474
1456974547955,992.04474
1456974547982,992.04474
1456974548014,992.04474
1456974548047,992.04474
1456974548071,992.04474
1456974548105,992.04474
1456974548132,992.04474
1456974548192,992.04474
1456974548223,992.04474
1456974548257,992.0476
1456974548282,992.05475
1456974548316,992.05475
1456974548342,992.05475
1456974548373,992.05475
1456974548407,992.05475
1456974548433,992.05475
1456974548492,992.05475
1456974548522,992.05475
1456974548552,992.05475
1456974548582,992.05475
1456974548617,992.05475
1456974548643,992.05475
1456974548676,992.05475
1456974548703,992.05475
1456974548763,992.05475
1456974548795,992.05475
1456974548822,992.05475
1456974548852,992.05475
1456974548896,992.05475
1456974548912,992.05475
1456974548942,992.05475
1456974548976,992.05475
1456974549002,992.05475
1456974549062,992.05475
1456974549093,992.05475
1456974549123,992.05475
1456974549152,992.05475
1456974549187,992.05475
1456974549215,992.05475
1456974549246,992.05475
1456974549274,992.05475
1456974549333,992.05475
1456974549365,992.05475
1456974549398,992.05475
1456974549424,992.05475
1456974549457,992.05475
1456974549484,992.05475
1456974549514,992.05475
1456974549546,992.05475
1456974549573,992.05475
1456974549633,992.05475
1456974549665,992.05475
1456974549692,992.05475
1456974549723,992.05475
1456974549758,992.05475
1456974549784,992.05475
1456974549817,992.05475
1456974549844,992.05475
1456974549903,992.04474
1456974549934,992.04474
1456974549968,992.04474
1456974549994,992.04474
1456974550027,992.04474
1456974550054,992.04474
1456974550083,992.04474
1456974550118,992.04474
1456974550177,992.04474
1456974550204,992.04474
1456974550237,992.04474
1456974550273,992.04474
1456974550294,992.04474
1456974550328,992.04474
1456974550356,992.0518
1456974550384,992.05475
1456974550414,992.05475
1456974550474,992.05475
1456974550504,992.05475
1456974550539,992.05475
1456974550565,992.05475
1456974550598,992.04944
1456974550624,992.04474
1456974550656,992.0524
1456974550685,992.05475
1456974550748,992.05475
1456974550772,992.05475
1456974550808,992.05475
1456974550834,992.05475
1456974550864,992.05475
1456974550899,992.05475
1456974550924,992.05475
1456974550959,992.05475
1456974550983,992.05475
1456974551045,992.05475
1456974551074,992.05475
1456974551105,992.05475
1456974551134,992.05475
1456974551164,992.05475
1456974551194,992.05475
1456974551223,992.05475
1456974551256,992.04584
1456974551314,992.04474
1456974551348,992.04474
1456974551375,992.04474
1456974551405,992.04474
1456974551436,992.04474
1456974551471,992.04474
1456974551495,992.04474
1456974551529,992.04474
1456974551554,992.04474
1456974551617,992.04474
1456974551646,992.04474
1456974551676,992.04474
1456974551706,992.0405
1456974551736,992.0348
1456974551764,992.0413
1456974551795,992.04474
1456974551825,992.04474
1456974551883,992.04474
1456974551913,992.046
1456974551943,992.05475
1456974551973,992.0511
1456974552003,992.04474
1456974552036,992.04474
1456974552063,992.04474
1456974552096,992.04474
1456974552124,992.04474
1456974552186,992.0348
1456974552214,992.0348
1456974552251,992.0348
1456974552275,992.0348
1456974552306,992.04016
1456974552336,992.04474
1456974552368,992.04474
1456974552399,992.04474
1456974552457,992.04474
1456974552486,992.04474
1456974552520,992.04474
1456974552545,992.04474
1456974552575,992.04956
1456974552609,992.05475
1456974552696,992.05475
1456974552696,992.05475
1456974552697,992.05475
1456974552753,992.05475
1456974552783,992.05475
1456974552817,992.0578
1456974552847,992.06476
1456974552874,992.06476
1456974552907,992.06476
1456974552935,992.06476
1456974552966,992.06476
1456974553027,992.0649
1456974553059,992.0747
1456974553087,992.0747
1456974553117,992.0747
1456974553146,992.0747
1456974553181,992.0747
1456974553210,992.0747
1456974553237,992.0747
1456974553269,992.0747
1456974553327,992.0747
1456974553357,992.0747
1456974553393,992.0747
1456974553416,992.07043
1456974553449,992.06476
1456974553476,992.06476
1456974553506,992.06476
1456974553544,992.0737
1456974553598,992.0746
1456974553627,992.06476
1456974553657,992.06476
1456974553687,992.06476
1456974553717,992.06476
1456974553754,992.06476
1456974553777,992.06476
1456974553808,992.05634
1456974553840,992.05475
1456974553917,992.05475
1456974553927,992.0528
1456974553963,992.04474
1456974553987,992.04474
1456974554017,992.04474
1456974554047,992.04474
1456974554078,992.04474
1456974554110,992.04474
1456974554167,992.0348
1456974554198,992.0348
1456974554233,992.0348
1456974554258,992.03107
1456974554288,992.0248
1456974554318,992.0248
1456974554348,992.0248
1456974554382,992.01636
1456974554407,992.0148
1456974554468,992.0148
1456974554502,992.0148
1456974554528,992.0116
1456974554558,992.00476
1456974554591,992.00476
1456974554618,992.00476
1456974554648,992.00476
1456974554766,992.00476
1456974554766,992.00476
1456974554767,992.00476
1456974554798,992.00476
1456974554826,992.00476
1456974554856,992.00476
1456974554886,992.00476
1456974554916,992.00476
1456974554946,992.00476
1456974554979,992.00476
1456974555037,992.00476
1456974555066,992.00476
1456974555097,992.00476
1456974555126,992.00476
1456974555156,992.00476
1456974555187,992.00476
1456974555217,992.00476
1456974555247,992.00476
1456974555307,992.00476
1456974555337,992.00476
1456974555367,992.0073
1456974555397,992.0148
1456974555427,992.0148
1456974555457,992.0148
1456974555487,992.0148
1456974555516,992.0148
1456974555546,992.0148
1456974555606,992.00476
1456974555637,992.00476
1456974555667,992.00476
1456974555697,992.00476
1456974555729,992.00476
1456974555757,992.00476
1456974555788,992.00476
1456974555819,992.00476
1456974555877,992.005
1456974555922,992.0148
1456974555979,992.0148
1456974555979,992.0148
1456974556001,992.0148
1456974556027,992.0148
1456974556058,992.0148
1456974556088,992.0148
1456974556118,992.0148
1456974556178,992.0148
1456974556208,992.0148
1456974556238,992.0148
1456974556269,992.0148
1456974556298,992.0148
1456974556328,992.0148
1456974556358,992.0148
1456974556393,992.0148
1456974556448,992.0148
1456974556478,992.0148
1456974556508,992.0148
1456974556538,992.0148
1456974556569,992.0148
1456974556598,992.0148
1456974556629,992.0148
1456974556658,992.0232
1456974556689,992.0248
1456974556749,992.0248
1456974556779,992.0248
1456974556809,992.0248
1456974556839,992.0248
1456974556869,992.0248
1456974556899,992.0248
1456974556929,992.0169
1456974556959,992.0148
1456974557020,992.0148
1456974557049,992.0148
1456974557079,992.0148
1456974557109,992.0148
1456974557139,992.0148
1456974557169,992.0148
1456974557199,992.02203
1456974557229,992.0248
1456974557260,992.0248
1456974557320,992.0248
1456974557349,992.0248
1456974557380,992.0248
1456974557409,992.0248
1456974557439,992.0248
1456974557469,992.0248
1456974557499,992.0248
1456974557530,992.0248
1456974557590,992.0248
1456974557620,992.0248
1456974557650,992.0248
1456974557680,992.0248
1456974557711,992.0248
1456974557740,992.0248
1456974557770,992.0248
1456974557803,992.0248
1456974557831,992.0248
1456974557891,992.0348
1456974557920,992.0348
1456974557953,992.0348
1456974557982,992.0348
1456974558010,992.0348
1456974558040,992.0348
1456974558070,992.0348
1456974558100,992.02563
1456974558160,992.0248
1456974558190,992.0248
1456974558220,992.0248
1456974558250,992.0248
1456974558280,992.0248
1456974558313,992.0248
1456974558340,992.0248
1456974558370,992.01624
1456974558401,992.0148
1456974558461,992.0248
1456974558491,992.0227
1456974558521,992.0148
1456974558551,992.0148
1456974558581,992.0148
1456974558611,992.0148
1456974558641,992.0148
1456974558671,992.0148
1456974558731,992.0148
1456974558761,992.0148
1456974558791,992.0148
1456974558821,992.0148
1456974558851,992.0148
1456974558883,992.0148
1456974558936,992.0148
1456974558941,992.0148
1456974558972,992.0148
1456974559031,992.0148
1456974559061,992.0148
1456974559091,992.018
1456974559121,992.0248
1456974559151,992.0248
1456974559181,992.0248
1456974559211,992.0248
1456974559241,992.0248
1456974559302,992.0248
1456974559332,992.0248
1456974559362,992.0221
1456974559392,992.0148
1456974559421,992.0198
