1581013712099,996.1311
1581013712151,996.13116
1581013712189,996.1312
1581013712227,996.1316
1581013712266,996.1318
1581013712304,996.13184
1581013712345,996.1322
1581013712381,996.1322
1581013712420,996.13245
1581013712458,996.1329
1581013712497,996.13293
1581013712536,996.13324
1581013712574,996.13354
1581013712611,996.1339
1581013712650,996.1369
1581013712688,996.1375
1581013712727,996.1382
1581013712767,996.1382
1581013712804,996.1395
1581013712842,996.14056
1581013712883,996.1416
1581013712919,996.1422
1581013712960,996.14264
1581013712999,996.14734
1581013713034,996.14777
1581013713072,996.15
1581013713112,996.15015
1581013713152,996.15076
1581013713190,996.1514
1581013713227,996.1521
1581013713266,996.1522
1581013713303,996.15247
1581013713342,996.15283
1581013713380,996.15314
1581013713419,996.1535
1581013713457,996.1537
1581013713496,996.1541
1581013713534,996.1541
1581013713572,996.1541
1581013713611,996.1541
1581013713649,996.1541
1581013713688,996.1541
1581013713726,996.1541
1581013713767,996.1541
1581013713803,996.1541
1581013713842,996.1541
1581013713880,996.1541
1581013713918,996.1541
1581013713960,996.1541
1581013713999,996.1541
1581013714034,996.1541
1581013714072,996.1541
1581013714111,996.1541
1581013714152,996.1541
1581013714188,996.1542
1581013714227,996.1542
1581013714268,996.1544
1581013714304,996.15454
1581013714343,996.1548
1581013714382,996.15515
1581013714418,996.1554
1581013714458,996.15546
1581013714496,996.1561
1581013714535,996.1565
1581013714574,996.1569
1581013714612,996.1569
1581013714652,996.1571
1581013714691,996.1571
1581013714727,996.1571
1581013714769,996.1571
1581013714804,996.1571
1581013714843,996.1571
1581013714883,996.1571
1581013714920,996.1571
1581013714958,996.1571
1581013714996,996.1571
1581013715036,996.1571
1581013715072,996.1571
1581013715112,996.1571
1581013715150,996.1571
1581013715189,996.1571
1581013715229,996.1571
1581013715267,996.1571
1581013715304,996.1571
1581013715342,996.1571
1581013715381,996.1571
1581013715420,996.1571
1581013715458,996.1571
1581013715496,996.1571
1581013715535,996.1571
1581013715573,996.1587
1581013715614,996.15906
1581013715649,996.1592
1581013715688,996.15967
1581013715727,996.16046
1581013715768,996.1605
1581013715804,996.1607
1581013715842,996.1614
1581013715882,996.1614
1581013715919,996.1615
1581013715979,996.162
1581013716012,996.16205
1581013716034,996.1622
1581013716073,996.16223
1581013716111,996.16254
1581013716152,996.16254
1581013716190,996.1632
1581013716227,996.1632
1581013716266,996.16394
1581013716304,996.16394
1581013716341,996.16406
1581013716380,996.1646
1581013716418,996.1649
1581013716457,996.1649
1581013716495,996.1649
1581013716536,996.16644
1581013716572,996.1677
1581013716610,996.1683
1581013716649,996.16833
1581013716688,996.1684
1581013716727,996.16907
1581013716764,996.16907
1581013716803,996.1693
1581013716841,996.17004
1581013716882,996.1708
1581013716919,996.1711
1581013716956,996.17114
1581013716996,996.1715
1581013717033,996.17285
1581013717072,996.17334
1581013717110,996.17346
1581013717150,996.174
1581013717188,996.1744
1581013717226,996.1745
1581013717264,996.17456
1581013717303,996.1752
1581013717341,996.17554
1581013717381,996.17554
1581013717418,996.1765
1581013717458,996.1765
1581013717496,996.17676
1581013717534,996.17676
1581013717573,996.1779
1581013717610,996.1779
1581013717649,996.1779
1581013717688,996.17786
1581013717726,996.17786
1581013717765,996.17786
1581013717802,996.17786
1581013717841,996.17786
1581013717886,996.17786
1581013717918,996.17786
1581013717968,996.17786
1581013718008,996.17786
1581013718033,996.17786
1581013718073,996.17786
1581013718111,996.17786
1581013718150,996.17786
1581013718188,996.17786
1581013718225,996.17786
1581013718264,996.17786
1581013718302,996.17786
1581013718341,996.17786
1581013718382,996.17786
1581013718419,996.17786
1581013718456,996.17786
1581013718498,996.17786
1581013718534,996.17786
1581013718572,996.17786
1581013718611,996.17786
1581013718648,996.17786
1581013718687,996.17786
1581013718726,996.17786
1581013718764,996.17786
1581013718803,996.17786
1581013718841,996.17786
1581013718879,996.17786
1581013718917,996.17786
1581013718956,996.17786
1581013718994,996.17786
1581013719033,996.17786
1581013719072,996.1765
1581013719111,996.1765
1581013719149,996.17615
1581013719187,996.17377
1581013719225,996.17377
1581013719263,996.17377
1581013719302,996.17377
1581013719341,996.17377
1581013719380,996.17377
1581013719418,996.17377
1581013719456,996.1736
1581013719494,996.1736
1581013719533,996.1736
1581013719571,996.1736
1581013719610,996.1736
1581013719651,996.1736
1581013719686,996.1736
1581013719725,996.1736
1581013719763,996.1736
1581013719802,996.1736
1581013719841,996.1736
1581013719881,996.1736
1581013719919,996.1736
1581013719958,996.1729
1581013719995,996.1729
1581013720034,996.1729
1581013720072,996.1729
1581013720110,996.1729
1581013720148,996.1729
1581013720186,996.1725
1581013720225,996.17206
1581013720264,996.1719
1581013720306,996.1719
1581013720341,996.1719
1581013720379,996.1719
1581013720417,996.1719
1581013720455,996.17163
1581013720494,996.17126
1581013720533,996.17017
1581013720574,996.17017
1581013720610,996.17017
1581013720648,996.17017
1581013720686,996.17017
1581013720725,996.17004
1581013720763,996.17004
1581013720802,996.17004
1581013720840,996.17004
1581013720879,996.17004
1581013720917,996.17017
1581013720955,996.17017
1581013720994,996.17017
1581013721032,996.17017
1581013721073,996.17017
1581013721110,996.17126
1581013721148,996.17145
1581013721186,996.17163
1581013721225,996.1719
1581013721263,996.1719
1581013721301,996.1719
1581013721340,996.1719
1581013721379,996.1719
1581013721417,996.1725
1581013721455,996.1729
1581013721494,996.1736
1581013721532,996.1742
1581013721571,996.1742
1581013721610,996.17426
1581013721649,996.17456
1581013721687,996.1753
1581013721725,996.1759
1581013721766,996.1759
1581013721803,996.1759
1581013721839,996.1763
1581013721878,996.1763
1581013721917,996.1763
1581013721960,996.1763
1581013721995,996.17633
1581013722032,996.177
1581013722071,996.178
1581013722109,996.178
1581013722147,996.178
1581013722187,996.178
1581013722224,996.178
1581013722263,996.178
1581013722302,996.17865
1581013722340,996.1803
1581013722378,996.182
1581013722429,996.1837
1581013722459,996.18713
1581013722494,996.18713
1581013722532,996.18884
1581013722571,996.1939
1581013722609,996.1946
1581013722647,996.1946
1581013722686,996.1946
1581013722724,996.19556
1581013722763,996.19556
1581013722803,996.1963
1581013722840,996.1963
1581013722879,996.1963
1581013722916,996.19666
1581013722955,996.19666
1581013722993,996.19727
1581013723032,996.19727
1581013723070,996.1973
1581013723109,996.1973
1581013723147,996.1973
1581013723185,996.198
1581013723224,996.198
1581013723263,996.198
1581013723301,996.198
1581013723340,996.19836
1581013723378,996.19836
1581013723416,996.19836
1581013723455,996.19836
1581013723494,996.19836
1581013723532,996.199
1581013723571,996.199
1581013723609,996.19904
1581013723647,996.1997
1581013723685,996.1997
1581013723724,996.2
1581013723762,996.2
1581013723803,996.2001
1581013723841,996.2007
1581013723878,996.20074
1581013723917,996.20074
1581013723955,996.20135
1581013723993,996.2017
1581013724031,996.20245
1581013724070,996.2034
1581013724109,996.2034
1581013724147,996.2034
1581013724186,996.20374
1581013724224,996.20374
1581013724262,996.20374
1581013724301,996.20374
1581013724339,996.20374
1581013724378,996.20374
1581013724416,996.20374
1581013724454,996.20374
1581013724493,996.20374
1581013724532,996.20374
1581013724571,996.20374
1581013724609,996.20374
1581013724647,996.20374
1581013724685,996.20374
1581013724724,996.20374
1581013724762,996.20374
1581013724801,996.20374
1581013724839,996.20374
1581013724878,996.20374
1581013724916,996.20374
1581013724955,996.20374
1581013724993,996.20374
1581013725039,996.20374
1581013725070,996.20374
1581013725110,996.20374
1581013725147,996.20374
1581013725185,996.20374
1581013725224,996.20374
1581013725262,996.20374
1581013725302,996.20374
1581013725339,996.20374
1581013725377,996.20374
1581013725416,996.20374
1581013725455,996.20374
1581013725493,996.20374
1581013725532,996.20374
1581013725570,996.20374
1581013725608,996.20374
1581013725647,996.20374
1581013725685,996.20374
1581013725724,996.202
1581013725763,996.1986
1581013725803,996.1973
1581013725839,996.19696
1581013725877,996.1956
1581013725916,996.19464
1581013725954,996.1946
1581013725993,996.1944
1581013726031,996.194
1581013726070,996.1939
1581013726108,996.1933
1581013726147,996.1933
1581013726185,996.1933
1581013726224,996.1933
1581013726269,996.1933
1581013726303,996.1933
1581013726339,996.19324
1581013726377,996.1932
1581013726416,996.1932
1581013726454,996.1932
1581013726492,996.1932
1581013726531,996.1932
1581013726569,996.1932
1581013726611,996.1932
1581013726647,996.1932
1581013726685,996.1932
1581013726724,996.1932
1581013726763,996.1932
1581013726800,996.1932
1581013726838,996.1932
1581013726877,996.1932
1581013726915,996.1932
1581013726955,996.1932
1581013726993,996.1932
1581013727032,996.1932
1581013727070,996.1932
1581013727108,996.1932
1581013727146,996.1932
1581013727185,996.1932
1581013727223,996.1932
1581013727262,996.1932
1581013727301,996.1932
1581013727339,996.1932
1581013727378,996.19324
1581013727416,996.19324
1581013727454,996.19324
1581013727493,996.19324
1581013727531,996.1933
1581013727570,996.1933
1581013727608,996.19336
1581013727648,996.19336
1581013727686,996.19336
1581013727724,996.1944
1581013727764,996.1944
1581013727800,996.19464
1581013727838,996.1947
1581013727877,996.19507
1581013727917,996.1951
1581013727957,996.19543
1581013727994,996.19543
1581013728031,996.19543
1581013728069,996.19543
1581013728107,996.19543
1581013728146,996.19543
1581013728184,996.19543
1581013728223,996.19543
1581013728262,996.19543
1581013728302,996.19543
1581013728338,996.19543
1581013728376,996.19543
1581013728415,996.19543
1581013728453,996.19543
1581013728493,996.19543
1581013728532,996.19543
1581013728569,996.19543
1581013728608,996.19543
1581013728646,996.19543
1581013728685,996.19543
1581013728723,996.19543
1581013728762,996.19543
1581013728800,996.19543
1581013728838,996.19543
1581013728877,996.19543
1581013728915,996.19543
1581013728958,996.19543
1581013728992,996.19543
1581013729031,996.19543
1581013729069,996.19543
1581013729107,996.19543
1581013729146,996.19543
1581013729184,996.19543
1581013729223,996.1951
1581013729262,996.19507
1581013729301,996.19507
1581013729338,996.19507
1581013729377,996.19507
1581013729417,996.19507
1581013729453,996.19336
1581013729492,996.19244
1581013729531,996.18976
1581013729570,996.1897
1581013729607,996.1891
1581013729646,996.187
1581013729685,996.18677
1581013729723,996.1864
1581013729761,996.1857
1581013729801,996.1844
1581013729838,996.18195
1581013729876,996.1793
1581013729917,996.17664
1581013729954,996.1759
1581013729995,996.1749
1581013730031,996.1749
1581013730069,996.17426
1581013730108,996.17426
1581013730145,996.17017
1581013730184,996.1698
1581013730226,996.16815
1581013730261,996.1668
1581013730300,996.16406
1581013730338,996.1638
1581013730376,996.1638
1581013730415,996.16345
1581013730453,996.1632
1581013730492,996.16284
1581013730531,996.1628
1581013730569,996.1627
1581013730607,996.16254
1581013730646,996.1621
1581013730684,996.16174
1581013730725,996.1607
1581013730762,996.1604
1581013730802,996.1604
1581013730838,996.1591
1581013730877,996.1564
1581013730915,996.15234
1581013730953,996.1513
1581013730991,996.15
1581013731031,996.149
1581013731069,996.14624
1581013731107,996.14557
1581013731145,996.14496
1581013731184,996.14325
1581013731223,996.1428
1581013731261,996.1426
1581013731299,996.1419
1581013731338,996.14087
1581013731376,996.1405
1581013731415,996.1402
1581013731456,996.1399
1581013731492,996.13983
1581013731531,996.1396
1581013731569,996.13947
1581013731608,996.13806
1581013731645,996.1379
1581013731685,996.1375
1581013731723,996.1374
1581013731761,996.1374
1581013731801,996.1371
1581013731838,996.1371
1581013731876,996.1371
1581013731915,996.1371
1581013731953,996.1371
1581013731994,996.1371
1581013732031,996.1371
1581013732068,996.1371
1581013732108,996.1371
1581013732147,996.1371
1581013732184,996.1371
1581013732223,996.1371
1581013732261,996.1371
1581013732301,996.1371
1581013732338,996.1371
1581013732378,996.1371
1581013732416,996.1371
1581013732454,996.1371
1581013732492,996.1371
1581013732532,996.1371
1581013732570,996.1371
1581013732607,996.1371
1581013732648,996.1371
1581013732684,996.1371
1581013732722,996.1371
1581013732764,996.1371
1581013732800,996.1371
1581013732840,996.1371
1581013732876,996.1371
1581013732916,996.1371
1581013732954,996.1371
1581013732993,996.1371
1581013733033,996.1371
1581013733068,996.1371
1581013733108,996.1371
1581013733146,996.1371
1581013733184,996.1371
1581013733223,996.1374
1581013733261,996.1374
1581013733301,996.1378
1581013733338,996.1378
1581013733377,996.1378
1581013733416,996.13806
1581013733453,996.14124
1581013733492,996.14185
1581013733530,996.1419
1581013733568,996.1419
1581013733609,996.1423
1581013733648,996.1423
1581013733685,996.1423
1581013733722,996.1423
1581013733763,996.1426
1581013733800,996.14294
1581013733837,996.1434
1581013733876,996.14355
1581013733915,996.1437
1581013733953,996.1437
1581013733992,996.1437
1581013734031,996.1437
1581013734071,996.1437
1581013734107,996.1437
1581013734144,996.1437
1581013734186,996.1437
1581013734222,996.1437
1581013734260,996.1437
1581013734299,996.1437
1581013734337,996.1437
1581013734376,996.1437
1581013734415,996.1437
1581013734453,996.1437
1581013734492,996.1437
1581013734529,996.1437
1581013734567,996.1437
1581013734606,996.1437
1581013734644,996.1437
1581013734683,996.1437
1581013734722,996.1437
1581013734761,996.1437
1581013734801,996.1437
1581013734837,996.1437
1581013734875,996.1437
1581013734914,996.1437
1581013734954,996.14374
1581013734991,996.1443
1581013735034,996.1443
1581013735068,996.1443
1581013735106,996.14374
1581013735145,996.14374
1581013735183,996.14374
1581013735221,996.14374
1581013735260,996.14435
1581013735301,996.14465
1581013735337,996.14465
1581013735375,996.1448
1581013735413,996.1454
1581013735452,996.1454
1581013735491,996.14545
1581013735529,996.14545
1581013735567,996.1454
1581013735607,996.1448
1581013735646,996.14435
1581013735683,996.1441
1581013735722,996.1441
1581013735762,996.14374
1581013735800,996.14374
1581013735837,996.14374
1581013735876,996.14374
1581013735921,996.14374
1581013735953,996.1437
1581013735992,996.1437
1581013736029,996.1437
1581013736069,996.1437
1581013736106,996.1434
1581013736145,996.14307
1581013736184,996.14307
1581013736222,996.14307
1581013736262,996.1427
1581013736300,996.14246
1581013736337,996.1421
1581013736375,996.1421
1581013736414,996.1421
1581013736452,996.1421
1581013736492,996.1421
1581013736530,996.1421
1581013736567,996.1421
1581013736607,996.1421
1581013736645,996.1421
1581013736685,996.1421
1581013736722,996.1421
1581013736760,996.1421
1581013736800,996.1421
1581013736837,996.1421
1581013736876,996.1421
1581013736914,996.1421
1581013736954,996.1421
1581013736991,996.1421
1581013737029,996.1421
1581013737068,996.14246
1581013737106,996.14307
1581013737144,996.14307
1581013737184,996.14307
1581013737222,996.14307
1581013737261,996.14307
1581013737302,996.14307
1581013737336,996.14307
1581013737376,996.14307
1581013737413,996.14307
1581013737452,996.14307
1581013737491,996.14307
1581013737530,996.14307
1581013737568,996.14307
1581013737606,996.14307
1581013737646,996.14307
1581013737685,996.14307
1581013737723,996.14307
1581013737761,996.14307
1581013737802,996.14307
1581013737836,996.14307
1581013737876,996.14307
1581013737914,996.14307
1581013737952,996.14307
1581013737991,996.14307
1581013738028,996.14246
1581013738067,996.1421
1581013738106,996.14136
1581013738145,996.14136
1581013738185,996.14136
1581013738223,996.14136
1581013738260,996.14136
1581013738298,996.14136
1581013738336,996.14136
1581013738376,996.14136
1581013738414,996.141
1581013738453,996.141
1581013738493,996.141
1581013738528,996.141
1581013738568,996.141
1581013738605,996.141
1581013738644,996.141
1581013738684,996.141
1581013738723,996.141
1581013738759,996.14136
1581013738799,996.14136
1581013738837,996.14136
1581013738875,996.14136
1581013738913,996.14136
1581013738952,996.14136
1581013738990,996.14136
1581013739029,996.14136
1581013739067,996.14136
1581013739106,996.14136
1581013739145,996.14136
1581013739183,996.14136
1581013739221,996.14136
1581013739259,996.14136
1581013739300,996.14136
1581013739336,996.14136
1581013739374,996.14136
1581013739416,996.14136
1581013739452,996.14136
1581013739491,996.14136
1581013739528,996.14136
1581013739567,996.14136
1581013739605,996.14136
1581013739645,996.14136
1581013739682,996.141
1581013739722,996.141
1581013739763,996.141
1581013739800,996.141
1581013739836,996.1407
1581013739875,996.1407
1581013739913,996.1407
1581013739952,996.13965
1581013739991,996.1393
1581013740029,996.1393
1581013740068,996.13904
1581013740106,996.13904
1581013740143,996.13904
1581013740182,996.13904
1581013740220,996.1387
1581013740259,996.1387
1581013740297,996.1387
1581013740335,996.13794
1581013740374,996.13794
1581013740412,996.13794
1581013740452,996.1373
1581013740491,996.13696
1581013740530,996.13696
1581013740566,996.13696
1581013740606,996.1363
1581013740645,996.1355
1581013740682,996.13416
1581013740720,996.13416
1581013740760,996.13416
1581013740797,996.13416
1581013740836,996.13403
1581013740874,996.13403
1581013740914,996.13403
1581013740953,996.13403
1581013740990,996.13403
1581013741028,996.13403
1581013741067,996.1338
1581013741107,996.1338
1581013741146,996.1338
1581013741182,996.1338
1581013741220,996.1338
1581013741261,996.1338
1581013741297,996.1338
1581013741336,996.1338
1581013741375,996.1338
1581013741414,996.1338
1581013741451,996.1338
1581013741495,996.1338
1581013741529,996.1338
1581013741568,996.1338
1581013741604,996.1338
1581013741644,996.1338
1581013741682,996.1338
1581013741721,996.1338
1581013741759,996.1338
1581013741797,996.1338
1581013741836,996.1338
1581013741874,996.1338
1581013741912,996.1338
1581013741952,996.1338
1581013741990,996.1338
1581013742029,996.1338
1581013742067,996.1338
1581013742106,996.1338
1581013742143,996.1338
1581013742181,996.1338
1581013742222,996.1338
1581013742259,996.1338
1581013742297,996.1334
1581013742336,996.1334
1581013742375,996.1334
1581013742412,996.1334
1581013742453,996.1334
1581013742490,996.1334
1581013742529,996.1334
1581013742568,996.1334
1581013742604,996.1334
1581013742643,996.1334
1581013742682,996.1334
1581013742721,996.13336
1581013742758,996.13336
1581013742797,996.13275
1581013742835,996.13275
1581013742874,996.13275
1581013742913,996.13275
1581013742952,996.13275
1581013742991,996.13275
1581013743028,996.13275
1581013743070,996.13275
1581013743104,996.13275
1581013743143,996.13275
1581013743182,996.13275
1581013743221,996.13275
1581013743258,996.13275
1581013743297,996.13275
1581013743335,996.13275
1581013743374,996.13275
1581013743412,996.1327
1581013743453,996.1327
1581013743490,996.1327
1581013743529,996.1324
1581013743567,996.1324
1581013743605,996.1323
1581013743644,996.1322
1581013743681,996.1322
1581013743720,996.1319
1581013743761,996.1319
1581013743798,996.1319
1581013743835,996.13153
1581013743873,996.13153
1581013743913,996.13153
1581013743951,996.1305
1581013743990,996.1299
1581013744029,996.1298
1581013744065,996.12915
1581013744105,996.1288
1581013744142,996.1281
1581013744183,996.1281
1581013744220,996.12744
1581013744259,996.12744
1581013744297,996.12744
1581013744338,996.1254
1581013744373,996.12537
1581013744413,996.12366
1581013744451,996.12366
1581013744490,996.12366
1581013744529,996.12366
1581013744567,996.12366
1581013744606,996.12366
1581013744642,996.12354
1581013744680,996.12354
1581013744719,996.12354
1581013744757,996.12354
1581013744796,996.12354
1581013744837,996.12354
1581013744873,996.12354
1581013744912,996.12354
1581013744950,996.12354
1581013744989,996.12354
1581013745027,996.12354
1581013745065,996.12354
1581013745104,996.12354
1581013745142,996.12354
1581013745181,996.12354
1581013745221,996.12354
1581013745258,996.12354
1581013745298,996.12354
1581013745334,996.12354
1581013745373,996.12354
1581013745416,996.12354
1581013745450,996.1231
1581013745488,996.1231
1581013745527,996.12305
1581013745565,996.12274
1581013745603,996.12274
1581013745643,996.12274
1581013745681,996.12274
1581013745721,996.1226
1581013745757,996.1226
1581013745796,996.1225
1581013745835,996.1225
1581013745873,996.1225
1581013745913,996.1225
1581013745950,996.1225
1581013745989,996.1225
1581013746030,996.1226
1581013746065,996.1226
1581013746105,996.12274
1581013746143,996.1231
1581013746181,996.1231
1581013746219,996.1231
1581013746258,996.1231
1581013746297,996.1231
1581013746334,996.12354
1581013746373,996.1238
1581013746414,996.1244
1581013746449,996.12476
1581013746491,996.12524
1581013746527,996.1254
1581013746568,996.1261
1581013746604,996.1269
1581013746643,996.1282
1581013746681,996.1284
1581013746721,996.1284
1581013746758,996.1289
1581013746797,996.1291
1581013746835,996.1292
1581013746873,996.1292
1581013746912,996.1293
1581013746952,996.12946
1581013746988,996.1295
1581013747028,996.12964
1581013747067,996.12964
1581013747105,996.1297
1581013747142,996.1299
1581013747181,996.1299
1581013747219,996.1299
1581013747257,996.1299
1581013747297,996.1299
1581013747336,996.1299
1581013747373,996.1299
1581013747412,996.1299
1581013747452,996.1299
1581013747488,996.1299
1581013747529,996.1299
1581013747565,996.1299
1581013747603,996.1299
1581013747642,996.1299
1581013747683,996.1299
1581013747718,996.1299
1581013747759,996.1299
1581013747798,996.1299
1581013747835,996.1299
1581013747872,996.1299
1581013747912,996.1301
1581013747950,996.1301
1581013747988,996.1301
1581013748028,996.1301
1581013748065,996.1301
1581013748104,996.1304
1581013748142,996.1304
1581013748181,996.1304
1581013748219,996.1304
1581013748258,996.1305
1581013748297,996.1305
1581013748336,996.1304
1581013748372,996.1304
1581013748412,996.1301
1581013748450,996.1301
1581013748487,996.1301
1581013748526,996.1301
1581013748567,996.1301
1581013748603,996.1301
1581013748643,996.1301
1581013748680,996.1301
1581013748720,996.1301
1581013748758,996.1301
1581013748798,996.1301
1581013748836,996.1301
1581013748872,996.1301
1581013748912,996.1299
1581013748952,996.1297
1581013748990,996.1297
1581013749027,996.1297
1581013749065,996.1295
1581013749104,996.1295
1581013749142,996.1295
1581013749180,996.1295
1581013749220,996.12823
1581013749257,996.1282
1581013749295,996.1278
1581013749336,996.12756
1581013749373,996.12744
1581013749413,996.1272
1581013749449,996.1272
1581013749487,996.1272
1581013749526,996.12695
1581013749564,996.12695
1581013749604,996.12695
1581013749642,996.1268
1581013749682,996.1266
1581013749720,996.1264
1581013749759,996.1264
1581013749795,996.1264
1581013749837,996.1264
1581013749872,996.1264
1581013749911,996.126
1581013749949,996.12585
1581013749989,996.12573
1581013750027,996.12524
1581013750065,996.12506
1581013750102,996.12494
1581013750143,996.1249
1581013750182,996.1249
1581013750220,996.1249
1581013750258,996.1249
1581013750296,996.1249
1581013750338,996.1249
1581013750372,996.1249
1581013750411,996.1249
1581013750449,996.1249
1581013750490,996.1249
1581013750526,996.1249
1581013750568,996.1249
1581013750605,996.1249
1581013750641,996.1249
1581013750682,996.1249
1581013750718,996.1249
1581013750756,996.1249
1581013750794,996.1249
1581013750834,996.12463
1581013750872,996.12463
1581013750911,996.12445
1581013750949,996.1244
1581013750989,996.1244
1581013751026,996.1244
1581013751064,996.1244
1581013751103,996.1244
1581013751141,996.1244
1581013751179,996.1244
1581013751218,996.1244
1581013751257,996.1244
1581013751296,996.1244
1581013751333,996.1244
1581013751372,996.1244
1581013751410,996.1244
1581013751448,996.1244
1581013751487,996.12445
1581013751527,996.12463
1581013751563,996.12463
1581013751603,996.12463
1581013751642,996.12476
1581013751681,996.12476
1581013751717,996.12476
1581013751759,996.12476
1581013751797,996.12476
1581013751835,996.1249
1581013751872,996.1249
1581013751914,996.1249
1581013751949,996.1249
1581013751988,996.1249
1581013752027,996.1249
1581013752063,996.12494
1581013752102,996.1251
1581013752140,996.1255
1581013752180,996.1255
1581013752219,996.12555
1581013752257,996.12573
1581013752295,996.126
1581013752335,996.12616
1581013752371,996.1266
1581013752410,996.1266
1581013752450,996.1266
1581013752488,996.1266
1581013752526,996.1266
1581013752565,996.1266
1581013752605,996.1266
1581013752641,996.1266
1581013752680,996.1266
1581013752720,996.1266
1581013752757,996.1266
1581013752796,996.12616
1581013752837,996.12616
1581013752872,996.12616
1581013752911,996.1266
1581013752948,996.1266
1581013752987,996.1266
1581013753027,996.12695
1581013753063,996.12756
1581013753102,996.1281
1581013753141,996.1281
1581013753179,996.1281
1581013753218,996.12823
1581013753256,996.12823
1581013753295,996.1283
1581013753333,996.12897
1581013753371,996.12915
1581013753409,996.12915
1581013753449,996.12915
1581013753488,996.12915
1581013753526,996.12915
1581013753563,996.12915
1581013753604,996.12915
1581013753641,996.12915
1581013753680,996.12915
1581013753718,996.12915
1581013753757,996.12915
1581013753794,996.12915
1581013753836,996.12915
1581013753871,996.12915
1581013753910,996.12915
1581013753949,996.12915
1581013753988,996.12915
1581013754027,996.12915
1581013754063,996.12915
1581013754102,996.12915
1581013754141,996.12915
1581013754179,996.12915
1581013754217,996.12897
1581013754256,996.12885
1581013754294,996.1283
1581013754334,996.1283
1581013754371,996.12823
1581013754410,996.1282
1581013754448,996.1282
1581013754487,996.1282
1581013754525,996.1278
1581013754566,996.1278
1581013754601,996.12775
1581013754640,996.12756
1581013754680,996.1274
1581013754718,996.1272
1581013754757,996.1272
1581013754794,996.12695
1581013754834,996.1269
1581013754871,996.1267
1581013754909,996.1267
1581013754947,996.1266
1581013754987,996.1266
1581013755025,996.1266
1581013755064,996.12646
1581013755103,996.12634
1581013755141,996.1261
1581013755178,996.1261
1581013755218,996.12604
1581013755255,996.12604
1581013755293,996.1259
1581013755336,996.1257
1581013755372,996.1257
1581013755410,996.1257
1581013755448,996.1257
1581013755485,996.1257
1581013755525,996.1257
1581013755565,996.1257
1581013755601,996.1257
1581013755641,996.1257
1581013755679,996.1257
1581013755719,996.1257
1581013755757,996.1259
1581013755793,996.1257
1581013755832,996.1257
1581013755871,996.1257
1581013755909,996.1257
1581013755947,996.1257
1581013755989,996.1257
1581013756026,996.1257
1581013756064,996.1257
1581013756103,996.1257
1581013756140,996.1257
1581013756178,996.1257
1581013756217,996.1257
1581013756257,996.1257
1581013756293,996.1257
1581013756333,996.1257
1581013756372,996.1257
1581013756409,996.1257
1581013756447,996.1257
1581013756487,996.1257
1581013756528,996.1257
1581013756563,996.1257
1581013756602,996.1257
1581013756641,996.1257
1581013756678,996.1257
1581013756718,996.1257
1581013756755,996.1257
1581013756794,996.1257
1581013756831,996.12585
1581013756870,996.12604
1581013756909,996.12604
1581013756948,996.12634
1581013756989,996.12646
1581013757025,996.1266
1581013757064,996.1267
1581013757102,996.1267
1581013757140,996.1269
1581013757177,996.1274
1581013757216,996.12756
1581013757254,996.12756
1581013757293,996.12756
1581013757331,996.12756
1581013757370,996.12775
1581013757408,996.1282
1581013757447,996.1282
1581013757486,996.12823
1581013757526,996.12885
1581013757564,996.1292
1581013757603,996.1299
1581013757641,996.12994
1581013757679,996.13055
1581013757716,996.13116
1581013757756,996.1312
1581013757796,996.1316
1581013757833,996.13184
1581013757871,996.1329
1581013757910,996.13293
1581013757948,996.13324
1581013757986,996.13354
1581013758024,996.1339
1581013758062,996.1346
1581013758103,996.1354
1581013758143,996.1354
1581013758177,996.1354
1581013758217,996.13556
1581013758255,996.13556
1581013758295,996.13556
1581013758332,996.1356
1581013758371,996.1356
1581013758408,996.1356
1581013758446,996.1356
1581013758486,996.1356
1581013758524,996.1356
1581013758564,996.1356
1581013758602,996.1356
1581013758640,996.1356
1581013758679,996.1356
1581013758718,996.1356
1581013758756,996.1356
1581013758794,996.1356
1581013758833,996.1356
1581013758869,996.1356
1581013758909,996.1356
1581013758947,996.1356
1581013758985,996.1356
1581013759025,996.1356
1581013759063,996.1356
1581013759103,996.1356
1581013759139,996.1356
1581013759177,996.1356
1581013759218,996.1356
1581013759254,996.1356
1581013759293,996.1356
1581013759331,996.1356
1581013759370,996.1356
1581013759408,996.1356
1581013759446,996.1356
1581013759487,996.1356
1581013759526,996.1356
1581013759562,996.1356
1581013759602,996.1356
1581013759639,996.1356
1581013759678,996.1356
1581013759716,996.13556
1581013759757,996.13556
1581013759795,996.1354
1581013759833,996.13495
1581013759870,996.13495
1581013759909,996.13434
1581013759947,996.1333
1581013759986,996.1333
1581013760023,996.13257
1581013760062,996.13257
1581013760100,996.1322
1581013760140,996.1305
1581013760177,996.1305
1581013760216,996.1299
1581013760254,996.1261
1581013760292,996.1261
1581013760333,996.1237
1581013760369,996.12335
1581013760408,996.1229
1581013760446,996.122
1581013760485,996.12164
1581013760524,996.12164
1581013760562,996.1216
1581013760602,996.1216
1581013760639,996.1212
1581013760677,996.1211
1581013760716,996.1211
1581013760754,996.121
1581013760792,996.121
1581013760832,996.121
1581013760869,996.121
1581013760907,996.121
1581013760947,996.121
1581013760986,996.121
1581013761025,996.121
1581013761062,996.121
1581013761102,996.121
1581013761140,996.121
1581013761177,996.1207
1581013761215,996.1207
1581013761254,996.12054
1581013761293,996.1205
1581013761333,996.1201
1581013761369,996.1201
1581013761408,996.11993
1581013761447,996.1199
1581013761486,996.1199
1581013761524,996.1197
1581013761562,996.1197
1581013761600,996.1197
1581013761639,996.1197
1581013761678,996.1197
1581013761716,996.1197
1581013761755,996.1197
1581013761793,996.1197
1581013761832,996.1197
1581013761869,996.1197
1581013761907,996.1197
1581013761946,996.1197
1581013761987,996.1197
1581013762023,996.1199
1581013762065,996.1199
1581013762101,996.1199
1581013762139,996.1201
1581013762178,996.1201
1581013762217,996.1203
1581013762253,996.1205
1581013762291,996.12054
1581013762332,996.12067
1581013762369,996.1207
1581013762408,996.1207
1581013762447,996.1211
1581013762484,996.1212
1581013762523,996.1214
1581013762561,996.1216
1581013762603,996.1218
1581013762640,996.1218
1581013762679,996.1218
1581013762715,996.122
1581013762755,996.122
1581013762792,996.122
1581013762831,996.1221
1581013762869,996.1221
1581013762907,996.1221
1581013762946,996.122
1581013762987,996.122
1581013763025,996.122
1581013763063,996.1221
1581013763101,996.1222
1581013763138,996.1222
1581013763177,996.1222
1581013763215,996.12244
1581013763253,996.12244
1581013763292,996.12244
1581013763332,996.12244
1581013763369,996.1228
1581013763409,996.1228
1581013763448,996.1228
1581013763485,996.1228
1581013763523,996.1228
1581013763561,996.1228
1581013763599,996.1228
1581013763640,996.1228
1581013763677,996.1228
1581013763715,996.1228
1581013763754,996.1228
1581013763792,996.1228
1581013763830,996.12244
1581013763868,996.12244
1581013763907,996.12244
1581013763945,996.12244
1581013763986,996.1222
1581013764023,996.1222
1581013764061,996.1221
1581013764100,996.122
1581013764137,996.1218
1581013764177,996.1218
1581013764216,996.1218
1581013764255,996.1218
1581013764295,996.1218
1581013764331,996.1218
1581013764369,996.1218
1581013764407,996.1218
1581013764445,996.1218
1581013764484,996.1218
1581013764523,996.1218
1581013764561,996.1218
1581013764601,996.1211
1581013764639,996.1211
1581013764677,996.1207
1581013764715,996.1207
1581013764755,996.1207
1581013764796,996.1207
1581013764830,996.1205
1581013764868,996.1205
1581013764908,996.12006
1581013764946,996.1194
1581013764985,996.119
1581013765025,996.1184
1581013765063,996.11835
1581013765101,996.11835
1581013765137,996.11835
1581013765176,996.1173
1581013765214,996.11694
1581013765253,996.11664
1581013765292,996.1162
1581013765330,996.1162
1581013765372,996.11584
1581013765406,996.1157
1581013765445,996.1157
1581013765483,996.1157
1581013765525,996.1157
1581013765563,996.1157
1581013765600,996.1157
1581013765638,996.1157
1581013765676,996.1157
1581013765717,996.1157
1581013765754,996.1157
1581013765792,996.1157
1581013765830,996.1157
1581013765872,996.1157
1581013765907,996.1157
1581013765945,996.1157
1581013765984,996.1157
1581013766023,996.1157
1581013766061,996.1157
1581013766098,996.1157
1581013766137,996.1157
1581013766177,996.1157
1581013766215,996.1157
1581013766253,996.1157
1581013766292,996.1157
1581013766330,996.1157
1581013766373,996.1157
1581013766406,996.1157
1581013766444,996.1157
1581013766483,996.1157
1581013766522,996.1157
1581013766561,996.1157
1581013766601,996.1157
1581013766638,996.1157
1581013766676,996.1157
1581013766715,996.11584
1581013766754,996.1162
1581013766792,996.1162
1581013766830,996.11694
1581013766868,996.11707
1581013766906,996.1173
1581013766944,996.1177
1581013766983,996.11804
1581013767022,996.1183
1581013767061,996.119
1581013767099,996.1194
1581013767137,996.11975
1581013767176,996.12
1581013767214,996.12006
1581013767253,996.1205
1581013767291,996.12067
1581013767329,996.12067
1581013767368,996.12067
1581013767406,996.1207
1581013767444,996.12103
1581013767484,996.12103
1581013767522,996.1211
1581013767561,996.12146
1581013767598,996.1224
1581013767637,996.1228
1581013767675,996.123
1581013767713,996.12335
1581013767753,996.12335
1581013767792,996.1238
1581013767829,996.1238
1581013767868,996.1238
1581013767906,996.1238
1581013767944,996.1244
1581013767982,996.1245
1581013768022,996.1251
1581013768061,996.1251
1581013768098,996.1251
1581013768137,996.1258
1581013768178,996.1262
1581013768214,996.12634
1581013768253,996.12634
1581013768291,996.12744
1581013768329,996.12805
1581013768371,996.1291
1581013768406,996.1308
1581013768445,996.131
1581013768483,996.131
1581013768522,996.1315
1581013768560,996.1315
1581013768598,996.1316
1581013768637,996.13165
1581013768675,996.13165
1581013768714,996.1321
1581013768753,996.1323
1581013768791,996.1327
1581013768829,996.13293
1581013768867,996.1333
1581013768906,996.1338
1581013768944,996.134
1581013768983,996.13416
1581013769021,996.1348
1581013769061,996.135
1581013769103,996.135
1581013769136,996.13544
1581013769175,996.13544
1581013769213,996.13544
1581013769252,996.1356
1581013769290,996.1357
1581013769330,996.13635
1581013769367,996.1365
1581013769406,996.1372
1581013769444,996.1373
1581013769483,996.1373
1581013769522,996.1378
1581013769559,996.1378
1581013769598,996.1382
1581013769636,996.1382
1581013769675,996.13837
1581013769714,996.13885
1581013769753,996.13885
1581013769791,996.139
1581013769829,996.139
1581013769869,996.1395
1581013769905,996.1395
1581013769944,996.1395
1581013769984,996.1395
1581013770021,996.1395
1581013770060,996.1395
1581013770098,996.1395
1581013770137,996.1395
1581013770174,996.1396
1581013770213,996.13965
1581013770251,996.13965
1581013770291,996.13965
1581013770328,996.1399
1581013770371,996.1399
1581013770405,996.1399
1581013770444,996.1399
1581013770482,996.1399
1581013770521,996.1399
1581013770558,996.1399
1581013770598,996.1399
1581013770637,996.14
1581013770676,996.14026
1581013770715,996.14026
1581013770754,996.14026
1581013770792,996.14026
1581013770829,996.14075
1581013770867,996.1409
1581013770906,996.1413
1581013770944,996.1413
1581013770983,996.1413
1581013771021,996.14136
1581013771060,996.14136
1581013771098,996.14136
1581013771136,996.1417
1581013771174,996.14197
1581013771213,996.14197
1581013771253,996.1424
1581013771291,996.14246
1581013771329,996.14404
1581013771367,996.14435
1581013771405,996.14435
1581013771443,996.1453
1581013771482,996.1454
1581013771520,996.14575
1581013771561,996.1464
1581013771599,996.1464
1581013771637,996.1464
1581013771675,996.1464
1581013771714,996.1464
1581013771753,996.1464
1581013771790,996.1464
1581013771828,996.1464
1581013771868,996.1464
1581013771907,996.1464
1581013771945,996.1464
1581013771983,996.1464
1581013772021,996.1464
1581013772059,996.1464
1581013772099,996.1464
1581013772136,996.1464
1581013772176,996.1464
1581013772213,996.1464
1581013772253,996.1464
1581013772290,996.1464
1581013772327,996.1464
1581013772367,996.1464
1581013772404,996.1462
1581013772443,996.1462
1581013772481,996.1455
1581013772520,996.1453
1581013772559,996.14514
1581013772597,996.1449
1581013772636,996.1449
1581013772673,996.1449
1581013772712,996.1449
1581013772750,996.1449
1581013772789,996.1449
1581013772827,996.1449
1581013772866,996.1449
1581013772905,996.1449
1581013772943,996.1449
1581013772981,996.1449
1581013773020,996.1449
1581013773058,996.1449
1581013773097,996.1449
1581013773136,996.1449
1581013773174,996.1449
1581013773213,996.1449
1581013773251,996.1449
1581013773289,996.1438
1581013773327,996.14343
1581013773366,996.1411
1581013773406,996.14105
1581013773444,996.13934
1581013773483,996.1377
1581013773523,996.136
1581013773560,996.1343
1581013773598,996.1343
1581013773636,996.1343
1581013773674,996.1322
1581013773713,996.1322
1581013773752,996.1305
1581013773790,996.1305
1581013773830,996.1305
1581013773866,996.1305
1581013773906,996.1288
1581013773944,996.1261
1581013773982,996.12476
1581013774020,996.1244
1581013774058,996.1244
1581013774098,996.1244
1581013774138,996.12305
1581013774176,996.12305
1581013774213,996.121
1581013774251,996.1203
1581013774290,996.1203
1581013774329,996.1186
1581013774367,996.1186
1581013774404,996.1161
1581013774443,996.1145
1581013774483,996.1144
1581013774522,996.1138
1581013774559,996.1137
1581013774598,996.1137
1581013774637,996.1137
1581013774675,996.11304
1581013774712,996.1128
1581013774750,996.1127
1581013774790,996.11206
1581013774828,996.11206
1581013774866,996.112
1581013774905,996.112
1581013774943,996.112
1581013774981,996.112
1581013775021,996.112
1581013775058,996.112
1581013775096,996.11115
1581013775138,996.11096
1581013775174,996.11096
1581013775212,996.11096
1581013775251,996.1107
1581013775289,996.11035
1581013775331,996.11035
1581013775367,996.1103
1581013775405,996.1103
1581013775445,996.1103
1581013775481,996.1103
1581013775519,996.1103
1581013775559,996.1103
1581013775596,996.1103
1581013775636,996.1103
1581013775674,996.1103
1581013775713,996.1103
1581013775751,996.1103
1581013775789,996.1103
1581013775828,996.1103
1581013775865,996.1103
1581013775905,996.1103
1581013775943,996.1103
1581013775981,996.1103
1581013776022,996.11035
1581013776059,996.11035
1581013776099,996.11035
1581013776139,996.1107
1581013776174,996.11096
1581013776214,996.11096
1581013776252,996.11096
1581013776290,996.11194
1581013776329,996.112
1581013776367,996.112
1581013776407,996.112
1581013776443,996.112
1581013776481,996.112
1581013776521,996.112
1581013776558,996.11206
1581013776596,996.11206
1581013776635,996.1127
1581013776675,996.1127
1581013776712,996.11304
1581013776751,996.1137
1581013776789,996.1137
1581013776827,996.1137
1581013776867,996.1138
1581013776904,996.1138
1581013776943,996.1139
1581013776981,996.1139
1581013777020,996.1139
1581013777058,996.1143
1581013777096,996.1144
1581013777135,996.1149
1581013777173,996.1149
1581013777211,996.1149
1581013777250,996.1149
1581013777289,996.1149
1581013777327,996.1149
1581013777366,996.1149
1581013777405,996.1149
1581013777442,996.11536
1581013777480,996.1156
1581013777519,996.1156
1581013777558,996.1156
1581013777597,996.116
1581013777636,996.1163
1581013777674,996.11664
1581013777711,996.11707
1581013777752,996.1173
1581013777792,996.1173
1581013777826,996.1177
1581013777865,996.1177
1581013777905,996.1177
1581013777942,996.1179
1581013777983,996.1179
1581013778020,996.1187
1581013778059,996.1194
1581013778097,996.1194
1581013778136,996.1194
1581013778174,996.1194
1581013778211,996.1194
1581013778251,996.1194
1581013778290,996.1194
1581013778327,996.1194
1581013778365,996.1194
1581013778404,996.1194
1581013778442,996.1194
1581013778481,996.1194
1581013778519,996.1194
1581013778559,996.1194
1581013778597,996.1194
1581013778634,996.1194
1581013778673,996.1194
1581013778711,996.1194
1581013778750,996.1194
1581013778788,996.1194
1581013778828,996.1194
1581013778868,996.1194
1581013778903,996.1194
1581013778942,996.1194
1581013778981,996.1185
1581013779019,996.1179
1581013779057,996.1179
1581013779095,996.1177
1581013779134,996.1177
1581013779172,996.1177
1581013779212,996.1173
1581013779250,996.1173
1581013779289,996.1172
1581013779327,996.1172
1581013779366,996.1172
1581013779403,996.1172
1581013779442,996.1172
1581013779481,996.1168
1581013779518,996.11664
1581013779558,996.1163
1581013779597,996.1156
1581013779635,996.1156
1581013779673,996.1156
1581013779711,996.1156
1581013779751,996.1156
1581013779789,996.1156
1581013779827,996.1157
1581013779865,996.1157
1581013779904,996.1163
1581013779942,996.11664
1581013779980,996.1168
1581013780022,996.1172
1581013780058,996.1172
1581013780098,996.1172
1581013780133,996.11743
1581013780172,996.11743
1581013780213,996.11743
1581013780250,996.11743
1581013780288,996.11743
1581013780327,996.11743
1581013780364,996.11743
1581013780402,996.1172
1581013780441,996.1172
1581013780481,996.1172
1581013780521,996.1168
1581013780557,996.1164
1581013780596,996.1164
1581013780635,996.1157
1581013780673,996.11554
1581013780712,996.11554
1581013780749,996.1151
1581013780790,996.1146
1581013780828,996.11444
1581013780866,996.11444
1581013780904,996.11444
1581013780941,996.11444
1581013780980,996.11444
1581013781018,996.11444
1581013781056,996.11444
1581013781096,996.11444
1581013781135,996.11444
1581013781172,996.11444
1581013781213,996.11444
1581013781249,996.11444
1581013781289,996.11444
1581013781327,996.11444
1581013781364,996.11444
1581013781403,996.11444
1581013781442,996.11444
1581013781481,996.11444
1581013781520,996.1146
1581013781556,996.1151
1581013781596,996.1157
1581013781634,996.11597
1581013781671,996.11633
1581013781711,996.1164
1581013781750,996.1164
1581013781788,996.1168
1581013781826,996.11694
1581013781866,996.11743
1581013781903,996.11743
1581013781942,996.11743
1581013781982,996.1177
1581013782018,996.11804
1581013782057,996.11847
1581013782096,996.11847
1581013782135,996.11847
1581013782172,996.11865
1581013782211,996.11914
1581013782249,996.1194
1581013782288,996.1201
1581013782327,996.12036
1581013782365,996.12085
1581013782402,996.12085
1581013782441,996.12085
1581013782480,996.12085
1581013782518,996.12103
1581013782557,996.1221
1581013782597,996.1221
1581013782633,996.1225
1581013782672,996.1254
1581013782710,996.12646
1581013782750,996.12714
1581013782788,996.1282
1581013782825,996.12885
1581013782864,996.13153
1581013782904,996.13324
1581013782941,996.13324
1581013782979,996.13495
1581013783019,996.1366
1581013783058,996.1366
1581013783096,996.1382
1581013783134,996.1383
1581013783172,996.13965
1581013783210,996.13965
1581013783248,996.1399
1581013783287,996.1399
1581013783325,996.1399
1581013783366,996.14
1581013783402,996.14
1581013783441,996.14
1581013783481,996.14
1581013783517,996.1402
1581013783558,996.1402
1581013783595,996.1402
1581013783633,996.1402
1581013783671,996.14026
1581013783711,996.14136
1581013783749,996.14154
1581013783788,996.1417
1581013783826,996.1417
1581013783864,996.1419
1581013783904,996.14197
1581013783942,996.14197
1581013783980,996.14233
1581013784018,996.1424
1581013784056,996.1425
1581013784094,996.1426
1581013784133,996.1432
1581013784172,996.1432
1581013784209,996.1432
1581013784248,996.1432
1581013784289,996.1432
1581013784325,996.1432
1581013784365,996.1432
1581013784402,996.1432
1581013784441,996.14325
1581013784479,996.14325
1581013784517,996.14325
1581013784557,996.1437
1581013784595,996.1438
1581013784633,996.1438
1581013784672,996.1438
1581013784710,996.14386
1581013784749,996.14404
1581013784787,996.14404
1581013784827,996.1442
1581013784864,996.1443
1581013784904,996.1443
1581013784940,996.1443
1581013784979,996.1443
1581013785017,996.1445
1581013785056,996.1445
1581013785094,996.1445
1581013785132,996.1445
1581013785173,996.14465
1581013785209,996.14465
1581013785249,996.14465
1581013785289,996.14496
1581013785327,996.14496
1581013785363,996.14465
1581013785406,996.14465
1581013785440,996.1445
1581013785481,996.1445
1581013785517,996.1444
1581013785555,996.1444
1581013785594,996.1444
1581013785632,996.1444
1581013785673,996.1443
1581013785712,996.1443
1581013785748,996.1443
1581013785789,996.1443
1581013785825,996.1443
1581013785864,996.1443
1581013785901,996.1444
1581013785941,996.1444
1581013785979,996.1444
1581013786018,996.1444
1581013786056,996.1445
1581013786094,996.1445
1581013786134,996.1445
1581013786171,996.1445
1581013786211,996.1445
1581013786249,996.1445
1581013786289,996.1445
1581013786325,996.1445
1581013786364,996.1445
1581013786401,996.1445
1581013786441,996.1444
1581013786479,996.1444
1581013786517,996.1444
1581013786556,996.1444
1581013786595,996.1444
1581013786633,996.1444
1581013786671,996.1444
1581013786710,996.1444
1581013786751,996.1444
1581013786786,996.1442
1581013786826,996.1442
1581013786865,996.1442
1581013786901,996.14404
1581013786940,996.14386
1581013786979,996.14386
1581013787017,996.1438
1581013787055,996.1438
1581013787095,996.14343
1581013787132,996.1433
1581013787172,996.1433
1581013787210,996.1433
1581013787248,996.1433
1581013787287,996.1433
1581013787324,996.1433
1581013787364,996.1433
1581013787400,996.1427
1581013787440,996.14233
1581013787478,996.14233
1581013787517,996.1419
1581013787556,996.1419
1581013787598,996.1419
1581013787635,996.1406
1581013787672,996.14056
1581013787711,996.14056
1581013787748,996.14056
1581013787787,996.14056
1581013787827,996.13995
1581013787863,996.13983
1581013787902,996.13983
1581013787941,996.13855
1581013787978,996.13824
1581013788016,996.1382
1581013788055,996.1382
1581013788095,996.1382
1581013788132,996.1382
1581013788175,996.13745
1581013788210,996.1365
1581013788247,996.1365
1581013788286,996.1358
1581013788327,996.13574
1581013788363,996.13574
1581013788401,996.13574
1581013788439,996.13574
1581013788478,996.13574
1581013788517,996.13574
1581013788555,996.13513
1581013788593,996.13513
1581013788633,996.1348
1581013788671,996.1348
1581013788711,996.13477
1581013788749,996.13245
1581013788786,996.13245
1581013788826,996.132
1581013788863,996.132
1581013788901,996.1303
1581013788940,996.1303
1581013788979,996.1303
1581013789017,996.13007
1581013789056,996.1262
1581013789094,996.1262
1581013789133,996.1262
1581013789172,996.12244
1581013789208,996.1208
1581013789249,996.1191
1581013789287,996.1191
1581013789326,996.1191
1581013789363,996.1133
1581013789400,996.1133
1581013789440,996.1126
1581013789478,996.1126
1581013789516,996.1126
1581013789556,996.11096
1581013789594,996.11096
1581013789632,996.11096
1581013789670,996.11096
1581013789710,996.11096
1581013789748,996.10925
1581013789785,996.1089
1581013789824,996.1072
1581013789863,996.10547
1581013789900,996.10547
1581013789939,996.10547
1581013789981,996.09973
1581013790018,996.09973
1581013790056,996.09973
1581013790094,996.09595
1581013790132,996.09595
1581013790171,996.09595
1581013790208,996.09595
1581013790248,996.09424
1581013790284,996.09424
1581013790326,996.09424
1581013790363,996.09186
1581013790401,996.09186
1581013790440,996.09186
1581013790478,996.09015
1581013790515,996.09015
1581013790554,996.09015
1581013790593,996.0864
1581013790632,996.0847
1581013790673,996.0847
1581013790709,996.0846
1581013790748,996.0846
1581013790785,996.0846
1581013790823,996.0846
1581013790862,996.084
1581013790900,996.084
1581013790938,996.084
1581013790977,996.084
1581013791016,996.084
1581013791054,996.084
1581013791092,996.084
1581013791131,996.084
1581013791170,996.084
1581013791207,996.084
1581013791246,996.084
1581013791285,996.0832
1581013791323,996.083
1581013791362,996.0829
1581013791400,996.0825
1581013791438,996.08234
1581013791478,996.08234
1581013791516,996.08234
1581013791554,996.08234
1581013791593,996.08234
1581013791631,996.08234
1581013791670,996.08234
1581013791708,996.08234
1581013791746,996.08234
1581013791785,996.08234
1581013791823,996.08234
1581013791863,996.08234
1581013791901,996.08234
1581013791939,996.08234
1581013791978,996.08234
1581013792017,996.08234
1581013792054,996.08234
1581013792094,996.08234
1581013792132,996.08234
1581013792172,996.08234
1581013792210,996.08234
1581013792247,996.08234
1581013792286,996.0825
1581013792323,996.0825
1581013792362,996.0825
1581013792402,996.0819
1581013792441,996.0819
1581013792477,996.0821
1581013792517,996.0821
1581013792555,996.0821
1581013792594,996.0821
1581013792633,996.0821
1581013792670,996.0821
1581013792708,996.0821
1581013792748,996.0821
1581013792786,996.0821
1581013792824,996.0821
1581013792863,996.0821
1581013792901,996.0821
1581013792939,996.0821
1581013792977,996.0821
1581013793015,996.0821
1581013793055,996.0821
1581013793093,996.0821
1581013793132,996.0821
1581013793169,996.0821
1581013793209,996.0825
1581013793247,996.0825
1581013793285,996.0827
1581013793324,996.0829
1581013793364,996.0832
1581013793402,996.0832
1581013793438,996.08374
1581013793478,996.08374
1581013793515,996.08374
1581013793555,996.08374
1581013793593,996.08374
1581013793632,996.08374
1581013793672,996.08374
1581013793708,996.08374
1581013793746,996.08374
1581013793785,996.08374
1581013793824,996.08374
1581013793864,996.08417
1581013793901,996.08417
1581013793939,996.08417
1581013793976,996.08417
1581013794016,996.08417
1581013794053,996.08417
1581013794091,996.08417
1581013794130,996.08417
1581013794170,996.085
1581013794207,996.085
1581013794246,996.0854
1581013794285,996.0854
1581013794324,996.0854
1581013794362,996.0858
1581013794400,996.08606
1581013794438,996.0867
1581013794477,996.08673
1581013794517,996.0872
1581013794554,996.0872
1581013794592,996.0872
1581013794630,996.0874
1581013794669,996.0874
1581013794709,996.0874
1581013794747,996.0874
1581013794785,996.0874
1581013794824,996.0874
1581013794863,996.0874
1581013794901,996.0874
1581013794938,996.0874
1581013794977,996.0874
1581013795016,996.0874
1581013795055,996.0874
1581013795092,996.0874
1581013795133,996.0874
1581013795169,996.0874
1581013795207,996.0874
1581013795245,996.0874
1581013795283,996.0874
1581013795322,996.0874
1581013795361,996.08777
1581013795400,996.08777
1581013795438,996.08777
1581013795476,996.08777
1581013795514,996.08777
1581013795553,996.08777
1581013795591,996.08777
1581013795630,996.08777
1581013795669,996.0884
1581013795707,996.08905
1581013795746,996.0894
1581013795784,996.0894
1581013795823,996.0894
1581013795861,996.0918
1581013795900,996.0918
1581013795937,996.0918
1581013795976,996.0918
1581013796015,996.0918
1581013796053,996.0918
1581013796092,996.09344
1581013796131,996.09515
1581013796168,996.09515
1581013796207,996.09515
1581013796245,996.0957
1581013796284,996.0958
1581013796322,996.0962
1581013796362,996.0968
1581013796400,996.09686
1581013796438,996.0974
1581013796476,996.0975
1581013796514,996.0975
1581013796554,996.0975
1581013796591,996.09784
1581013796629,996.09784
1581013796668,996.09784
1581013796707,996.09784
1581013796746,996.09784
1581013796783,996.09814
1581013796822,996.09814
1581013796861,996.0985
1581013796899,996.0985
1581013796937,996.0991
1581013796976,996.09985
1581013797015,996.09985
1581013797053,996.09985
1581013797092,996.1002
1581013797129,996.1002
1581013797169,996.1002
1581013797206,996.1008
1581013797246,996.1015
1581013797284,996.10187
1581013797322,996.10187
1581013797361,996.10254
1581013797399,996.1032
1581013797437,996.1036
1581013797476,996.1036
1581013797514,996.10425
1581013797552,996.1055
1581013797591,996.1062
1581013797631,996.10657
1581013797668,996.10724
1581013797707,996.10724
1581013797744,996.10724
1581013797783,996.1076
1581013797822,996.1076
1581013797860,996.10785
1581013797898,996.10785
1581013797937,996.10785
1581013797976,996.10785
1581013798015,996.10785
1581013798053,996.1083
1581013798091,996.1083
1581013798129,996.1083
1581013798168,996.1093
1581013798207,996.1093
1581013798246,996.1095
1581013798285,996.1095
1581013798323,996.1095
1581013798361,996.1095
1581013798398,996.1095
1581013798437,996.1095
1581013798475,996.1095
1581013798514,996.10956
1581013798552,996.1099
1581013798592,996.1099
1581013798630,996.1106
1581013798668,996.1112
1581013798707,996.1112
1581013798745,996.1112
1581013798783,996.1112
1581013798821,996.1112
1581013798861,996.1112
1581013798899,996.1129
1581013798937,996.1129
1581013798976,996.1129
1581013799014,996.1146
1581013799052,996.1146
1581013799092,996.1146
1581013799129,996.1146
1581013799169,996.115
1581013799207,996.115
1581013799245,996.115
1581013799285,996.115
1581013799324,996.115
1581013799360,996.1156
1581013799399,996.11566
1581013799437,996.1163
1581013799475,996.1163
1581013799514,996.1163
1581013799552,996.1163
1581013799592,996.11633
1581013799629,996.11664
1581013799668,996.11664
1581013799706,996.11664
1581013799744,996.11694
1581013799782,996.11694
1581013799822,996.1173
1581013799859,996.1173
1581013799899,996.1173
1581013799936,996.1173
1581013799975,996.1173
1581013800016,996.1173
1581013800054,996.1173
1581013800090,996.11755
1581013800128,996.11755
1581013800167,996.11755
1581013800206,996.11755
1581013800244,996.11755
1581013800283,996.11755
1581013800320,996.11755
1581013800360,996.11755
1581013800398,996.11755
1581013800436,996.1173
1581013800474,996.1173
1581013800513,996.1173
1581013800552,996.1173
1581013800590,996.1173
1581013800628,996.11694
1581013800667,996.11694
1581013800706,996.11694
1581013800744,996.11694
1581013800782,996.11694
1581013800822,996.11694
1581013800860,996.11694
1581013800898,996.11694
1581013800936,996.11694
1581013800974,996.11694
1581013801013,996.11694
1581013801051,996.11694
1581013801090,996.11694
1581013801128,996.11694
1581013801167,996.11694
1581013801206,996.11694
1581013801244,996.11694
1581013801283,996.1173
1581013801321,996.1173
1581013801359,996.1173
1581013801397,996.1173
1581013801436,996.1173
1581013801475,996.1173
1581013801513,996.1173
1581013801553,996.1173
1581013801590,996.11694
1581013801630,996.1173
1581013801667,996.1173
1581013801706,996.11755
1581013801746,996.11694
1581013801783,996.11694
1581013801821,996.11584
1581013801862,996.11584
1581013801901,996.11584
1581013801936,996.11584
1581013801974,996.11523
1581013802013,996.1145
1581013802052,996.1145
1581013802092,996.1145
1581013802131,996.1145
1581013802168,996.1145
1581013802208,996.1145
1581013802244,996.1145
1581013802282,996.1145
1581013802323,996.1145
1581013802360,996.1145
1581013802397,996.1145
1581013802437,996.1145
1581013802475,996.1145
1581013802513,996.1145
1581013802553,996.1145
1581013802591,996.1145
1581013802630,996.1145
1581013802667,996.1145
1581013802705,996.1145
1581013802746,996.1145
1581013802783,996.1145
1581013802821,996.1145
1581013802860,996.1145
1581013802898,996.1145
1581013802935,996.1145
1581013802975,996.1145
1581013803015,996.1145
1581013803051,996.1145
1581013803092,996.1145
1581013803130,996.1145
1581013803167,996.1145
1581013803206,996.1145
1581013803247,996.1145
1581013803282,996.1145
1581013803322,996.1145
1581013803361,996.1145
1581013803399,996.1145
1581013803436,996.11523
1581013803474,996.11523
1581013803516,996.11523
1581013803551,996.1145
1581013803592,996.1145
1581013803628,996.1145
1581013803666,996.1145
1581013803705,996.1145
1581013803744,996.1145
1581013803783,996.1145
1581013803822,996.1145
1581013803858,996.1145
1581013803897,996.1145
1581013803935,996.1145
1581013803976,996.1145
1581013804012,996.1145
1581013804052,996.1145
1581013804090,996.1145
1581013804130,996.1145
1581013804167,996.1145
1581013804205,996.1145
1581013804246,996.1145
1581013804282,996.11414
1581013804320,996.11414
1581013804360,996.11414
1581013804399,996.11414
1581013804437,996.11414
1581013804474,996.11414
1581013804514,996.11414
1581013804555,996.11414
1581013804590,996.1139
1581013804629,996.1139
1581013804668,996.1139
1581013804707,996.1139
1581013804745,996.1125
1581013804782,996.1125
1581013804820,996.1125
1581013804873,996.1125
1581013804897,996.1122
1581013804935,996.1118
1581013804975,996.1118
1581013805013,996.11053
1581013805050,996.1101
1581013805091,996.1101
1581013805128,996.1088
1581013805167,996.1054
1581013805204,996.1048
1581013805244,996.1048
1581013805283,996.1031
1581013805320,996.1031
1581013805359,996.10205
1581013805398,996.101
1581013805437,996.10034
1581013805473,996.09937
1581013805513,996.09937
1581013805551,996.09937
1581013805592,996.09937
1581013805630,996.09937
1581013805667,996.09937
1581013805705,996.09937
1581013805745,996.09937
1581013805782,996.09937
1581013805821,996.09863
1581013805861,996.09863
1581013805898,996.098
1581013805936,996.0977
1581013805974,996.0977
1581013806012,996.09766
1581013806053,996.09766
1581013806089,996.0969
1581013806127,996.0963
1581013806166,996.0963
1581013806205,996.09534
1581013806243,996.09534
1581013806282,996.0946
1581013806320,996.0946
1581013806358,996.0943
1581013806397,996.0936
1581013806435,996.0936
1581013806474,996.0936
1581013806512,996.0926
1581013806550,996.0926
1581013806589,996.0919
1581013806627,996.0919
1581013806667,996.0919
1581013806704,996.09094
1581013806742,996.09094
1581013806784,996.09094
1581013806821,996.0902
1581013806859,996.0902
1581013806898,996.0902
1581013806936,996.08954
1581013806973,996.08954
1581013807013,996.08923
1581013807050,996.08923
1581013807089,996.08923
1581013807127,996.08923
1581013807168,996.08923
1581013807207,996.08923
1581013807244,996.08923
1581013807287,996.08856
1581013807319,996.08856
1581013807360,996.0878
1581013807397,996.0875
1581013807435,996.08685
1581013807474,996.0862
1581013807512,996.0858
1581013807551,996.08514
1581013807589,996.08514
1581013807627,996.08514
1581013807667,996.08514
1581013807704,996.08514
1581013807743,996.0845
1581013807781,996.0841
1581013807821,996.0828
1581013807860,996.0828
1581013807897,996.0828
1581013807934,996.0828
1581013807974,996.08246
1581013808012,996.08246
1581013808052,996.08246
1581013808088,996.0811
1581013808127,996.0811
1581013808166,996.08075
1581013808204,996.08075
1581013808243,996.08075
1581013808281,996.07904
1581013808321,996.07904
1581013808359,996.0774
1581013808397,996.0774
1581013808436,996.0774
1581013808473,996.0757
1581013808514,996.07434
1581013808551,996.07434
1581013808589,996.07434
1581013808627,996.074
1581013808667,996.074
1581013808704,996.074
1581013808743,996.074
1581013808780,996.074
1581013808819,996.07227
1581013808857,996.07227
1581013808896,996.07227
1581013808937,996.07227
1581013808973,996.07227
1581013809013,996.07227
1581013809050,996.07227
1581013809090,996.07056
1581013809129,996.07056
1581013809165,996.0672
1581013809204,996.0672
1581013809245,996.0672
1581013809283,996.0672
1581013809320,996.0672
1581013809358,996.0655
1581013809397,996.0655
1581013809436,996.0638
1581013809473,996.06213
1581013809513,996.06213
1581013809550,996.06213
1581013809588,996.06213
1581013809627,996.06213
1581013809667,996.0604
1581013809704,996.0604
1581013809742,996.0604
1581013809782,996.0604
1581013809819,996.0604
1581013809858,996.0604
1581013809896,996.0604
1581013809935,996.0604
1581013809972,996.0604
1581013810013,996.0604
1581013810051,996.0604
1581013810090,996.0604
1581013810128,996.0604
1581013810165,996.0604
1581013810203,996.0604
1581013810244,996.0604
1581013810282,996.0604
1581013810322,996.0604
1581013810359,996.0604
1581013810398,996.0604
1581013810435,996.0604
1581013810474,996.0604
1581013810513,996.0604
1581013810550,996.0604
1581013810588,996.0604
1581013810627,996.0604
1581013810665,996.0604
1581013810705,996.0604
1581013810742,996.0604
1581013810780,996.0604
1581013810820,996.0604
1581013810857,996.0604
1581013810897,996.0604
1581013810934,996.0597
1581013810973,996.0597
1581013811012,996.0597
1581013811051,996.0597
1581013811088,996.0597
1581013811127,996.0597
1581013811166,996.0587
1581013811203,996.0574
1581013811243,996.0574
1581013811281,996.0574
1581013811318,996.0574
1581013811358,996.0574
1581013811400,996.0574
1581013811433,996.0574
1581013811472,996.0574
1581013811510,996.0574
1581013811549,996.0576
1581013811588,996.0576
1581013811626,996.058
1581013811666,996.058
1581013811704,996.0593
1581013811742,996.0593
1581013811781,996.0593
1581013811819,996.0593
1581013811858,996.0593
1581013811895,996.0593
1581013811935,996.0593
1581013811973,996.0593
1581013812011,996.0593
1581013812051,996.0593
1581013812089,996.0593
1581013812127,996.0593
1581013812166,996.0593
1581013812204,996.0597
1581013812241,996.0597
1581013812281,996.0597
1581013812320,996.0597
1581013812357,996.0597
1581013812395,996.0603
1581013812434,996.0603
1581013812472,996.0603
1581013812511,996.0607
1581013812552,996.0607
1581013812589,996.0607
1581013812626,996.061
1581013812666,996.0614
1581013812703,996.0614
1581013812741,996.0614
1581013812780,996.06244
1581013812820,996.06305
1581013812856,996.06537
1581013812897,996.06537
1581013812936,996.06537
1581013812972,996.06537
1581013813010,996.06537
1581013813052,996.06537
1581013813089,996.06537
1581013813125,996.06537
1581013813165,996.06537
1581013813202,996.06537
1581013813244,996.06537
1581013813281,996.06537
1581013813320,996.06537
1581013813357,996.06537
1581013813396,996.06537
1581013813433,996.06537
1581013813473,996.06537
1581013813510,996.06537
1581013813550,996.06537
1581013813587,996.06537
1581013813627,996.06537
1581013813665,996.06537
1581013813702,996.06537
1581013813744,996.06537
1581013813782,996.0661
1581013813820,996.0671
1581013813856,996.0671
1581013813897,996.06775
1581013813934,996.0688
1581013813971,996.06946
1581013814011,996.06946
1581013814048,996.0705
1581013814087,996.0705
1581013814127,996.07385
1581013814166,996.07556
1581013814204,996.0769
1581013814241,996.0773
1581013814280,996.0786
1581013814318,996.0789
1581013814356,996.0789
1581013814394,996.08026
1581013814434,996.08057
1581013814472,996.0813
1581013814510,996.0813
1581013814549,996.082
1581013814588,996.0823
1581013814625,996.083
1581013814664,996.083
1581013814703,996.083
1581013814741,996.0836
1581013814780,996.0837
1581013814820,996.084
1581013814857,996.084
1581013814895,996.084
1581013814935,996.084
1581013814971,996.0842
1581013815010,996.0842
1581013815049,996.0853
1581013815088,996.0853
1581013815129,996.0853
1581013815165,996.0853
1581013815203,996.0853
1581013815243,996.0853
1581013815279,996.0853
1581013815321,996.0857
1581013815356,996.0857
1581013815395,996.08594
1581013815434,996.08594
1581013815472,996.08594
1581013815510,996.08594
1581013815550,996.0863
1581013815587,996.0863
1581013815625,996.0863
1581013815663,996.0863
1581013815702,996.0863
1581013815743,996.0863
1581013815779,996.0863
1581013815817,996.08655
1581013815856,996.0869
1581013815895,996.0869
1581013815933,996.0869
1581013815971,996.0869
1581013816010,996.0869
1581013816048,996.08704
1581013816089,996.08704
1581013816125,996.08704
1581013816164,996.08704
1581013816202,996.08704
1581013816240,996.08704
1581013816279,996.08704
1581013816317,996.0874
1581013816357,996.0874
1581013816396,996.0874
1581013816436,996.08765
1581013816471,996.088
1581013816510,996.088
1581013816549,996.0886
1581013816586,996.0887
1581013816626,996.0887
1581013816664,996.0887
1581013816703,996.0887
1581013816743,996.0887
1581013816782,996.0887
1581013816819,996.0887
1581013816856,996.0887
1581013816895,996.0887
1581013816933,996.0887
1581013816972,996.0887
1581013817011,996.0887
1581013817051,996.08936
1581013817087,996.08936
1581013817127,996.08936
1581013817165,996.0887
1581013817205,996.0887
1581013817240,996.0887
1581013817278,996.0887
1581013817317,996.0886
1581013817357,996.0886
1581013817396,996.0886
1581013817433,996.0886
1581013817471,996.0886
1581013817509,996.0886
1581013817549,996.0886
1581013817586,996.0886
1581013817628,996.0886
1581013817664,996.0886
1581013817703,996.0882
1581013817741,996.088
1581013817780,996.088
1581013817817,996.088
1581013817857,996.088
1581013817896,996.08765
1581013817934,996.08765
1581013817971,996.08765
1581013818010,996.08765
1581013818048,996.08765
1581013818089,996.08765
1581013818124,996.08765
1581013818163,996.08765
1581013818202,996.0869
1581013818240,996.0869
1581013818279,996.0869
1581013818317,996.0869
1581013818355,996.0869
1581013818394,996.0869
1581013818432,996.0869
1581013818470,996.08655
1581013818509,996.08655
1581013818548,996.08655
1581013818586,996.08655
1581013818627,996.08655
1581013818665,996.08655
1581013818702,996.08655
1581013818740,996.08655
1581013818778,996.08655
1581013818817,996.08655
1581013818856,996.08606
1581013818896,996.0844
1581013818932,996.0844
1581013818971,996.0844
1581013819010,996.0844
1581013819049,996.0844
1581013819088,996.0844
1581013819124,996.0844
1581013819164,996.0844
1581013819202,996.0844
1581013819240,996.0844
1581013819279,996.0841
1581013819319,996.08374
1581013819355,996.08374
1581013819394,996.08374
1581013819432,996.08374
1581013819474,996.08374
1581013819509,996.08374
1581013819547,996.08374
1581013819586,996.08374
1581013819625,996.08374
1581013819663,996.08374
1581013819701,996.08374
1581013819740,996.08374
1581013819780,996.08374
1581013819818,996.08374
1581013819855,996.08374
1581013819895,996.08374
1581013819932,996.08374
1581013819972,996.08374
1581013820009,996.08374
1581013820048,996.08374
1581013820086,996.08374
1581013820124,996.08374
1581013820164,996.08374
1581013820202,996.08374
1581013820239,996.08374
1581013820278,996.08374
1581013820317,996.08374
1581013820355,996.08374
1581013820393,996.08374
1581013820431,996.08374
1581013820471,996.08374
1581013820508,996.0841
1581013820548,996.0844
1581013820586,996.0844
1581013820624,996.0844
1581013820663,996.0844
1581013820711,996.0844
1581013820739,996.085
1581013820778,996.085
1581013820818,996.085
1581013820855,996.0854
1581013820896,996.08606
1581013820932,996.08606
1581013820973,996.08606
1581013821008,996.08606
1581013821047,996.08606
1581013821085,996.08606
1581013821124,996.08606
1581013821163,996.08844
1581013821201,996.0894
1581013821241,996.0894
1581013821279,996.09076
1581013821319,996.0911
1581013821355,996.0918
1581013821396,996.0918
1581013821433,996.0924
1581013821469,996.0924
1581013821509,996.09247
1581013821547,996.09247
1581013821586,996.09247
1581013821625,996.09283
1581013821662,996.09344
1581013821701,996.0941
1581013821741,996.0941
1581013821777,996.0941
1581013821816,996.0941
1581013821855,996.0941
1581013821893,996.0941
1581013821931,996.0945
1581013821969,996.0945
1581013822023,996.09515
1581013822047,996.09576
1581013822085,996.09686
1581013822124,996.09686
1581013822163,996.09686
1581013822202,996.0975
1581013822239,996.0975
1581013822278,996.09784
1581013822315,996.09784
1581013822354,996.09784
1581013822395,996.09784
1581013822431,996.0985
1581013822470,996.0992
1581013822508,996.0992
1581013822546,996.09955
1581013822584,996.09955
1581013822623,996.0998
1581013822662,996.0998
1581013822700,996.0998
1581013822738,996.0998
1581013822778,996.0998
1581013822816,996.0998
1581013822853,996.0998
1581013822892,996.0998
1581013822931,996.0998
1581013822971,996.0998
1581013823008,996.0998
1581013823046,996.0998
1581013823085,996.0998
1581013823123,996.0998
1581013823162,996.0998
1581013823201,996.0998
1581013823238,996.0998
1581013823277,996.0998
1581013823316,996.0998
1581013823354,996.0998
1581013823394,996.0998
1581013823432,996.0998
1581013823469,996.0998
1581013823509,996.0998
1581013823546,996.09955
1581013823584,996.0992
1581013823624,996.0992
1581013823661,996.0991
1581013823713,996.09784
1581013823740,996.09784
1581013823780,996.09784
1581013823817,996.09784
1581013823856,996.0975
1581013823894,996.0975
1581013823932,996.0975
1581013823970,996.0975
1581013824008,996.0975
1581013824046,996.09576
1581013824084,996.09576
1581013824124,996.09576
1581013824162,996.0957
1581013824202,996.094
1581013824239,996.09235
1581013824277,996.09064
1581013824316,996.08966
1581013824355,996.08966
1581013824393,996.08215
1581013824434,996.0788
1581013824469,996.0737
1581013824507,996.0669
